2.2028999999999996
1.1157000000000001
1.7114
1.0041
0.9885
0.9882999999999998
0.9881
0.9787000000000001
0.9758
1.1351
1.1850999999999998
0.9845999999999999
1.0631
0.9742000000000001
0.9712
0.9681
0.9682999999999999
1.1831
1.0031
0.9597
0.9628
0.9633
0.9724
0.9676
0.9552999999999999
1.1474
1.2712
0.9978999999999999
1.0478
0.9713
0.964
0.9623
1.2004
1.0356
0.9606
0.9619
0.9592999999999999
0.9681
0.9578
0.9702
0.9872
1.1083
1.2187000000000001
0.9687
1.0389
0.9607
0.9600000000000001
1.2072
1.1900000000000002
1.1037
0.9552
0.9466
0.9443
0.9415
0.9355
0.9560000000000001
0.9349999999999999
1.0832000000000002
1.1396
0.9581000000000001
1.1264
0.9617
0.953
1.1153
0.9728
0.948
0.9441999999999999
0.9397
0.9504999999999999
0.9533
0.953
0.9597
0.9430000000000001
0.9456
1.3089
1.0385
0.9740000000000001
1.0183
0.9465
1.1302
0.9327
0.929
0.9354
0.9282
0.9372999999999999
0.9321
0.9351999999999999
0.9512
0.9319000000000001
0.9279
1.0662
1.0518
0.9412
0.93
1.2149
1.0327
0.9225
0.9017
0.9422
1.2827
0.8801
0.8777
0.9470000000000001
0.8777
0.8753
0.8684
0.8698
1.2355
0.8728
0.8573
0.8673
1.2707
0.9006
0.8573
0.8543
0.8564999999999999
0.8587999999999999
0.8635
0.8608
0.8642
0.9063
0.8628
0.8561000000000001
0.8529
0.8415
1.0224
0.8838
0.9790999999999999
0.9655
1.4215
1.4257
0.9562
0.8358
0.8624999999999999
0.8314
0.8645
0.8706
0.8319
0.8352
0.8316
0.8375
0.8396
0.9534
1.0392000000000001
0.8392999999999999
1.2151
0.8718
0.8352999999999999
0.8329
0.8269
0.8323999999999999
0.8369
0.8317
0.8344
1.0164
0.8503000000000001
0.8338
0.8307
0.8304
0.8363
0.8314
1.2650000000000001
0.8424
1.0771000000000002
0.8256
0.8306
0.8262
0.8269
0.8226
0.8287
0.8293
0.8309
0.8413999999999999
0.8355
0.8276
0.8350000000000001
0.8296
0.8328
0.8358
0.8381000000000001
1.1812
1.3
0.9391
0.8341000000000001
0.8299
0.8301
0.8254999999999999
0.828
0.8231
0.8241
0.8245
0.8203
0.8139
0.8216
0.8212
0.8276
0.8276
0.8279
0.8241
1.4919
0.853
0.8191999999999999
0.8151999999999999
0.8189
0.8202
0.8191999999999999
0.8189
0.8109000000000001
0.8129
0.8111
0.8065
0.8474
0.8141
0.8182
0.8125
0.8148
0.8071
0.8082
1.4551
0.8347
0.8082
0.8109000000000001
0.8101
0.8056
0.8087
0.8072
0.8046000000000001
0.8119
0.821
0.815
0.8151
0.8105
0.8089
0.8055
0.8177
0.8105
0.9165
1.0184
1.0013
0.8220000000000001
0.8168
0.8201
0.8233
0.8198
0.8146
0.8368
0.8135
0.8122
0.8115
0.8106
0.812
0.8177
1.1335
0.7993
0.7937000000000001
1.3973
1.0946
0.7908000000000001
0.7868
0.7868
0.7828
0.7784
0.7749
0.7777
1.113
0.7787000000000001
0.7778
0.7782
0.7836
0.7805000000000001
0.7792
0.7762
0.9259000000000001
0.8429000000000001
0.7796
0.7793
1.3121999999999998
0.7757000000000001
0.8239000000000001
0.7755000000000001
0.7747999999999999
0.8248
0.906
0.8614
0.7739999999999999
0.7834
0.7793
0.7818999999999999
0.8287
0.8015
0.8002
0.7808
0.8199000000000001
0.8402999999999999
0.7758
0.9333
1.1476
0.7837000000000001
0.7773
0.7757000000000001
0.7801
1.13
1.2278
1.2488
1.0388000000000002
0.9970999999999999
1.7773999999999999
0.8191
0.8214
0.8156
0.8161
0.8099
1.1302
0.8704999999999999
0.7928
0.7932
0.7908000000000001
1.4154
0.8513999999999999
0.7906000000000001
0.7964
0.7961999999999999
0.7950999999999999
0.7958999999999999
0.8122
0.8277
0.8227
0.8136
0.8139
1.1287
0.9299
1.0166000000000002
0.8205
0.8187
0.816
0.8132
0.8101999999999999
0.8238
0.8264
0.8593999999999999
0.8432
0.8429000000000001
0.8421000000000001
0.8474
0.842
0.8476
0.841
0.9752
0.8907999999999999
0.9416
1.287
0.8371999999999999
0.8377
0.8344
0.8373999999999999
0.8349
0.8406
0.8329
0.8379000000000001
0.8341000000000001
0.8318000000000001
0.8323
0.8336
0.8304
0.9257
1.292
0.8663
0.8352
1.276
0.8365
0.8344999999999999
0.8331000000000001
0.8327
0.8411
0.8338
0.8357
0.8394
0.8344999999999999
0.8351
0.8377
0.8326
0.8298
0.8264
1.5817999999999999
0.8633
0.9787000000000001
1.2537
0.8307
0.8333
0.829
0.8371999999999999
0.8397
0.8394
0.8418
0.8405
0.8400000000000001
0.8415
0.8386
0.8416
0.839
0.9801
0.8474
0.8421000000000001
0.8482000000000001
0.8444
1.1593
0.8415
0.8415
0.838
0.8388
0.8301
0.8391
0.8391
0.8419
0.8434999999999999
0.8471000000000001
0.8476999999999999
0.8516
0.9765
0.8763
0.8441
0.8452000000000001
0.8426
0.8437
1.1501000000000001
0.8484999999999999
0.8453999999999999
0.8481
0.8442999999999999
0.846
0.8463999999999999
0.8459
0.8499
0.8472
0.8503000000000001
0.8427
1.2308
0.9521
0.8461000000000001
0.8517
0.85
0.8466
1.2648
0.8796
0.8468
0.8436
0.8415
0.8432
0.8428
0.8445
0.8441
0.8521
0.8499
0.8491
1.0762
0.8467
0.8455
0.8423
0.8434
0.8427
0.8539
1.0703
0.8538
0.8376
0.8344
0.8379000000000001
0.8375
0.8333
0.8355
0.8373999999999999
0.8394
0.8367
1.5323
0.8603000000000001
0.846
0.8424
0.9307
0.848
0.8531
1.1176000000000001
0.8638
0.8487
0.8455
0.8436
0.8448
0.8422
0.8476999999999999
0.839
0.8378
0.9521
0.8344999999999999
0.8378
0.8339000000000001
0.8352
0.8363999999999999
0.8315
0.8306
0.8329
1.1469
1.0172
0.8376
0.8365999999999999
0.8361
0.8310000000000001
0.8335
0.8352999999999999
0.8344999999999999
1.1219
1.17
1.3190000000000002
0.8313
0.8310000000000001
0.8357
0.8342999999999999
0.8349
0.8468
1.1742000000000001
0.8319
0.83
0.8275
0.8334
0.8305
0.8346
0.8325
0.9559
0.9839
0.8233
0.8223
0.8201
0.8238
0.8273
0.8209
0.8199000000000001
0.8159000000000001
0.8288
1.0304
0.9322
0.8077
0.8035
0.8067000000000001
0.8076
0.8094
0.8068
1.2641
0.9476
0.8191999999999999
0.8143
0.812
0.8073
0.8103
0.8136
0.8180000000000001
0.8297
0.8169
1.1440000000000001
0.8182
0.8172
0.8129
0.8172999999999999
0.8162
0.8157000000000001
0.9420000000000001
0.8193
0.8225
0.8231
0.823
0.8199000000000001
0.8231999999999999
0.8214
0.8191999999999999
0.823
0.8788999999999999
0.8214
0.9219999999999999
1.0149
0.8179
0.8130999999999999
0.8165
0.8156
0.8166
1.1536
0.834
0.8140000000000001
0.8194
0.8220999999999999
0.8168
0.821
0.8251000000000001
0.9055
0.8369
0.8217
0.8252999999999999
1.0058
0.9702
0.8218
0.8265
0.8225
0.8215
0.9956999999999999
0.848
0.8204
0.824
0.8209
0.8231
0.8167
0.8224
0.8205
0.8269
0.8216
0.8218
0.8198
0.8196
1.3979000000000001
0.8256
0.8295
0.8298
1.5357
0.8989999999999999
0.8299
0.8281000000000001
0.8301
0.8297
0.8293
0.8257
0.8262
0.8295
0.8278
0.8235
0.8265
0.8267
1.3013000000000001
0.8252
0.8266
0.8252
1.234
0.866
0.8262
0.8285
0.8260000000000001
0.8201
0.8174
0.8172
0.8212
0.8212
0.8162
0.8191999999999999
0.819
0.8186
0.8187
1.2201
0.8231
0.8189
1.4579
0.9485
0.8170999999999999
0.8188
0.8164
0.8176
0.8077
0.8082
0.8120999999999999
0.9367
0.8129
0.8088000000000001
0.8130999999999999
0.8130000000000001
0.8143
0.9844
0.8835
0.8095
0.8238
0.8141
0.8109000000000001
0.8136
0.8120999999999999
0.8108
0.8132
0.8141
0.812
0.9118
1.0584
0.828
0.8168
0.812
0.8164
0.8198
1.0816999999999999
0.8203
0.9193
0.8180999999999999
0.8197
0.8223
0.8219
0.8271
0.8227
0.8264
0.8302
0.8347
0.8271
0.832
0.9104
0.8283
0.8272
0.8285
0.8268000000000001
0.9407000000000001
1.2019000000000002
0.8801
0.8350000000000001
0.8313
0.8266
0.8273
0.8223
0.8241999999999999
0.8215
0.8267
0.8217
0.8166
0.8203
0.8193
0.8196
0.8141999999999999
0.8157000000000001
0.8130999999999999
0.8191999999999999
1.2098
0.8878
0.8878999999999999
0.8845
0.8875000000000001
0.8914
0.9921000000000001
0.8913
0.9001
0.8675
0.8244
0.8291999999999999
0.8274
0.8252
0.8248
0.8270000000000001
0.8241999999999999
0.8273
1.6199000000000001
0.9751
0.8272
0.8261
0.8239000000000001
0.8220999999999999
0.8265
0.8251000000000001
0.8417
0.825
0.8246
0.825
0.8246
0.8245
0.8275
0.8225
0.8259
0.8275
1.7053
1.1765
0.8489
0.8489
0.8442000000000001
0.8463999999999999
0.8498
0.85
0.8597
0.8461000000000001
0.8473
0.8461000000000001
0.8571
0.8194
0.8233
0.8227
0.8239000000000001
0.9548
0.8238
1.1527
0.8212999999999999
0.8205
0.8177
0.8176
0.8125
0.8140000000000001
0.8315
0.8155
0.8148
0.8132
0.8085
0.8137
0.8109999999999999
0.8135
0.8101
0.8069999999999999
1.2626
0.8523
1.0690000000000002
0.9933
0.8059999999999999
0.8064
0.8042
0.8047
0.8237
0.8118
0.8136
0.8099999999999999
0.8101
0.8093
0.8072
0.8838
0.8032
0.8084
1.1318000000000001
1.0278
0.8105
1.1838
0.8058
0.8028
0.804
0.7988999999999999
0.8004
0.8098
0.7994
0.796
0.794
0.7936
0.7986
0.7958999999999999
0.7963
0.7993
0.8018
1.1167
0.8220999999999999
0.8008
0.8815999999999999
1.0068
0.7961
0.7947
0.7924
0.7957
0.8059000000000001
0.7968
0.7976
0.7984
0.7998999999999999
0.9528
0.8011999999999999
0.8028
0.7990999999999999
0.8978
0.8021
0.8013
0.8037
0.8029
0.9039999999999999
1.0574
0.8082
0.8087
0.8462
0.8180000000000001
0.8069000000000001
0.8039
0.8054
0.8040999999999999
0.8076
0.8077
0.8125
0.8074
1.1898
0.8672000000000001
0.8151
0.8086
0.8087
1.1386
0.8103
0.8074
0.8127
0.805
0.8040999999999999
0.8087
0.8047
0.8051
0.8067000000000001
0.8051999999999999
0.8028
0.7984
1.1073000000000002
1.059
0.8034
0.8039
0.8091
0.8120999999999999
0.9312
1.0978999999999999
0.8072
0.9091
0.8044
0.8056
0.804
0.808
0.8099
0.8069000000000001
0.8059000000000001
0.8079
0.8174
0.8048000000000001
0.7992
0.8037
0.7993
0.8015
0.8009000000000001
0.8003
1.0024000000000002
0.7998999999999999
1.3882
0.8612
0.7994
0.8001
0.8003
0.8044
0.8016
0.8872
0.7988
0.8963000000000001
0.7968
0.7975
0.8023
0.7993
0.8056
0.8008
0.8057
1.0058
0.9216
0.8022
0.8051
0.8056
0.8076
0.8067000000000001
0.8028
0.8101
0.8137
0.8156
2.8292
0.8378
0.8337
0.8301
0.8315
0.8275
0.9157
1.1187
0.8076
0.8069999999999999
0.8068
0.8036
0.8048000000000001
0.803
0.8063
0.8064
1.0065
1.1502999999999999
0.8079
0.9671000000000001
0.8072
0.805
0.8045
0.8087
0.8032
0.9005000000000001
0.9305
0.8022
0.8035
0.8029
0.8036
0.8025
0.8021
0.7998999999999999
0.8038000000000001
0.9233
0.8028
0.8007
0.8007
0.8040999999999999
0.8038000000000001
0.8025
0.8061
0.8061
0.8162
0.9032
0.8922
0.809
0.8130999999999999
0.8069000000000001
0.8058
0.8047
0.8049
0.808
0.9318
0.8032
0.8064
0.8062
0.8062
0.8011
0.8026
0.7992
0.8018
0.8063
0.8037
0.8865999999999999
0.8496
0.8071
0.8076
0.8069999999999999
0.8063
0.8061
0.8032999999999999
0.9466
0.8056
0.8032
0.8016
0.8006000000000001
0.7964
0.7944
0.7934
0.7952
0.7952
0.805
0.795
0.7953
0.9452
0.7969999999999999
0.7979
0.7965
0.8003
0.8757
0.9457
1.2538
0.8065
0.8086
0.8077
0.8001
0.8018
0.8015
0.804
0.8166
0.8003
0.8
0.7972
0.9234
0.7938
0.7937000000000001
0.7967
0.7969
0.7953
1.024
0.8013
0.7974
0.7968
0.7977000000000001
0.7954
0.7921
0.796
0.7900999999999999
0.7942
0.8059999999999999
0.7969
0.7913
0.7932
0.8911
0.7913
0.7894
0.7873
0.7919999999999999
0.795
0.9333
0.8001
0.8017000000000001
0.8032
0.8073
0.8085
0.8069000000000001
0.8074
0.8064
0.8235
0.8097
0.9543
0.8114
0.8104
0.9536
0.8074
0.8074
0.8069999999999999
0.8051
1.0716
0.8388
0.8087
0.8047
0.8084
0.8030999999999999
0.8045
0.8009000000000001
0.8092
1.1529
1.0187
0.8087
0.9835
1.1935
0.8129
1.1333
1.1151
0.8133
0.8038000000000001
0.8011
0.8011999999999999
0.7975
0.8011999999999999
0.7985
0.8141
0.7961999999999999
0.7946
0.7948000000000001
0.7964
0.7928
0.7976
0.9108999999999999
0.7967
0.7923
1.1241999999999999
0.7926
0.794
0.7900999999999999
0.7900999999999999
0.7926
0.7921
0.7940999999999999
0.7931
0.8983
0.7936
0.7936
0.7943
0.7919999999999999
0.7921
0.7935000000000001
0.798
0.9234
0.7977000000000001
0.915
0.7979
0.7990999999999999
0.7979
0.7943
0.7957
0.7916000000000001
0.7975
0.7967
0.7986
0.8991
0.7912
0.7906000000000001
0.7939
0.7924
0.7945
0.794
0.7925
0.9452
0.896
0.7967
0.796
0.7958000000000001
0.7939
0.7921
0.795
0.7968
0.8008
0.7958999999999999
0.8016
0.7945
0.7987
0.795
0.8001
0.7968
0.7978
0.7958999999999999
0.7925
0.8694
1.4285
0.916
0.8028
0.8018
0.8015
0.7993
0.8009999999999999
0.7971
0.8009999999999999
0.8024
0.8008
0.7973
0.7972
0.7967
0.7958000000000001
0.7903
0.7868
0.7879999999999999
0.9136
1.0663
0.7913
0.7891
0.7924
0.7876
0.7906000000000001
0.7911
0.7933
0.7919999999999999
0.7966
0.7894
0.7912
0.7874
0.7921
0.7934
0.794
0.7998999999999999
0.799
0.8022
0.906
0.9602999999999999
0.8389
0.8264
0.9642999999999999
0.9248999999999999
0.8199000000000001
0.7956000000000001
0.7942
0.7978
0.7925
0.7938
0.7928
0.7919999999999999
0.7927000000000001
0.7915
0.7939
0.7952
0.7975
1.0749
0.8786
1.0398
0.7994
0.7998999999999999
0.7972
0.7958000000000001
0.7948000000000001
0.7918
0.8001
0.7929
0.7924
0.789
0.7908999999999999
0.7929999999999999
0.7924
0.8689
0.79
0.7889
1.2953000000000001
0.8248
0.9703999999999999
0.9361
0.7918
0.7926
0.7898000000000001
0.7928
0.7898000000000001
0.7969999999999999
0.7961999999999999
0.7921
0.7921
0.7908000000000001
0.7898000000000001
0.7884
0.7858999999999999
0.7823
0.7828
0.9898000000000001
0.7879999999999999
0.7833
0.9717
0.7882
0.7881
0.7935000000000001
0.7923
0.7925
0.8024
0.7907
0.7872
0.7844
0.7829999999999999
0.7849
0.7857
0.7884
0.786
0.7872
0.8813
0.7873
0.7824000000000001
0.7785
0.7774
0.9420999999999999
0.7802
0.7808
0.7806
0.7795000000000001
0.7925
0.7805000000000001
0.7796
0.7802
0.78
0.7822
0.7797000000000001
0.7833
0.7817
0.7839
1.021
0.7817
0.7763
0.7766
0.7763
0.9148000000000001
0.78
0.9265
0.786
0.7963
0.7874
0.7882
0.7855
0.7887000000000001
0.7879999999999999
0.7876
0.7876
0.7875
0.7864
0.9102
1.3383
0.7846
0.7865
0.7841
0.7879999999999999
0.9348
0.7878
0.7872
0.8210999999999999
0.7987
0.7862
0.7856
0.786
0.7861
0.7889
0.7886
0.7879
0.7852
0.9476
0.7921999999999999
0.7925
0.7948999999999999
0.7966
0.7935000000000001
0.7908999999999999
0.8984000000000001
0.7957
0.7988
0.8077
0.7968
0.7923
0.8742
0.7938
0.7904
0.7887000000000001
0.7906000000000001
0.7917
0.791
0.9162
0.7897
0.7931
0.7905
0.7943
0.7916000000000001
0.7929
0.8531
0.8777
0.8058
0.796
0.7914
0.7904
0.7934
0.7933
0.7934
0.7908999999999999
0.7925
0.7916000000000001
0.9621000000000001
0.8105
0.794
0.7928
0.7963
0.7911
0.7927000000000001
0.7921999999999999
0.8555
0.8508
0.8008
0.7868
0.7846
0.7856
0.7837999999999999
0.7857
0.7835
0.7824000000000001
0.7852
0.7841
1.2744
0.8241999999999999
0.7872
0.7903
0.7864
0.7882
0.7883
0.7854
0.8273
0.8613
0.7845000000000001
0.7868
0.7858999999999999
0.7877
0.7876
0.7867
0.7889
0.7900999999999999
0.7863
0.9075
0.7855
0.7908999999999999
0.7907
0.7888
0.7869
0.7885
0.7853
0.7864
0.785
0.8941
0.7869
0.7832
0.7824000000000001
0.7831
0.928
0.7857
0.786
0.7849
0.8047
0.8185
0.784
0.7837000000000001
0.7815
0.7799
0.7762
0.7759
0.7776000000000001
0.7758
0.7767
0.8038000000000001
0.8684
0.7778
0.7758
0.7787000000000001
0.7745
0.7741
0.7728
0.7731
0.7747
0.8562
0.7761
0.7766
0.7759
0.7805000000000001
0.7783
0.777
0.8574
0.7827
0.7863
0.7796
0.9037999999999999
0.7923
0.7791
0.7764
0.7742
0.7745
0.7739
0.7723
0.9729
1.0721
0.771
0.7706
0.7734000000000001
0.7721
0.7706
0.7689
0.7705000000000001
0.7691
0.7787999999999999
0.7707
0.7741
0.8935
0.7744
0.7696
0.7742
0.7732
0.7752
0.7742
1.413
0.7793
0.7785
0.7789999999999999
0.7783
0.7792
0.7813
0.784
0.7825
0.7843
0.7792
0.7767
0.7793
0.8878
0.7787000000000001
0.7749
0.7751
0.7728
0.768
0.9932000000000001
0.7718
0.7714
0.7706
0.7697
0.7726000000000001
0.7701
0.7731
0.7739999999999999
0.7711
0.7728
0.7691
0.7669
0.7655
0.7643
0.8756
0.7671
0.7712
0.7699
0.7745
0.8844000000000001
0.7767
0.7721
0.7765
0.7754
0.7728
0.7697
0.7733
0.7724
0.7764
0.7781
0.7715000000000001
0.773
0.7732
0.769
0.7706
0.9318
0.7714
0.7706
0.7726000000000001
1.0273999999999999
1.0556999999999999
0.7752
0.9162
0.7753
0.7736999999999999
0.7758
0.7752
0.7803
0.7861
0.778
0.7762
0.7787000000000001
0.7761
0.7779
0.7776000000000001
0.9117
0.7754
0.7735
0.8518
0.7879999999999999
0.8563000000000001
0.7726999999999999
0.7753
0.776
0.7767
0.7783
0.7768
0.7765
0.7915
0.7763
0.7775
0.7792
0.7785
0.7787000000000001
0.7753
0.8233
0.8179
0.7735
0.8714999999999999
0.7767
0.7749
0.7724
0.7764
0.7764
0.7803
0.7796
0.7787000000000001
0.7771
0.7908999999999999
0.7783
0.7797000000000001
0.7759
0.7773
0.7789999999999999
0.7831
0.7803
0.9135
0.7913
0.9252
0.7808999999999999
0.7804
0.7792
0.7808999999999999
0.7776000000000001
0.7789999999999999
0.7772
0.7833
0.7801
0.7976
0.785
0.7847000000000001
0.7839
0.7850999999999999
0.7858
0.7806
0.7844
0.7832
0.9033
1.0827
0.9552999999999999
0.7794
0.7787000000000001
0.7789
0.7801
0.7771
0.7785
0.7735
0.7751
0.7877
0.7782
0.7749
0.7738
0.7745
0.7718
0.7733
0.7786
0.7799
0.8824
0.9586
0.7774
0.7773
0.7742
0.7787999999999999
0.7751
0.7768999999999999
0.7716999999999999
0.7759
0.7889
0.7778
0.7716999999999999
0.7713000000000001
0.771
0.7704
0.7697
0.7736000000000001
0.7728999999999999
0.7738
0.7736999999999999
1.0233
0.7742
0.7734000000000001
0.7745
0.7739
0.7772
0.7739
0.7743
0.7734000000000001
0.7714
0.7728
0.9131
0.7722
0.7697
0.8491
0.7693
0.7706
0.7701
0.7716
0.8439
1.1532
1.0135
0.7755000000000001
0.7763
0.7764
0.7782
0.7771
0.7789999999999999
0.7797999999999999
0.7865
0.7749
0.7728999999999999
0.7742
0.775
0.777
0.7779
0.7818999999999999
0.7803
0.7818999999999999
1.2014
1.1202
0.784
0.7839
0.7816000000000001
0.7806
0.7808
0.7836
0.7806
0.9447
0.7768999999999999
0.7753
0.7771
0.777
0.7784
0.7758
0.7757000000000001
0.7743
0.7757000000000001
0.7887000000000001
0.7718
0.7728
0.9091
0.7739
0.7776000000000001
0.7784
0.776
0.7757000000000001
0.7768999999999999
0.8659
0.7733
0.7726000000000001
0.7726000000000001
0.7711
0.7704
0.7697
0.7688
0.772
0.7699999999999999
0.7865
0.7715000000000001
0.772
0.7678999999999999
0.8946
0.7699
0.7715000000000001
0.7713000000000001
0.7715000000000001
0.7688
0.9753999999999999
1.0427
1.1493
1.2386000000000001
0.8586
0.856
0.8841
0.8564999999999999
1.0359
1.0066000000000002
0.8854000000000001
0.9125
0.8881
0.8891
0.8595999999999999
0.8621
0.9692999999999999
0.9238999999999999
0.8796
1.3401999999999998
0.9229
0.9623999999999999
0.8432
0.9391
0.8302
9.0406
1.1719
1.0690000000000002
0.9365
0.9345
0.9577
0.9875999999999999
1.1612
0.9763000000000001
0.9319000000000001
1.0277
0.9853999999999999
1.0071999999999999
0.9912
1.0119
1.0381
0.8539
0.9307
0.9193
0.9211
0.933
0.9724999999999999
0.9592
0.949
1.0074
0.8808
0.8925
0.8809
0.8281999999999999
0.9577
0.9134
1.1274
1.1218000000000001
0.9063
0.9077999999999999
1.1712
1.2033
1.1175
0.9563
1.3638000000000001
0.9832000000000001
0.8801
0.8262
0.829
0.8006000000000001
0.8306
0.9084
1.2079
1.0403
1.256
0.9197
1.0007
1.1339
1.1628999999999998
0.9803
1.1853
1.0607
1.1567999999999998
1.0761
1.0231000000000001
1.0727
1.0465
1.1175
1.0714
0.7981
0.7988999999999999
0.7986
0.7978
0.7977000000000001
0.7784
0.7766
0.7782
0.8898
0.7799
0.7789
0.7776000000000001
0.7761
0.7783
0.7761
0.8246
0.9795999999999999
0.9138
0.7801
0.7807
0.781
0.7803
0.7743
0.7588
0.7577
0.7585
0.756
0.885
0.8439
0.8416
0.8392000000000001
0.8402999999999999
0.838
0.8389
0.8421000000000001
0.8425
0.8411
0.9845999999999999
0.7575999999999999
0.7593
0.7604000000000001
0.7572
0.7569
0.7586
0.7538
0.7564
0.7575000000000001
0.9963000000000001
0.7574
0.7572
0.7548
0.7573000000000001
0.7621
0.7575999999999999
0.9134
0.7624
0.7575000000000001
0.8089
0.8851
0.7632
0.7628999999999999
0.871
0.7647
0.7661
0.7681
0.7656
0.7692
1.4199
0.7676000000000001
0.7647
0.7661
0.7651
0.7643
0.7646000000000001
0.7636999999999999
0.7639
0.8107
0.7635
0.8838
0.7625000000000001
0.7607
0.7643
0.7652
0.7916000000000001
0.7648
0.764
0.8748
0.7649
0.7671
0.7667
0.7654
0.7673
0.763
0.7669
0.7639
0.7684000000000001
0.7818
0.7648
0.7674
0.8922
0.7678999999999999
0.7646000000000001
0.7655
0.7633
0.7645
0.7636999999999999
0.8821
0.7657999999999999
0.7653
0.7674
0.7666
0.7647
0.7669
0.7653
0.7644000000000001
0.7643
0.7755000000000001
0.7638
0.7657
0.7649999999999999
0.8895
0.7662
0.768
0.7636999999999999
0.7639
0.7628999999999999
0.7662
0.8755
0.7645
0.7636000000000001
0.7636000000000001
0.7635
0.7633
0.7607999999999999
0.7624
0.7625000000000001
0.7649999999999999
0.7696
0.7598
0.7593
0.7575999999999999
0.8302
0.7998999999999999
0.7551
0.757
0.7565000000000001
0.7549
1.1164
0.9555
0.7536
0.7533000000000001
0.7531
0.7537
0.7514000000000001
0.7515
0.7514000000000001
0.7512000000000001
0.7557
0.7521
0.7503
0.7501
0.7503
0.8865000000000001
0.7642
0.7515
0.7536
0.754
0.8538
0.7523
0.7514000000000001
0.7524
0.7533000000000001
0.7528
0.8302
0.7548
0.7549
0.7535000000000001
0.7633
0.7542
0.7536
0.757
0.7574
0.7596
0.9617
0.8241999999999999
0.7617
0.7602000000000001
0.9247
0.7636999999999999
0.7613
0.7636999999999999
0.7639
0.7656
0.7659
0.7653
0.768
0.7612
0.7979
0.7631
0.7614
0.7639
0.7601
0.7607999999999999
0.7593
0.8257
0.8028
0.7528
0.9319000000000001
0.7992
0.754
0.7538
0.7538999999999999
0.7552
0.7561
0.7565000000000001
0.7584
0.7553
0.7586
0.7651
0.7586
0.7582
0.76
0.7552
0.7552
0.7525000000000001
0.7551
0.8630000000000001
0.7544
1.1911999999999998
0.8564999999999999
0.7553
0.7562
0.7545
0.7586999999999999
0.7551
0.7584
0.7567
0.759
0.758
0.7571
0.7573000000000001
0.7572
0.7595
0.7573000000000001
0.7588999999999999
0.7557
0.8293
0.8120999999999999
0.8698
0.7579
0.7601
0.7565999999999999
0.7582
0.7565000000000001
0.7543
0.7584
0.7573000000000001
0.7561
0.9601
0.7837000000000001
0.7990999999999999
0.7605
0.7601
0.7596999999999999
0.7621
0.7615000000000001
0.7619
0.8352
1.0013
0.7618
0.761
0.76
0.7586
0.7575999999999999
0.7601
0.7598
0.7603
0.7596999999999999
0.7721
0.7601
0.7593
0.7596
0.7569
0.7569
0.7572
0.8386
0.7585
0.7593
0.8987999999999999
0.8377
0.7578
0.7591
0.7585
0.7617
0.7607
0.763
0.7632
0.763
0.7787999999999999
0.7633
0.7641
0.7646000000000001
0.7641
0.7632
0.7644000000000001
0.7639
0.7647
0.7622
0.7656
1.3519
0.7795000000000001
0.9087000000000001
0.7681
0.7666
0.767
0.7686000000000001
0.768
0.7711
0.7833
0.7728999999999999
0.7739999999999999
0.776
0.7799
0.7768
0.7789999999999999
0.7743
0.7768
0.7746
0.9775999999999999
0.7756
0.8831000000000001
0.7749
0.7745
0.7757000000000001
0.7742
0.7741
0.7721
0.771
0.7900999999999999
0.7701
0.7686000000000001
0.7693
0.7735
0.7696
0.7711
0.7704
0.7697
0.7695
0.8805
0.7673
0.7653
0.9193
0.7628
0.7639
0.7649
0.7639
0.7655
0.767
0.7775
0.7667
0.7696
0.7669
0.7696
0.7682
0.7681
0.7669
0.7697
0.7707999999999999
0.8777
0.7694000000000001
0.7685
0.7683
0.9026000000000001
0.7645
0.766
0.764
0.7639
0.7655
0.7774
0.7647
0.7605999999999999
0.761
0.7609
0.7594000000000001
0.7571
0.7565000000000001
0.7578
0.7569
0.8597
1.1871
0.7617
0.7582
0.8219
0.7987
0.7588
0.7571
0.7555
0.8302999999999999
0.768
0.7569
0.7564
0.7574
0.7579
0.7595
0.7572
0.7575999999999999
0.7565999999999999
0.7573000000000001
0.8455999999999999
0.7558
0.7593
0.7562
0.7569
0.758
0.8968
0.7593
0.7581
0.7605
0.7777
0.7645
0.7605999999999999
0.7604000000000001
0.7575000000000001
0.7595
0.7592
0.7623000000000001
0.7596
0.762
0.7605999999999999
1.0338999999999998
1.0003
0.7628
0.7607
0.7613
0.8878
1.0933
0.763
0.7642
0.7628
0.9129
0.7609
0.7588
0.7605
0.7596
0.7613
0.7591
0.7578
0.7596999999999999
0.8666
0.7625000000000001
0.7591
0.7627
0.758
0.7585
0.7558
0.8979
0.757
0.7578
0.7692
0.7601
0.7586999999999999
0.7556
0.7548
0.755
0.7545
0.7557
0.7559
0.7586999999999999
1.1348
1.0415999999999999
0.7615000000000001
0.7607
0.7619
0.7622
0.7628
0.8907999999999999
0.775
0.7661
0.7614
0.7605
0.761
0.7586999999999999
0.7622
0.763
0.7638
0.7635
0.7607
0.7634
0.888
0.7648
0.7645
0.7632
0.7624
0.7642
0.7644000000000001
0.7624
0.8394999999999999
0.8067000000000001
0.7712
0.7603
0.7615000000000001
0.7624
0.7619
0.7634
0.7627
0.7653
0.7643
0.7661
0.9016000000000001
0.852
0.7632
0.7639
0.7628
0.762
0.7611
0.7628999999999999
0.7638
0.808
0.8782
0.7593
0.7578
0.7575000000000001
0.7588
0.7572
0.7571
0.757
0.7572
0.7557
0.8453999999999999
0.759
0.7596
0.7572
0.7578
0.7585
0.7569
0.7591
0.7613
0.7621
0.7699999999999999
0.9076000000000001
0.7592
0.7619
0.7607
0.7636999999999999
0.7615999999999999
0.7638
0.7615999999999999
0.7633
0.7657999999999999
1.2215
0.8068
0.7642
0.7647
0.7626
0.7614
0.7586999999999999
0.7598
0.7575999999999999
0.761
0.8177
0.8302999999999999
0.7577
0.7581
0.7549
0.7567999999999999
0.7558
0.7591
0.7569
1.0396999999999998
0.8107
0.816
0.8062
0.969
0.8951
0.8069000000000001
0.7618
0.7639
0.7786
0.7664
0.8523
0.9716
0.7621
0.7617
0.7605999999999999
0.7607
0.7621
0.7638
0.8656999999999999
0.7642
0.7622
0.7634
0.761
0.7615000000000001
0.7591
0.7572
0.7584
0.7605
0.757
0.7786
0.7575999999999999
0.8516
0.9909999999999999
0.7774
0.7603
0.76
0.7626
0.7595
0.8874
0.7908000000000001
0.7613
0.7605999999999999
0.7591
0.7604000000000001
0.7586999999999999
0.7603
0.7577
0.7579
0.7598
0.7742
0.759
0.758
1.0212999999999999
0.7756
0.7598
0.7579
0.7575000000000001
0.7592
0.7607
1.3358
0.7584
0.7591
0.7577
0.7579
0.7569
0.7543
0.7574
0.7554000000000001
0.7741
0.7542
0.7553
0.7543
0.7565000000000001
0.9086
0.7554000000000001
0.7577
0.757
0.7556
0.8331999999999999
0.8583
0.7519
0.7508
0.7524
0.7529
0.7532
0.7545
0.7548
0.7557
0.7544
0.7685
0.7563
0.7546999999999999
0.756
0.7557
0.9384
0.7615000000000001
0.7612
0.7569
0.7573000000000001
0.8605
0.7586999999999999
0.7562
0.7596
0.7579
0.7588999999999999
0.7594000000000001
0.7594000000000001
0.7583
0.7592
0.7757000000000001
0.7592
0.7565999999999999
0.7567999999999999
0.7553
0.7552
0.8805
0.7706
0.7567
0.7581
1.0981
0.8005
0.7602000000000001
0.7613
0.761
0.7596999999999999
0.7636000000000001
0.9119
0.7642
0.7626
1.1847999999999999
0.9935
0.7644000000000001
0.7627
0.7649
0.7628
0.8899999999999999
0.7594000000000001
0.7588
0.7636000000000001
0.7618
0.7607999999999999
0.7621
0.7614
0.7617
0.7612
0.7584
0.7603
0.758
0.8352999999999999
0.7749
0.761
0.7583
0.7578
0.7595
0.7588999999999999
0.7605
0.8209
0.8369
0.7735
0.7641
0.7647
0.7632
0.7614
0.7582
0.8405
0.7581
0.7601
0.7596
0.7592
0.8966999999999999
0.7585
0.7598
0.7593
0.7585
0.7588999999999999
0.7586999999999999
0.7584
0.816
0.8427
0.7709
0.763
0.7595
0.7625000000000001
0.7612
0.7639
0.7618
0.7615999999999999
0.7605999999999999
0.7612
0.9638
0.7611
0.76
0.7609
0.7642
0.7607999999999999
0.7614
0.762
0.7625000000000001
0.7639
0.9133
0.7648
0.7661
0.7643
0.7628999999999999
0.7627
0.7628999999999999
0.7624
0.7655
0.7638
1.0212
1.0503
0.7686999999999999
0.7673
0.7678999999999999
0.7664
0.7673
0.7649999999999999
0.7657999999999999
0.7659
0.9430999999999999
0.7654
0.7688
0.7678
0.7666
0.7667
0.7673
0.766
0.767
0.7639
1.4985
1.2026000000000001
1.1234000000000002
0.9497000000000001
1.0306
0.9423
0.8446
0.7969999999999999
0.8928
0.8099999999999999
0.7845000000000001
0.7929999999999999
0.7636999999999999
0.7626
0.7618
0.7647
0.7631
0.877
0.7642
0.7663
0.7604000000000001
0.7649
0.7653
0.9134
0.7627
0.7605
0.7619
0.9259999999999999
0.777
0.9267000000000001
0.796
0.7622
0.7603
0.7603
0.7604000000000001
0.7578
0.7584
0.7577
0.7553
0.7555
0.9875999999999999
1.0669
0.7572
0.7561
0.7562
0.7548
0.7542
0.8309
0.7574
0.7871
0.8804000000000001
0.7543
0.7554000000000001
0.7546999999999999
0.7556
0.7538999999999999
0.7542
0.7549
0.7553
0.7535000000000001
0.8643000000000001
0.7567999999999999
0.7567999999999999
0.7551
0.7575999999999999
0.7578
0.7574
0.7552
0.7575999999999999
0.7565000000000001
0.7638
0.9054
0.761
0.7607999999999999
0.7633
0.762
0.7632
0.7604000000000001
0.7595
0.7586
0.7614
0.7950999999999999
0.7628
0.7626
0.7614
0.7602000000000001
0.7593
0.7596
0.7596
0.7596
0.7586
0.7605999999999999
0.8785000000000001
0.761
0.7567999999999999
0.7586
0.7579
0.7611
0.7607
0.7605999999999999
0.7618
0.9416
0.7627
0.7591
0.762
0.7632
0.7614
0.7646000000000001
0.7617
0.7605
0.7586
0.7649
0.7607999999999999
0.8845
0.7766
0.7634
0.764
0.7644000000000001
0.7639
0.7624
0.7632
1.0478
1.056
0.762
0.7624
0.7622
0.7611
0.7628999999999999
0.7601
0.7609
0.7614
0.7676000000000001
0.762
0.7615999999999999
0.9218
0.7593
0.7579
0.7588
0.7557
0.7588999999999999
0.7582
0.8785000000000001
0.76
0.7609
0.7575000000000001
0.7556
0.7582
0.759
0.7578
0.7544
0.7557
0.758
0.7686999999999999
0.7551
0.7537
0.8734
0.7543
0.7575000000000001
0.7542
0.8341000000000001
0.7577
0.8394
0.755
0.7575999999999999
0.7552
0.7565000000000001
0.7555
0.7525999999999999
0.7541
0.7541
0.754
0.7585
0.7546999999999999
0.7559
0.7575000000000001
0.7549
0.8791
0.7691
0.7567
0.7567999999999999
0.7572
0.7574
0.8553000000000001
0.7588999999999999
0.7602000000000001
0.7588
0.7599
0.7586
0.7575000000000001
0.7612
0.7592
0.7605999999999999
0.7712
0.7592
0.7612
0.7623000000000001
0.7614
0.7745
0.8545999999999999
0.7594000000000001
0.7592
0.7588999999999999
1.1377
0.9567
0.7579
0.7588999999999999
0.7591
0.762
0.7588
0.7586
0.759
0.7609
0.7714
0.7604000000000001
0.7582
0.7585
0.7586999999999999
0.7588
0.8537
0.76
0.7578
0.7584
0.8913
0.7621
0.7595
0.7595
0.7586999999999999
0.7607
0.7604000000000001
0.7613
0.7618
0.7633
0.7754
0.7624
0.7636999999999999
0.7644000000000001
0.7652
0.7634
0.7649999999999999
0.8251000000000001
0.8426
0.7621
0.9592999999999999
0.7639
0.7633
0.761
0.7654
0.7592
0.7594000000000001
0.7577
0.7586
0.7591
0.7726999999999999
0.7578
0.7585
0.7586
0.7599
0.7582
0.7611
0.7613
0.8071
0.8562
0.9009
0.7646000000000001
0.7649999999999999
0.7644000000000001
0.7641
0.7636000000000001
0.7651
0.7666
0.7663
0.8545999999999999
0.7799
0.7654
0.7657
0.7623000000000001
0.7612
0.7601
0.7598
0.7612
0.7593
1.0287
0.9382
1.1147
0.7565999999999999
0.7583
0.7553
0.7558
0.7542
0.7559
0.752
0.7533000000000001
0.7682
0.7555
0.7536
0.754
0.7553
0.7544
0.7561
0.7575000000000001
0.7529
0.7512000000000001
1.0375
0.7529
0.7514000000000001
0.7512000000000001
0.7506999999999999
0.7506
0.7496999999999999
0.7519
0.7521
0.7532
0.7553
0.7657999999999999
0.7528
0.7523
0.7524
0.7531
0.7551
0.7549
0.76
0.7574
0.7573000000000001
1.1473
0.7605
0.7605
0.7567999999999999
0.7541
0.7546
0.7533000000000001
0.7565999999999999
0.7546999999999999
0.7575999999999999
0.769
0.7596
0.7583
0.7573000000000001
0.7567
0.7543
0.7541
0.7553
0.7558
0.7583
0.8841
0.8167
0.8040999999999999
0.7536
0.7523
0.7515999999999999
0.751
0.751
0.7542
0.7523
0.758
0.7542
0.7524
0.7522
0.7513
0.7502
0.7496999999999999
0.7504000000000001
0.7523
0.7511
0.7522
1.1406
0.9825
0.8312
0.7571
0.7543
0.7563
0.755
0.7546999999999999
0.7546999999999999
0.7572
0.7553
0.7555
0.7561
0.7537
0.7553
0.7563
0.757
0.7567999999999999
0.7565000000000001
0.8326
0.9247
0.7544
0.7551
0.8831000000000001
0.7553
0.7538
0.754
0.7549
0.755
0.7543
0.7586
0.7565999999999999
0.7545
0.7575999999999999
0.7554000000000001
0.7569
0.7544
0.7556
0.7536
0.7549
0.8658
0.7558
0.7561
0.7588
0.902
0.7567
0.887
0.7725
0.7621
0.7623000000000001
0.7651
0.7636999999999999
0.7618
0.7615000000000001
0.764
0.761
0.7586
0.7586999999999999
0.7573000000000001
0.7561
0.992
0.8367
0.7601
0.7586
0.7604000000000001
0.929
0.7605999999999999
0.7605
0.7619
0.7619
0.7648
0.7604000000000001
0.7605999999999999
0.7635
0.7628999999999999
0.7635
0.7646000000000001
0.7664
0.7662
0.7636999999999999
0.9255
1.1216
0.7593
0.7579
0.7617
0.8350000000000001
0.8323
0.755
0.7575999999999999
0.7565000000000001
0.7592
0.7559
0.7561
0.7561
0.7545
0.7546999999999999
0.7557
0.7557
0.7564
0.757
0.8893
0.8216
0.8209
0.8180999999999999
0.8182
0.8201
0.9193
0.8249000000000001
0.8220000000000001
0.8237
0.7947
0.7586
0.758
0.7567999999999999
0.759
0.7581
0.7574
0.7579
0.7581
0.7596
1.1427
0.8524
0.761
0.7592
0.7612
0.7596
0.76
0.8953
0.7594000000000001
0.777
0.7621
0.8568
0.7666
0.764
0.7622
0.7615000000000001
0.76
0.7582
0.7586999999999999
0.7575999999999999
1.0296999999999998
0.7592
0.7585
0.76
0.761
0.7638
0.7627
0.7634
0.9100999999999999
0.7778
0.7686999999999999
0.7671
0.7694000000000001
0.7702
0.7721
0.7702
0.7747999999999999
0.7716
0.7726000000000001
0.7697999999999999
1.2726
0.8030999999999999
0.7656
0.7655
0.7645
0.7657
0.7632
0.7649999999999999
0.8978
0.7738
0.7612
0.7609
0.7596
0.7601
0.9049
0.7633
0.7632
0.7633
0.7654
0.8783000000000001
0.7822
0.7642
0.7671
0.7663
0.7663
0.7657999999999999
0.7649
0.7652
0.7636000000000001
0.9289
0.7651
0.7673
0.7666
0.7634
0.7641
0.7624
0.7605
0.7578
0.7588999999999999
0.8314
0.7738
0.7607999999999999
0.7586999999999999
0.7605999999999999
0.7594000000000001
0.7579
0.7605999999999999
0.7612
0.7624
0.7625000000000001
0.8857
0.7628
0.7633
0.7661
0.7655
0.7673
0.7653
0.7703
0.7702
0.7733
0.9294
0.7724
0.7722
0.7728
0.7739
0.7747
0.7746
0.7722
0.7754
0.7763
0.7862
0.9231
0.7715000000000001
0.7723
0.7713000000000001
0.7692
0.771
0.7695
0.7716999999999999
0.7723
1.217
0.8584
0.7716
0.8486
0.7736999999999999
0.7714
0.9084
0.7722
0.7702
0.7808
0.7693
0.9047000000000001
0.7674
0.7647
0.7655
0.7643
0.7651
0.7649
0.7678999999999999
0.8416
0.7665000000000001
0.7661
0.767
0.7649
0.7645
0.7686999999999999
0.7649
0.7611
0.7615000000000001
0.7746
0.7615999999999999
0.7599
0.8198
0.8185
0.7586999999999999
0.7585
0.7586999999999999
0.7602000000000001
0.7565999999999999
0.8635999999999999
0.8044
0.8005
0.8484999999999999
0.7582
0.7603
0.7571
0.7591
0.7569
0.758
0.7601
0.757
0.757
0.7572
0.8807
0.7668
0.7538999999999999
0.7562
0.7565999999999999
0.7554000000000001
0.7975
0.8182
0.9028
0.7534
0.7538999999999999
0.7524
0.7521
0.7546
0.7531
0.7552
0.7586
0.7554000000000001
0.7538999999999999
0.7549
0.756
0.8985
0.7575999999999999
0.7571
0.7577
0.7572
0.9077999999999999
1.0141
0.7556
0.7548
0.7532
0.7538
0.7546999999999999
0.7536
0.7557
0.7544
0.7596
0.7575000000000001
0.7549
0.7546999999999999
0.756
0.7567
0.8631
0.7561
0.755
0.7567999999999999
0.8309
0.7751
0.7571
0.758
0.7565999999999999
0.757
0.7564
0.7574
0.7584
0.7563
0.7601
0.8808
0.7835
0.8185
0.7605
0.759
0.8481
0.8957
0.7619
0.7598
0.7626
1.0856999999999999
0.7619
0.76
0.7633
0.7573000000000001
0.7605999999999999
0.7584
0.7604000000000001
0.759
0.7627
0.7579
0.76
0.756
0.7591
0.758
0.7575999999999999
0.7564
0.9079999999999999
0.757
0.7562
0.9224
0.7565000000000001
0.7569
0.7565000000000001
0.7581
0.7572
0.755
0.7574
0.7561
0.7575999999999999
0.762
0.7593
0.7631
0.7649999999999999
0.7668
0.7665000000000001
0.7673
0.7695
0.9052
0.7683
1.1363
0.9629000000000001
0.7667
0.7654
0.7644000000000001
0.7641
0.7622
0.7628
0.7634
0.763
0.7654
0.7634
0.7667
0.7633
0.7624
0.7615000000000001
0.7602000000000001
0.7595
0.7605999999999999
0.8697
0.8765
0.7611
0.7675
0.7648
0.7683
0.7638
0.7669
0.769
0.7688
0.7669
0.9229
0.7704
0.7704
0.7703
0.7657999999999999
0.7694000000000001
0.7696
0.7728999999999999
0.768
0.8004
1.0965
0.7735
0.7728999999999999
0.7721
0.7722
0.772
0.7714
0.7732
0.7747999999999999
0.775
0.7858
0.775
0.7767
0.7783
0.7771
0.777
0.7791
0.7805000000000001
0.7784
0.7778
1.0151999999999999
0.7792
0.7781
0.7784
0.7736999999999999
0.7771
0.7745
0.8603000000000001
0.7773
0.7869
0.7734000000000001
0.7705000000000001
0.7735
0.7684000000000001
0.768
0.7703
0.771
0.7736999999999999
0.7699
0.7726000000000001
1.3433
0.8176
0.7722
0.7768
0.7735
0.7743
0.7707999999999999
0.7753
0.7731
0.7874
0.7755000000000001
0.7736000000000001
0.7772
0.7752
0.7742
0.7726000000000001
0.7722
0.7693
0.7728
0.8752
0.7728999999999999
0.9068999999999999
0.7752
0.7774
0.7752
0.7773
0.7789
0.7775
0.7804
0.7929999999999999
0.7793
0.7805000000000001
0.7787999999999999
0.7821
0.7779
0.7779
0.7778
1.0423
1.194
0.8402999999999999
0.7806
0.9165
1.1315
0.7766
0.7753
0.772
0.7735
0.7707
0.7716999999999999
0.7688
0.7731
0.7723
0.7741
0.7733
0.7744
0.7736999999999999
0.7738
0.7711
0.9076000000000001
0.7728
0.7753
0.8392000000000001
0.8825999999999999
0.7778
0.7759
0.7773
0.7756
0.7882
0.7736000000000001
0.7735
0.7715000000000001
0.7774
0.7726000000000001
0.7761
0.7747
0.7793
0.9510000000000001
1.0253
1.1041
0.7854
0.7825
0.894
0.7893
0.7794
0.7778
0.778
0.7785
0.7782
0.7816000000000001
0.7787999999999999
0.7836
0.7775
0.7775
0.7786
0.7823
0.7801
0.7799
1.0302
0.7829999999999999
0.8597
0.784
0.7823
0.9317000000000001
0.778
0.7828
0.7812
0.7837000000000001
0.7785
0.7831
0.7789999999999999
0.7786
0.7812
0.7810999999999999
0.7793
0.7761
0.7789999999999999
0.8656999999999999
0.7828
0.7791
0.7826000000000001
0.7789999999999999
0.7808
0.8367
0.8288
0.7813
0.7837999999999999
0.7857
0.7877
0.7855
0.785
0.7871
0.7856
0.7813
0.7831
0.7818999999999999
0.7818999999999999
0.8976000000000001
0.78
0.7787999999999999
0.7786
0.7792
0.7789
0.78
0.892
0.786
0.7867
0.7891
0.7835
0.7852
0.7864
0.7834
0.786
0.7895000000000001
0.7831
0.7836
0.7857
0.9372999999999999
0.8474
0.8295
0.9594
0.9162
0.8130000000000001
0.7849
1.0878999999999999
0.7849
0.7879999999999999
0.7898000000000001
0.7907
0.7927000000000001
0.7873
0.7857
0.7808999999999999
0.7824000000000001
0.787
0.7855
0.9058999999999999
0.7946
0.7865
0.7891
0.7847999999999999
0.7877
0.7868
0.7908999999999999
0.8843
1.0425
0.7862
0.7905
0.7839
0.7871
0.7854
0.7863
0.7853
0.787
0.7857
0.9316
0.786
0.7857
0.7816000000000001
0.7808
0.7832
0.9377
0.7847000000000001
0.7845000000000001
0.9606
0.7967
0.782
0.781
0.7810999999999999
0.7824000000000001
0.7834
0.7834
0.8630000000000001
0.7849
0.9379
1.1181999999999999
0.7858
0.7817
0.7842
0.7894
0.7846
0.7864
0.7836
0.7865
0.9236
0.7906000000000001
0.7889
0.79
0.7902
0.79
0.7905
0.7926
0.7889
0.9002
0.8206
0.7900999999999999
0.7919
0.7935000000000001
0.7935000000000001
0.7956000000000001
0.7942
0.7893
0.7946
0.8023
0.9206000000000001
0.8067000000000001
0.7957
0.791
0.7891
0.7919999999999999
0.7919999999999999
0.7915
0.795
0.9297
0.7934
0.7966
0.7921
0.7914
0.7939
0.7964
0.7923
0.7961999999999999
0.8067000000000001
0.794
0.7933
0.9256
0.7939
0.7921
0.7940999999999999
0.7929999999999999
0.7927000000000001
0.7905
0.8992
0.7895000000000001
0.7969
0.7907
0.7925
0.7913
0.7929
0.7906000000000001
0.7908999999999999
0.7908999999999999
0.7983
0.7889
0.7868
0.9229
0.7884
0.7895000000000001
0.7875
0.7881
0.7879999999999999
0.7862
1.5031
0.8223
0.7894
0.7885
0.7895000000000001
0.7876
0.7893
0.7855
0.7837999999999999
0.7975
0.7845000000000001
0.7832
0.7847000000000001
0.9052
0.7850999999999999
0.7876
0.7888
0.787
0.786
0.9274
0.7918
0.7879999999999999
0.7863
0.791
0.7884
0.7877
0.7852
0.7795000000000001
0.7829999999999999
0.7931
0.7836
0.78
0.8574999999999999
1.0499
0.786
0.7877
0.7864
0.7879
0.8943
0.7858
0.7854
0.7816000000000001
0.7821
0.7857
0.7823
0.7896
0.789
0.7931
0.7984
0.7903
0.7883
0.7877
0.7858999999999999
0.8293
0.8851
0.7888
0.7855
0.7898000000000001
0.9632
0.7925
0.7919
0.7895000000000001
0.7888
0.7869
0.7908000000000001
0.7868
0.7872
0.7869
0.8076
0.7889
0.7893
0.7918
0.7954
0.796
0.9169999999999999
0.7963
0.7938
0.9357
1.1542
0.7944
0.7950999999999999
0.7927000000000001
0.7911
0.7924
0.7972
0.7974
0.7963
0.8076
0.7990999999999999
0.7979
0.7990999999999999
0.7952
0.7967
0.7918
0.9362
0.798
0.9429
0.8115
0.795
0.7976
0.8007
0.7997
0.7958000000000001
0.7981
0.7983
0.798
0.8037
0.8087
0.8055
0.8038000000000001
0.8034
0.8013
0.8001
0.7968
0.9432
0.7969999999999999
0.9462
0.7957
0.7935000000000001
0.7913
0.7903
0.7885
0.794
0.7903
0.7940999999999999
0.7966
0.7932
0.7919999999999999
0.7914
0.7886
0.7865
0.7921999999999999
0.7872
0.7847000000000001
0.8909
0.9227000000000001
0.7829
0.7837000000000001
0.781
0.7832
0.784
0.7847999999999999
0.791
0.7908000000000001
0.8702
1.0809000000000002
1.0524
0.7950999999999999
0.8002
0.7944
0.7961
0.7985
0.7984
0.804
0.9496
0.8002
0.9382
0.8013
0.8004
0.8035
0.7985
0.8029
0.8039
0.8044
0.8814
0.8019999999999999
0.8032999999999999
0.8032
0.7969
0.7952
0.7946
0.7958000000000001
0.7936
0.8612
0.9131
0.7900999999999999
0.7963
0.7908999999999999
0.7976
0.7894
0.7956000000000001
0.7952
0.7884
0.7915
0.7879999999999999
0.7862
0.7884
0.7864
0.7869
0.7854
0.7877
0.7889
0.789
0.874
0.8629
0.8186
0.7866000000000001
0.7875
0.7858999999999999
0.7917
0.7904
0.791
0.7956000000000001
0.8018
0.7955
0.7926
0.7942
0.796
0.7993
0.7997
0.7981
0.7952
0.7921999999999999
1.2458
0.9742000000000001
0.7924
0.7927000000000001
0.7933
0.7918
0.7925
0.7957
0.7954
0.7977000000000001
0.798
0.7996
0.7988
0.7993
0.7984
0.794
0.7947
0.7943
0.7898000000000001
0.8976000000000001
0.7904
0.7908000000000001
0.9455
0.7927000000000001
0.791
0.7943
0.7948999999999999
0.7955
0.8058
0.7956000000000001
0.7963
0.7995
0.7978
0.7967
0.7961999999999999
0.7972
0.7955
0.794
0.9314
0.8013
0.7963
0.805
0.9361
0.8743
0.7979
0.7987
0.8009000000000001
0.7994
0.8103
0.8023
0.7995
0.8059000000000001
0.8042
0.8059999999999999
0.8018
0.8003
0.7987
0.8015
0.8652
0.7972
0.7972
0.7929
0.9217
0.7973
0.7988999999999999
0.8007
0.7944
0.9443
0.8101999999999999
0.799
0.7929999999999999
0.7942
0.7954
0.7933
0.7914
0.7942
0.7911
1.1774
0.9196
0.7879999999999999
0.79
0.7919
0.9008
0.7919999999999999
0.7973
0.7965
0.8057
0.7973
0.7982
0.7948000000000001
0.7934
0.7928
0.7917
0.7893
0.7876
0.7865
0.9259999999999999
0.7943
0.7919
0.7867
0.7916000000000001
0.7877
0.933
0.7914
0.7928
0.7932
0.8026
0.7883
0.7862
0.7863
0.7879999999999999
0.785
0.7864
0.7839
0.7837999999999999
0.784
0.8885
0.7814
0.7799
0.7808999999999999
0.7766
0.7834
0.7808
0.9314
0.7837999999999999
0.7976
0.7836
0.7836
0.7862
0.7839
0.785
0.7787000000000001
0.7795000000000001
0.7772
0.781
0.9219999999999999
0.7961
0.7842
0.7895000000000001
0.7878
0.7868
0.7905
0.7835
0.9370999999999999
0.7847999999999999
0.7979
0.7822
0.7866000000000001
0.7836
0.7876
0.7836
0.7863
0.7837999999999999
0.7869
0.7837999999999999
1.2750000000000001
0.948
0.7897
0.7906000000000001
0.7908000000000001
0.7913
0.7888
0.7907
0.8947999999999999
0.8018
0.7876
0.7874
0.7857
0.784
0.7855
0.7858
0.7889
0.7881
0.7863
0.9131
0.7871
0.7885
0.7903
0.7906000000000001
0.7931
0.794
0.7971
0.7969999999999999
0.8428
0.9211999999999999
0.7967
0.7943
0.7950999999999999
0.7923
0.7893
0.7868
0.7892
0.9256
0.8067000000000001
0.7911
0.7895000000000001
0.7915
0.7903
0.7942
0.7907
0.7927000000000001
0.7940999999999999
0.7898000000000001
1.0432
0.8635999999999999
0.7905
0.7889
0.7892
0.7888
0.7883
0.7858
0.7853
0.7832
0.7958000000000001
0.7858999999999999
0.7855
0.7873
0.7854
0.7882
0.7854
0.7881
0.7806
0.7808
1.2046
1.0336
0.7783
0.7777
0.7763
0.7787999999999999
0.7754
0.7786
0.7783
0.9022
0.7789
0.7791
0.7818999999999999
0.7799
0.7743
0.7756
0.7723
0.7746
0.776
0.7799
0.7773
0.8897
0.7917
0.7791
0.7763
0.7755000000000001
0.7756
0.7726000000000001
0.7759
0.9043
0.7731
0.776
0.7767
0.778
0.7782
0.7802
0.7771
0.7768999999999999
0.7741
0.7753
0.7747
0.7725
0.9079
0.7715000000000001
0.8473
0.7702
0.7731
0.7713000000000001
0.771
0.9751
0.7697999999999999
0.7699999999999999
0.7705000000000001
0.7704
0.7705000000000001
0.771
0.7697
0.7709
0.7691
0.7712
0.7665000000000001
0.7675
0.7703
0.8751
0.7718999999999999
0.7716
0.7699999999999999
0.7716
0.7672
1.0929
0.9552
0.7697999999999999
0.7711
0.7695
0.7706
0.7684000000000001
0.7701
0.7699
0.768
0.7718999999999999
0.7673
0.7688
0.7669
0.8658
0.8153
0.7747
0.7701
0.7701
0.768
0.8971
0.7702
0.7707999999999999
0.771
0.7674
0.7672
0.9091
0.768
0.767
0.767
0.7684000000000001
0.7696
0.7645
0.7654
0.7669
0.9112
0.7656
0.7645
0.7628999999999999
0.7615999999999999
0.8712000000000001
0.7645
0.7646000000000001
0.7665000000000001
0.7649999999999999
0.7622
0.767
0.7628999999999999
0.7669
0.7644000000000001
0.7734000000000001
0.7607999999999999
0.762
0.76
0.7575999999999999
0.7581
0.8688
0.7722
0.757
0.758
0.8733000000000001
0.821
0.8203
0.8210999999999999
0.8220000000000001
0.8215
0.823
0.8227
0.8262
0.8365999999999999
0.7781
0.7607
0.7601
0.7588
0.7624
0.7596
0.7622
0.8964
0.764
0.7624
1.2015
0.7634
0.7643
0.7636999999999999
0.7635
0.7631
0.7605999999999999
0.8387
0.7588999999999999
0.7732
0.7601
0.7596999999999999
0.7595
0.7596
0.7586
0.7596
0.759
0.812
0.8668
0.9351999999999999
0.8907
0.7657
0.7634
0.7636999999999999
0.7656
0.7633
0.7601
0.7624
0.7641
0.7766
0.7651
0.7662
0.7646000000000001
0.7634
0.7652
0.7649999999999999
0.7649
0.7647
0.9047000000000001
0.9651
0.781
0.7647
0.764
0.7627
0.7624
0.762
0.7649
0.7635
0.7642
0.7768999999999999
0.7649
0.7648
0.7661
0.7666
0.7664
0.7694000000000001
0.7697
0.769
0.7707
1.0187
0.7668
0.7653
0.7633
0.7617
0.7652
0.7651
0.7673
0.7657
0.7678999999999999
0.767
1.2957999999999998
0.7669
0.7684000000000001
0.9083
0.7735
0.7725
0.7733
0.7736999999999999
0.7721
0.8378
0.8468
0.7694000000000001
0.7688
0.7681
0.7686999999999999
0.7683
0.7712
0.7692
0.7731
0.9010999999999999
0.7722
0.7713000000000001
0.7739
0.7721
0.771
0.7724
0.7707
0.7747999999999999
0.7728999999999999
0.7874
0.8495
0.8140000000000001
0.7736999999999999
0.7722
0.7731
0.7752
0.7728
0.7762
0.7738
0.8863
0.7774
0.7784
0.7823
0.7828
0.7835
0.7874
0.7833
0.7804
0.7825
0.865
0.7754
0.9205
0.7768
0.776
0.7767
0.7777
0.7754
0.7764
0.8767999999999999
0.8506
0.777
0.7752
0.7753
0.7736999999999999
0.7732
0.7736000000000001
0.7731
0.7754
0.7743
0.7933
0.7768
0.7765
0.9248999999999999
0.7796
0.7781
0.7736000000000001
0.7735
0.7703
0.7753
1.2528000000000001
0.8426
0.7767
0.7775
0.7752
0.7789999999999999
0.7801
0.777
0.7765
0.7916000000000001
0.7795000000000001
0.7764
0.7799
0.8889
0.7773
0.7772
0.7779
0.7782
0.7791
0.8695
0.7794
0.7801
0.7794
0.777
0.775
0.7753
0.7739999999999999
0.7782
0.7766
0.7957
0.7778
0.7804
0.778
0.7775
0.9018999999999999
0.7787000000000001
0.7766
0.7779
0.782
1.2554
0.782
0.7792
0.7821
0.778
0.7786
0.7754
0.7782
0.7771
0.789
0.7744
0.7733
0.9103
0.7735
0.7692
0.895
0.7646000000000001
0.7684000000000001
0.7652
0.8751
0.7691
0.7686999999999999
0.7711
0.7695
0.7705000000000001
0.7705000000000001
0.7716999999999999
0.7728999999999999
0.7768999999999999
0.8450000000000001
0.819
0.7973
0.8398
0.7742
0.7785
0.777
0.8741000000000001
0.7785
0.7778
0.9156000000000001
0.7768
0.775
0.7766
0.8563000000000001
0.7789999999999999
0.777
0.7776000000000001
0.7772
0.7754
0.7906000000000001
0.7739
0.7764
0.7778
0.7739
0.7716999999999999
0.7723
0.9060999999999999
0.7837999999999999
0.7685
0.893
0.7664
0.7654
0.7664
0.769
0.7645
0.7681
0.7665000000000001
0.7707999999999999
0.769
0.7789
0.7718999999999999
0.7738
0.7701
0.7688
0.7704
0.7711
0.767
0.8626
0.7793
0.9961
1.2063
0.7692
0.7675
0.7685
0.7691
0.7705000000000001
0.7669
0.7671
0.7654
0.8407
0.7691
0.7705000000000001
0.7668
0.7696
0.7713000000000001
0.7673
0.769
0.7948999999999999
0.8305
0.7789
0.7678999999999999
0.7636999999999999
0.7654
0.7652
0.7651
0.764
0.764
0.7642
0.7647
0.9752
0.7648
0.7624
0.7625000000000001
0.7657
0.7662
0.7649
0.7695
0.7662
0.8005
0.8836999999999999
0.7678
0.7673
0.7678999999999999
0.764
0.7651
0.7644000000000001
0.7643
0.7615000000000001
0.7619
0.9774
0.7645
0.7613
0.7628
0.7603
0.7614
0.761
0.7628
0.7649999999999999
0.7602000000000001
1.106
0.7789999999999999
0.7669
0.7645
0.7663
0.7641
0.7661
0.7621
0.7643
0.7662
0.7751
0.7673
0.7689
0.7678
0.7688
0.7697
0.8448
0.7689
0.7688
0.771
1.1283
1.0682
0.7726999999999999
0.7696
0.7692
0.7713000000000001
0.7676999999999999
0.766
0.7654
0.7693
0.7634
0.7628
0.7618
0.763
0.7633
0.7644000000000001
0.7663
0.766
0.7672
0.7676999999999999
0.8703
0.7686999999999999
0.9158000000000001
0.7697
0.771
0.7723
0.7705000000000001
0.772
0.7706
0.7735
0.7833
0.7718999999999999
0.7736999999999999
0.7725
0.7752
0.7736999999999999
0.7731
0.7744
0.9948999999999999
1.0884
0.7741
0.7732
0.9417
1.1422999999999999
0.7723
0.7701
0.7704
0.7703
0.929
0.9227000000000001
0.8630000000000001
0.7699
0.7676999999999999
0.7667
0.7686000000000001
0.7692
0.7686999999999999
0.7722
0.7766
0.7721
0.773
0.7731
0.9565
0.7742
0.7725
0.7689
0.7691
0.7682
1.1797000000000002
0.9334
0.7662
0.7686999999999999
0.7685
0.7691
0.7697999999999999
0.7707
0.7728
0.7723
0.7736000000000001
0.7714
0.7702
0.7701
0.9095000000000001
0.777
0.7649999999999999
0.7657
0.8388
0.8966999999999999
0.7652
0.7653
0.766
0.7654
0.7636000000000001
0.763
0.7656
0.7673
0.7661
0.7674
0.7701
0.771
0.7697
0.7722
0.769
0.9007000000000001
0.7694000000000001
0.7721
0.9029
0.9536
0.8829
0.7707999999999999
0.7716999999999999
0.7703
0.7709
0.7705000000000001
0.7699999999999999
0.7669
0.7689
0.775
0.7728999999999999
0.7706
0.7726999999999999
0.7716
0.7724
0.8195
0.8474
0.7676999999999999
0.767
0.852
0.7653
0.7688
0.764
0.7654
0.7659
0.7649
0.7669
0.7665000000000001
0.7678999999999999
0.771
0.7706
0.7678999999999999
0.7686000000000001
0.7669
0.766
0.7669
0.7653
0.905
0.7678
0.9871000000000001
1.0981
0.7674
0.7675
0.7661
0.7655
0.764
0.7644000000000001
0.7633
0.766
0.7688
0.7678999999999999
0.7644000000000001
0.7676999999999999
0.7636000000000001
0.766
0.7636999999999999
0.7638
0.8571
0.7657
0.976
0.8476
0.8082
0.9382
0.8941
0.8137
0.7706
0.7652
0.7645
0.7697999999999999
0.7669
0.7663
0.7665000000000001
0.7655
0.7653
0.7632
0.7654
0.7633
0.9311
1.0434
0.766
0.7665000000000001
0.7655
0.7662
0.7649999999999999
0.7676999999999999
0.7653
0.7659
0.7657999999999999
0.7784
0.7645
0.7619
0.7626
0.7649
0.7647
0.7662
0.7671
0.7655
0.766
1.0278
0.9121
0.7644000000000001
0.7646000000000001
0.7653
0.766
0.7669
0.7657999999999999
0.7639
0.7657
0.7801
0.7667
0.769
0.7693
0.8457
0.7758
0.768
0.7682
0.7681
0.7649999999999999
1.1765
1.1477
0.771
0.7692
0.7674
0.7691
0.9179999999999999
0.7706
0.7681
0.9233
0.7813
0.7709
0.7702
0.7674
0.7689
0.7718
0.7721
0.7697
0.7691
0.7712
0.7675
0.9100999999999999
0.7699999999999999
0.769
0.7662
0.7681
0.7655
0.7657999999999999
0.7681
0.8646
0.767
0.7676999999999999
0.7655
0.7648
0.7647
0.7633
0.7627
0.7618
0.7624
0.7642
0.7751
0.7664
0.9469
0.7641
0.7626
0.763
0.7641
0.7632
0.763
0.7615999999999999
0.9437
0.7628
0.7641
0.7635
0.7654
0.7626
0.7594000000000001
0.7612
0.7617
0.7607
0.7628
0.7586999999999999
0.7607999999999999
0.9053000000000001
0.7591
0.7624
0.7596999999999999
0.7582
0.7584
0.7584
1.32
0.915
0.7567
0.7567
0.756
0.7569
0.7579
0.7595
0.7586
0.7672
0.7594000000000001
0.7565999999999999
0.755
0.8342999999999999
0.7831
0.7571
0.7578
0.7586
0.7591
0.7639
0.8938
0.7622
0.7599
0.761
0.7619
0.7646000000000001
0.7618
0.763
0.7605999999999999
0.7622
0.7633
0.7657999999999999
0.7623000000000001
0.7649999999999999
0.8214
0.8548
0.8474
0.7634
0.7675
0.7625000000000001
1.1942000000000002
0.7634
0.7602000000000001
0.7649999999999999
0.7622
0.766
0.7632
0.767
0.7649999999999999
0.7842
0.7697
0.7714
0.7662
0.7661
0.7653
0.9052
0.7657999999999999
0.7678
0.7626
0.7667
0.8497
0.7665000000000001
0.7634
0.7659
0.9058999999999999
0.7633
0.7618
0.764
0.7645
0.7646000000000001
0.776
0.7646000000000001
0.7645
0.7656
0.7659
0.7649999999999999
0.9131
0.7662
0.7613
0.767
1.2945
0.7694000000000001
0.7664
0.7671
0.7663
0.7659
0.7656
0.7669
0.7684000000000001
0.7839
0.7665000000000001
0.7659
0.7669
0.7663
0.7628999999999999
0.7636000000000001
0.7919999999999999
0.8267
0.7602000000000001
0.8997999999999999
0.7615999999999999
0.7609
0.7614
0.763
0.7636000000000001
0.7661
0.7644000000000001
0.7663
0.7639
0.7761
0.7659
0.7674
0.7673
0.7665000000000001
0.7645
0.7641
0.7635
0.7628999999999999
0.9086
0.7636000000000001
1.2734999999999999
1.1771
1.0845
0.9119
0.9460000000000001
0.9470999999999999
0.9133
0.878
0.7814
0.7816000000000001
0.8593000000000001
0.7645
0.7624
0.764
0.7648
0.7634
0.9246
0.7636999999999999
0.7599
0.7623000000000001
0.7716
0.7603
0.7607
0.7621
0.7632
0.7635
0.7655
0.7641
0.8421000000000001
0.7646000000000001
0.7654
1.2516999999999998
0.7676999999999999
0.7683
0.7689
0.7691
0.7682
0.9205
0.7678
0.7667
0.7785
0.7661
0.7686000000000001
0.7672
0.7701
0.7678
0.7691
0.7678999999999999
0.7661
0.7683
0.883
0.7645
0.7592
0.759
0.7609
0.7627
0.7602000000000001
0.7643
0.858
0.7657
0.7765
0.7633
0.7634
0.7621
0.7612
0.7605999999999999
0.7607
0.7609
0.7598
0.7613
1.082
0.764
0.7614
0.7628
0.7657
0.7644000000000001
0.7643
0.7657999999999999
0.7633
0.9408
0.8108
0.7635
0.7624
0.7621
0.7611
0.7621
0.7618
0.7633
0.7633
0.7649999999999999
0.7643
0.8846
0.7623000000000001
0.7624
0.7607999999999999
0.7636999999999999
0.7642
0.7636000000000001
0.7636000000000001
0.7649
0.878
0.7772
0.7652
0.7636999999999999
0.7633
0.7633
0.7668
0.7652
0.7666
0.7668
0.7688
1.1965999999999999
0.8989
0.7731
0.7723
0.7749
0.7709
0.7722
0.7757000000000001
0.7752
0.9383
0.7723
0.7726000000000001
0.7699
0.7675
0.7688
0.7683
0.7643
0.7649999999999999
0.7646000000000001
0.8719
0.7668
0.766
0.7625000000000001
0.7609
0.7633
0.7628999999999999
0.7619
0.7644000000000001
0.7645
0.857
0.8868
0.7661
0.7682
0.7661
0.767
0.7692
0.7685
0.7707
0.7693
0.8262
0.7887000000000001
0.7686999999999999
0.7693
0.7697999999999999
0.7668
0.7683
0.7707999999999999
0.7707999999999999
0.7706
0.7725
0.7807
0.8749
0.7686999999999999
0.7686999999999999
0.7685
0.7696
0.7689
0.7686000000000001
0.7674
0.7652
0.8696
0.7693
0.7693
0.7671
0.7697999999999999
0.7707999999999999
0.7697999999999999
0.7676000000000001
0.7685
0.7657999999999999
0.7702
0.7668
0.885
0.7665000000000001
0.7656
0.7667
0.7675
0.7676999999999999
0.7683
0.7699
0.8782
0.7736999999999999
0.7686999999999999
0.7672
0.7682
0.7692
0.7664
0.957
0.7675
0.7659
0.7701
0.7683
0.7665000000000001
0.9197
0.7669
0.7667
0.7672
0.7696
0.7676999999999999
0.766
1.2344000000000002
0.8507
0.7673
0.7652
0.7688
0.7678999999999999
0.7715000000000001
0.7718
0.7733
0.7753
0.7747
0.772
0.7728999999999999
0.85
0.8494
0.7755000000000001
0.7768999999999999
0.7761
0.7744
0.9682999999999999
1.4430999999999998
0.8802
0.7699999999999999
0.7674
0.7664
0.7932
0.7676000000000001
0.7718
0.7752
0.7682
0.7683
0.7689
0.7704
0.9183
0.7742
0.7792
0.7753
0.7758
0.8735
0.7744
0.7738
0.8534
0.7768
0.7783
0.776
0.7752
0.7746
0.7746
0.7835
0.7711
0.7747
0.7701
0.7712
0.8479
0.8146
0.7726000000000001
0.771
0.7742
0.8853
0.7728
0.7712
0.7714
0.7712
0.7724
0.7714
0.7694000000000001
0.7728999999999999
0.7714
0.7743
0.7707999999999999
0.7707
0.7692
0.7712
0.7699999999999999
0.8459
0.7973
0.7688
0.7695
1.2463000000000002
0.8424
0.7759
0.7736999999999999
0.7746
0.7736000000000001
0.7734000000000001
0.7692
0.7726000000000001
0.7795000000000001
0.7693
0.7701
0.7672
0.7657999999999999
0.7649
0.7631
0.7639
0.8775999999999999
0.7632
0.9027
0.7646000000000001
0.7663
0.7664
0.7668
0.7649
0.7649
0.7639
0.7631
0.763
0.7764
0.7657999999999999
0.7655
0.7628999999999999
0.7647
0.7671
0.9071
0.7645
0.7682
0.8843
0.8963000000000001
0.8139
0.7621
0.7628
0.7607999999999999
0.7625000000000001
0.7641
0.7645
0.7644000000000001
0.7652
0.7813
0.7622
0.7631
0.7623000000000001
0.7611
0.7631
0.7633
0.7613
0.7623000000000001
0.7614
0.9113
0.9645
0.7649
0.7691
0.7651
0.7664
0.7657
0.767
0.7657
0.7657
0.7676000000000001
0.7779
0.7651
0.7674
0.7685
0.7705000000000001
0.8463999999999999
0.768
0.7688
0.7699
0.7694000000000001
1.2754999999999999
0.7722
0.7716999999999999
0.7667
0.7684000000000001
0.7683
0.7657
0.7656
0.766
0.7837999999999999
0.7645
0.7642
0.7676000000000001
0.767
0.7676000000000001
0.7657999999999999
0.7655
0.7649
0.7633
0.7638
0.9347
0.7605999999999999
0.7651
0.7631
0.7644000000000001
0.7662
0.7667
0.768
0.7671
0.7655
0.9133
0.7657
0.7682
0.7689
0.7659
0.7657
0.7661
0.7654
0.7638
0.7649
0.7691
0.9007000000000001
0.781
0.7668
0.7684000000000001
0.769
0.7743
0.7715000000000001
0.7716
0.7696
0.9369
0.7718
0.7704
0.7706
0.771
0.7689
0.7709
0.7709
0.7736999999999999
0.7728
0.7778
0.7739
0.9144
0.7764
0.7773
0.7768
0.7779
0.7801
0.7781
0.7817
1.2773
0.8138000000000001
0.7778
0.7768
0.7752
0.7794
0.7768
0.7784
0.7795000000000001
0.7862
0.7802
0.78
0.9848000000000001
0.8066
0.7767
0.7787000000000001
0.7767
0.7759
0.7774
0.9278
0.8402000000000001
0.8409
0.8383
0.8426
0.8397
0.837
0.8369
0.8357
0.8562
0.7728
0.7726000000000001
0.7747999999999999
0.9277000000000001
0.789
0.7799
0.7792
0.7806
0.8557
0.8651000000000001
0.7747
0.7779
0.7782
0.7793
0.7773
0.7804
0.7765
0.7776000000000001
0.7758
0.7907
0.7783
0.7805000000000001
0.7789
0.7828
0.9103
0.7832
0.7815
0.784
0.785
1.2072
0.785
0.7818
0.7823
0.7833
0.7833
0.784
0.7837999999999999
0.7847999999999999
0.7956000000000001
0.781
0.7837999999999999
0.7845000000000001
0.7866000000000001
0.7842
0.9073
0.7844
0.7834
0.7808
1.0093
1.0943
0.7814
0.7801
0.7787000000000001
0.7802
0.7833
0.7828
0.7825
0.7850999999999999
0.7947
0.7873
0.7853
0.7923
0.7897
0.7931
0.929
0.7885
0.7903
0.8756
0.8080999999999999
0.7888
0.7894
0.7893
0.7905
0.7885
0.7885
0.7904
0.7907
0.8006000000000001
0.7895000000000001
0.7863
0.7829999999999999
0.782
0.7865
0.7839
0.7887000000000001
0.9049
0.787
0.8966999999999999
0.7878
0.7871
0.7886
0.7850999999999999
0.7841
0.7836
0.7850999999999999
0.7866000000000001
0.7885
0.8008
0.7868
0.7898000000000001
0.7826000000000001
0.7841
0.7845000000000001
0.7831
0.7858999999999999
0.8783000000000001
0.7972
0.8775999999999999
0.9268
0.7925
0.7864
0.7933
0.7907
0.7908000000000001
0.7841
0.7869
0.7852
1.2463000000000002
0.8499
0.787
0.867
0.7906000000000001
0.7884
0.7846
0.7839
0.9357
0.7852
0.7868
0.7829
0.7808999999999999
0.7861
0.7871
0.7932
0.791
0.7908000000000001
0.7888
0.8737
0.7878
0.7842
0.7862
0.7837999999999999
0.7852
0.7845000000000001
0.7804
0.7841
0.837
0.8994
0.7787000000000001
0.7746
0.7784
0.7739999999999999
0.7797999999999999
0.778
0.7782
0.7782
0.7771
0.8883
0.7776000000000001
0.778
0.7753
0.7752
0.7749
0.7752
0.7766
0.7773
0.7784
0.8796999999999999
0.7868
0.7723
0.7716999999999999
0.7702
0.7705000000000001
0.7718999999999999
0.773
0.7721
0.7747999999999999
0.9953
0.7743
0.7736000000000001
0.7752
0.7706
0.7741
0.7712
0.7772
0.7772
0.7968
0.777
0.9177000000000001
0.7803
0.7805000000000001
0.784
0.7816000000000001
0.7787000000000001
0.7775
0.7768999999999999
0.9847
1.0744
0.7823
0.7771
0.7782
0.7782
0.7782
0.7775
0.7808999999999999
0.7783
0.7908000000000001
0.7785
0.8928999999999999
0.7759
0.7742
0.7757000000000001
0.7764
0.7749
0.7761
0.7753
0.8903
0.7753
0.777
0.7757000000000001
0.7791
0.7793
0.7818
0.7782
0.7782
0.7759
0.8629
0.7984
0.8170000000000001
0.9147
0.7802
0.7787000000000001
0.7793
0.8684
0.778
1.016
0.7794
0.7746
0.7739999999999999
0.7704
0.7713000000000001
0.7696
0.7709
0.7692
0.7707
0.8237
0.7632
0.7641
0.7613
0.8243
0.8141999999999999
0.7657
0.7636000000000001
0.7615999999999999
0.766
0.8630000000000001
0.8394999999999999
0.7657999999999999
0.7683
0.7671
0.7669
0.7657
0.7684000000000001
0.7667
0.7666
0.7861
0.7675
0.7666
0.7678
0.7702
0.8189
0.8598
0.7739999999999999
0.7699
0.7711
0.8336
1.1975
0.7752
0.7777
0.7759
0.7765
0.773
0.7746
0.7695
0.7715000000000001
0.7854
0.7742
0.7736000000000001
0.7768
0.7736000000000001
0.7739999999999999
0.9108
0.7732
0.7716
0.7725
0.9881
0.7772
0.7739
0.7713000000000001
0.7736000000000001
0.7738
0.7739
0.7721
0.7706
0.7702
0.7791
0.7776000000000001
0.7747
0.775
0.7725
0.7793
0.8298
0.8696
0.7734000000000001
0.7758
1.0111
0.7816000000000001
0.7794
0.7776000000000001
0.7764
0.777
0.7797999999999999
0.7808
0.778
0.777
0.8763
0.7756
0.7787000000000001
0.7795000000000001
0.7777
0.7774
0.7761
0.9044
0.7777
0.7876
0.7747999999999999
0.7747999999999999
0.7714
0.7744
0.7722
0.7778
0.7728999999999999
0.7778
0.7755000000000001
0.7774
1.2979
0.7940999999999999
0.7792
0.7813
0.7781
0.7789999999999999
0.7755000000000001
0.876
0.7757000000000001
0.8027000000000001
0.7756
0.7743
0.7754
0.7752
0.7787000000000001
0.7783
0.9419
0.7792
0.7777
0.8721
0.7784
0.7746
0.7746
0.7725
0.7771
0.7752
0.7783
0.7764
0.9289
0.8782
0.7738
0.7721
0.7704
0.7704
0.7706
0.7755000000000001
0.7696
0.7703
0.7714
0.7803
0.7757000000000001
0.7701
0.7726999999999999
0.7703
0.7743
1.0334999999999999
1.0268
0.7739
0.9951999999999999
1.1322
0.7715000000000001
0.7704
0.7681
0.7705000000000001
0.7691
0.7712
0.7676000000000001
0.7688
0.7752
0.7715000000000001
0.7716999999999999
0.772
0.7694000000000001
0.7682
0.7663
0.7692
0.7643
0.7678999999999999
1.3684999999999998
0.8128000000000001
0.7662
0.768
0.7673
0.769
0.7686999999999999
0.7678999999999999
0.7654
0.7764
0.7647
0.7642
0.7643
0.767
0.7669
0.7693
0.7693
0.7688
0.7675
0.8272
0.8093
0.9006
0.7643
0.7611
0.761
0.7611
0.7607
0.7619
0.7612
0.7711
0.7596
0.7644000000000001
0.762
0.7613
0.7623000000000001
0.7646000000000001
0.7643
0.7667
0.7668
0.7669
0.9515
0.7683
0.8794000000000001
0.7692
0.8506
0.7713000000000001
0.7709
0.772
0.7711
0.7726999999999999
0.7726999999999999
0.7682
0.7699
0.7688
0.7723
0.7703
0.7736999999999999
0.7716999999999999
0.7746
0.7728999999999999
0.8754000000000001
0.7732
0.7772
0.9265
0.7762
0.7759
0.7752
0.7758
0.7728999999999999
0.7716999999999999
0.7817
0.7699
0.7681
0.7686000000000001
0.7675
0.9221
0.7695
0.7686999999999999
0.7678999999999999
0.7695
1.2891000000000001
0.8566999999999999
0.7715000000000001
0.8792
0.7696
0.7634
0.7644000000000001
0.7639
0.7664
0.7829999999999999
0.7666
0.7649
0.7642
0.7615999999999999
0.7614
0.7601
0.7614
0.7594000000000001
0.7596
0.8777
0.8069000000000001
0.8075
0.7875
0.9803
1.1145
0.8068
0.7638
0.7631
0.7812
0.7646000000000001
0.7656
0.764
0.7667
0.7641
0.766
0.7645
0.7659
0.7678
0.8746
0.7704
0.767
0.7681
0.7682
0.7667
1.0330000000000001
0.9100999999999999
0.7639
0.763
0.7824000000000001
0.7603
0.7613
0.7618
0.7628
0.7617
0.7604000000000001
0.7627
0.7615000000000001
0.7622
0.8811
0.7628
0.7614
0.7638
0.7619
0.7642
0.7625000000000001
1.1199999999999999
0.763
0.7649999999999999
0.8104
0.7667
0.7645
0.7642
0.7662
0.7657999999999999
0.7709
0.767
0.868
0.7675
1.1234000000000002
0.9166000000000001
0.7697999999999999
0.7691
0.7691
0.7672
0.766
0.955
0.7631
0.9202
0.7641
0.7623000000000001
0.7607
0.7612
0.7612
0.762
0.7626
0.7596999999999999
0.7613
0.7722
0.7628
0.7619
0.7613
0.7624
0.7609
0.7615999999999999
0.7607999999999999
0.7625000000000001
0.8713
0.7632
1.0629000000000002
0.7628999999999999
0.7625000000000001
0.7592
0.7599
0.7591
0.757
0.7582
0.759
0.7736000000000001
0.7584
0.7567999999999999
0.7575999999999999
0.8916
0.7583
0.7593
0.7573000000000001
0.7548
0.7545
0.9468
0.7958000000000001
0.7546999999999999
0.7544
0.7562
0.7565999999999999
0.7586999999999999
0.7586999999999999
0.757
0.7594000000000001
0.7564
0.8490000000000001
0.7603
0.7579
0.7611
0.7614
0.7619
0.7579
0.7596999999999999
0.7573000000000001
0.7577
1.3269
0.8585
0.7546
0.7541
0.7537
0.7533000000000001
0.7538
0.7549
0.7557
0.7564
0.8633
0.7558
0.7553
0.7552
0.754
0.7546
0.7543
0.7561
0.7549
0.7551
0.8945
0.8036
0.7548
0.7564
0.7575000000000001
0.7583
0.7595
0.7554000000000001
0.7548
0.7559
0.7675
0.7565000000000001
0.7541
0.7563
0.7551
0.7565999999999999
0.7548
0.7541
0.754
0.7537
0.9244
0.7545
0.8595999999999999
0.7541
0.7559
0.7533000000000001
0.7553
0.7541
0.7549
0.7548
0.7675
0.755
0.7545
0.7548
0.7536
0.7556
0.7535000000000001
0.7555
0.7551
0.7571
0.7581
0.8639
0.7595
0.8863
0.7579
0.7564
0.7559
0.756
0.7573000000000001
0.7563
0.7586
0.7695
0.7586
0.755
0.757
0.7542
0.7554000000000001
0.7543
0.7561
0.7582
0.7582
0.9372999999999999
1.2112
0.7993
0.921
0.7567999999999999
0.758
0.7561
0.7578
0.7588999999999999
0.7588
0.7716999999999999
0.7596999999999999
0.7609
0.7613
0.7619
0.76
0.7601
0.7584
0.7553
0.7555
1.0196
0.8976000000000001
0.7588999999999999
0.7567
0.8651000000000001
0.7564
0.7585
0.7541
0.7555
0.7552
0.7653
0.7598
0.7604000000000001
0.7615999999999999
0.7633
0.7632
0.7663
0.7643
0.7654
0.7626
0.8635999999999999
0.7646000000000001
0.7639
0.7639
0.7613
0.8875000000000001
0.7628
0.7605
0.7607
0.758
0.7618
0.7604000000000001
0.7579
0.758
0.7548
0.7569
0.7555
0.7567999999999999
0.7561
0.757
0.8619
0.8162
0.7577
0.7601
0.7546
0.7544
0.8762000000000001
0.755
0.7554000000000001
0.7562
0.761
0.8383
0.7599
0.7586999999999999
0.7567
0.759
0.7574
0.7584
0.7605
0.7605999999999999
0.7571
1.196
0.8556
0.7585
0.7562
0.756
0.7546
0.8809
0.7564
0.7544
0.757
0.753
0.7534
0.7541
0.7553
0.757
0.7575999999999999
0.7586
0.7585
0.7567999999999999
0.7564
0.873
0.7542
0.7557
0.7532
0.7527
0.754
0.7525000000000001
0.8638
0.754
0.7545
0.7579
0.7523
0.7527
0.7508
0.7523
0.7515
0.7514000000000001
0.7514000000000001
0.751
0.7527
0.8519000000000001
0.7546999999999999
0.751
0.7503
0.7481
0.7498
0.7491000000000001
0.7493000000000001
0.7488
0.8564999999999999
0.772
0.7914
0.75
0.7496999999999999
0.7477999999999999
0.7463
0.7466
0.7487
0.7477999999999999
0.7477
0.7483000000000001
0.7638
0.748
0.7479
0.7475999999999999
0.7467
0.7477999999999999
0.7459
0.7458
0.7463
0.8174
1.1911999999999998
0.9473
0.7477
0.7448999999999999
0.7475
0.745
0.7454999999999999
0.7445
0.7442
0.7435
0.7877
0.7448
0.7454000000000001
0.7469
0.746
0.7473
0.7462000000000001
0.7456999999999999
0.745
0.7456
0.874
0.7905
0.7459
0.7472
0.7462000000000001
0.7464999999999999
0.7473
0.748
0.7477
0.7482
0.748
0.8392999999999999
0.7485999999999999
0.7491000000000001
0.7501
0.7491000000000001
0.7485999999999999
0.7472
0.7477
0.7475999999999999
0.7477
0.867
0.8469
0.7494999999999999
0.75
0.7494
0.7506
0.7502
0.7498
0.7496
0.7494999999999999
0.7528
0.7503
0.7485
0.7502
0.7487
0.7512000000000001
0.7494999999999999
0.7515
0.7513
0.7506
0.7505
0.8727
0.8893
0.7521
0.7515999999999999
0.7517999999999999
0.7503
0.7505
0.7506
0.7504000000000001
0.7506999999999999
0.7525999999999999
0.7499
0.7515
0.7496999999999999
0.7509
0.7506
0.7517
0.7536
0.7517
0.7504000000000001
0.9741
1.0514000000000001
0.9161
0.7545
0.7544
0.7531
0.7555
0.7548
0.7572
0.7557
0.7603
0.7573000000000001
0.7585
0.7591
0.7552
0.7534
0.7558
0.7538
0.7545
0.7546999999999999
0.8632
0.7532
0.7561
0.8229
0.7995
0.7521
0.7523
0.7515999999999999
0.7536
0.7533000000000001
0.7575999999999999
0.7545
0.7533000000000001
0.7561
0.7553
0.7553
0.7525999999999999
0.7545
0.7536
0.7525999999999999
0.7525000000000001
0.8842
0.7551
0.7546999999999999
0.7534
0.9015
0.7565999999999999
0.7542
0.8959
0.7546999999999999
0.7535000000000001
0.7572
0.7525999999999999
0.753
0.7537
0.7535000000000001
0.7552
0.7555
0.755
0.7549
0.7527
0.9269000000000001
0.7545
0.7544
0.7546
0.7546999999999999
0.879
0.7548
0.7532
0.7524
0.7527
0.7565000000000001
0.754
0.7533000000000001
0.7527
0.752
0.7528
0.7513
0.7525999999999999
0.754
0.7541
0.752
1.2868
0.7521
0.7499
0.7523
0.7509
0.9017
0.752
0.7517999999999999
0.7525000000000001
0.7645
0.7513
0.7519
0.7517
0.7522
0.753
0.7523
0.7536
0.7548
0.7556
0.7575000000000001
0.8662
0.7586999999999999
0.7565000000000001
0.7551
0.756
0.7565999999999999
0.8629
0.7813
0.755
0.7544
0.766
0.751
0.7506999999999999
0.7506999999999999
0.7493000000000001
0.7494999999999999
0.7493000000000001
0.7474
0.7494999999999999
0.7479
0.8566
0.75
0.7504000000000001
0.7513
0.75
0.752
0.7502
0.7496999999999999
0.8641
0.7527
0.7664
0.7567
0.7558
0.7535000000000001
0.753
0.7519
0.7544
0.7524
0.7538999999999999
0.7515
0.7515999999999999
0.8432999999999999
0.7525000000000001
0.7542
0.7517
0.7515
0.7512000000000001
0.7533000000000001
0.7528
0.8487
0.7649999999999999
0.7647
0.7532
0.7517
0.7509
0.7533000000000001
0.752
0.75
0.7505
0.7501
0.749
0.7493000000000001
1.1372000000000002
0.7517999999999999
0.7515999999999999
0.7509
0.7489
0.7531
0.7492
0.7505
0.8283
0.8698999999999999
0.7546
0.7546
0.7535000000000001
0.755
0.7521
0.8975
0.7558
0.7575999999999999
0.7569
0.9644
0.7967
0.7569
0.7563
0.7551
0.7563
0.7553
0.7541
0.7538
0.7536
0.8423
0.7675
0.7544
0.757
0.7538
0.7511
0.7521
0.7521
0.75
0.753
0.7536
0.9712
0.7577
0.7554000000000001
0.7565999999999999
0.7554000000000001
0.7554000000000001
0.756
0.7563
0.7546
0.7546999999999999
0.7828
0.8517
0.7584
0.7571
0.7595
0.7609
0.7609
0.7598
0.7591
0.7596
1.1291
0.9577
0.7555
0.7567
0.7565999999999999
0.7564
0.7563
0.7567999999999999
0.7581
0.7586
0.7725
0.9087999999999999
0.7704
0.7537
0.7555
0.7555
0.7532
0.7531
0.753
0.7505
1.1417000000000002
0.8982
0.7525999999999999
0.7552
0.7565000000000001
0.7605999999999999
0.7614
0.7607
0.759
0.7586
0.7921999999999999
0.7599
0.8846999999999999
0.7601
0.7578
0.7586999999999999
0.7591
0.7605999999999999
0.7605
0.7628999999999999
0.8846999999999999
0.7602000000000001
0.762
0.7614
0.7598
0.7575999999999999
0.7577
0.7585
0.7599
0.758
0.7628999999999999
0.7612
0.7596
0.8611
0.7712
0.7619
0.7615000000000001
0.7614
0.7614
0.761
1.1258
1.6378
1.5339
1.5266
1.5282
1.3733
0.7543
0.7571
0.7555
0.8677999999999999
0.7678
0.754
0.7557
0.756
0.7567999999999999
0.8688
0.7572
0.756
0.7555
0.8963000000000001
0.7522
0.7508
0.752
0.7491000000000001
0.7505
0.7536
0.7504000000000001
0.7505
0.7514000000000001
0.7515
0.7512000000000001
0.8645
0.7505
0.7499
0.7505
0.7515
1.3255000000000001
0.8169
0.7515999999999999
0.7506
0.7488
0.75
0.7487
0.7501
0.7492
0.754
0.7485
0.7475999999999999
0.7504000000000001
0.7485
0.7477999999999999
0.8098
0.8125
0.7492
0.7504000000000001
0.75
0.8581
0.7488
0.7475999999999999
0.7467
0.7477999999999999
0.7466
0.747
0.746
0.745
0.7445
0.7504000000000001
0.7459
0.7454000000000001
0.7454000000000001
0.7441
0.7434
0.7447
0.9055
0.745
0.7452
0.8446
0.7929999999999999
0.7448999999999999
0.745
0.744
0.7437
0.7446
0.7454000000000001
0.7448999999999999
0.7462000000000001
0.7525999999999999
0.7473
0.7471
0.7475
0.7454000000000001
0.7475999999999999
0.7472
0.7479
0.8751
0.7469
0.7464000000000001
0.8607
0.7477999999999999
0.7483000000000001
0.747
0.7469
0.7475
0.7466
0.7479
0.7484
0.7489
0.7603
0.7473
0.7458
0.7458
0.7454000000000001
0.7452
0.8183
0.7464999999999999
0.7438
0.8671
0.9663999999999999
1.1022
0.7467
0.7448999999999999
0.7454000000000001
0.7456999999999999
0.7458
0.7462000000000001
0.746
0.7466
0.7595
0.7467
0.7461
0.7474
0.7475
0.7488
0.7482
0.7477999999999999
0.7464999999999999
0.7471
0.8968
0.8231999999999999
0.7463
0.7448
0.7459
0.7445
0.7448999999999999
0.7444
0.7464000000000001
0.7456999999999999
0.7448
0.758
0.8834
0.7448
0.7458
0.7459
0.7458
0.747
0.7468
0.7475999999999999
0.7468
0.9359999999999999
0.7511
0.7494999999999999
0.8793
0.7515999999999999
0.7477
0.7482
0.7469
0.7448
0.7448999999999999
0.7593
0.7445
0.7441
0.7443000000000001
0.7446
0.7442
0.7448
0.7456
0.7485
0.7461
0.7483000000000001
0.9467
0.8276
0.7464000000000001
0.746
0.7473
0.7453
0.7435
0.7419
0.742
0.7414999999999999
0.7552
0.7425
0.7429
0.7424000000000001
0.7437
0.7433
0.7446
0.7443000000000001
0.7452
0.7437
0.7456999999999999
1.2821
0.933
0.7464000000000001
0.7458
0.7475999999999999
0.7475999999999999
0.7525999999999999
0.7501
0.7504000000000001
0.7615000000000001
0.7517999999999999
0.751
0.7501
0.7496
0.7506999999999999
0.7493000000000001
0.7506
0.7494999999999999
0.7512000000000001
0.7514000000000001
0.9234
0.7503
0.8964
0.7537
0.7515
0.8266
0.7519
0.753
0.7534
0.751
0.7649
0.7498
0.7515999999999999
0.7512000000000001
0.7519
0.7506999999999999
0.7496
0.7508
0.7514000000000001
0.7502
1.0736999999999999
1.2786
1.156
0.7519
0.75
0.7496999999999999
0.749
0.7512000000000001
0.7515
0.7642
0.7493000000000001
0.7511
0.7485999999999999
0.7484
0.7474
0.7467
0.747
0.7472
0.7469
0.8378
0.7617
0.747
0.7463
0.7592
0.8827
0.7453
0.7466
0.7459
0.7453
0.744
0.7503
0.7444
0.745
0.7435
0.7427999999999999
0.7421
0.7425
0.7427
0.743
0.8961
0.8643000000000001
0.7458
0.7427999999999999
0.7425
0.743
0.8896000000000001
0.743
0.7433
0.7422000000000001
0.7427999999999999
0.7921999999999999
0.7427
0.743
0.7422000000000001
0.7431
0.7433
0.7427999999999999
0.7435999999999999
0.7427
0.7421
0.7423
0.8683000000000001
0.7427999999999999
0.7411
0.741
0.7419
0.7414999999999999
0.8652
0.742
0.7446
0.7447
0.7462000000000001
0.7433
0.7425
0.7423
0.7427999999999999
0.7418
0.7424000000000001
0.743
0.744
0.7448999999999999
0.7447
1.2538
0.7736000000000001
0.7453
0.7448
0.7452
0.7442
0.8968999999999999
0.7444
0.745
0.7487
0.7443000000000001
0.7427
0.7425
0.7439
0.742
0.8161
0.7435
0.7422000000000001
0.7425
0.7443000000000001
1.0142
0.7418
0.7404
0.7413
0.7408
0.7404999999999999
0.7402
0.8918
0.7395
0.7387
0.7416
0.7378
0.7378
0.7372000000000001
0.7379
0.7373
0.7385999999999999
0.739
0.7398
0.7406999999999999
0.8346
0.7579
0.7398
0.7406999999999999
0.7398
0.7406
0.7398
0.7414999999999999
0.7419
0.8519000000000001
0.7454000000000001
0.7423
0.7412
0.742
0.7431
0.7419
0.7442
0.7426
0.7425
0.7424000000000001
0.7414999999999999
0.8721
0.7443000000000001
0.7406
0.7402
0.7406
0.741
0.7417
0.7419
0.7413
0.7977000000000001
0.8091
0.7388
0.739
0.7385999999999999
0.7393000000000001
0.7392
0.7403000000000001
0.7408
0.7412
0.7409
0.7412
1.0772
0.9409000000000001
0.7413
0.7423
0.7412
0.7417
1.1591
1.0098
0.7406
1.0061
0.9758
0.7413
0.7423
0.7423
0.7418
0.7426
0.7427
0.742
0.7419
0.8519000000000001
0.7434
0.7421
0.7421
0.7409
0.7414999999999999
0.7418
0.7421
0.7421
0.7433
0.7581
0.8807
0.7448999999999999
0.7453
0.746
0.7481
0.7466
0.748
0.7468
0.7477999999999999
0.7475
0.8601000000000001
0.7496
0.7479
0.7496
0.7475
0.8276
0.7454000000000001
0.7458
0.7445
0.7448
0.7596999999999999
0.8069000000000001
0.8496
0.7475999999999999
0.7487
0.7464999999999999
0.748
0.7468
0.7468
0.7466
0.8622000000000001
0.7492
0.7494999999999999
0.7504000000000001
0.7484
0.7479
0.7492
0.749
0.7484
0.7489
0.7643
0.7492
0.749
0.9158999999999999
0.7485999999999999
0.7521
0.7494999999999999
0.749
0.7479
0.7464999999999999
0.7477
1.2039
0.8195
0.7496
0.7506999999999999
0.7496999999999999
0.7505
0.7484
0.7503
0.7493000000000001
0.7481
0.7614
0.7491000000000001
0.7496999999999999
0.8698
0.7485999999999999
0.7496
0.7494
0.7496
0.7491000000000001
0.7458
0.9467
0.7458
0.7448
0.7438
0.7446
0.7454999999999999
0.7433
0.7447
0.7442
0.7456
0.7564
0.7439
0.7432
0.7433
0.8130000000000001
0.7942
0.7419
0.7421
0.7427
0.7432
0.7427999999999999
0.8846
0.7431
0.7433
0.7438
0.7442
0.7458
0.7448
0.7444
0.746
0.7464999999999999
0.7581
0.7454000000000001
0.7459
0.7454999999999999
0.7461
1.0459
0.7472
0.7469
0.7444
0.7462000000000001
0.9586
0.7678
0.7894
0.7755000000000001
0.9231
0.8717
0.7967
0.7485999999999999
0.7461
0.7462000000000001
0.7636000000000001
0.7473
0.7454000000000001
0.748
0.745
0.8865000000000001
1.0484
0.7469
0.7458
0.745
1.3359
0.7469
0.745
0.7464000000000001
0.745
0.7434
0.7423
0.7408
0.7412
0.7444
0.7412
0.7413
0.7423
0.7406999999999999
0.7423
0.7408
0.8369
0.9817
0.7425
0.7413
0.8307
0.7414999999999999
0.7416
0.7401000000000001
0.7399
0.74
0.7393000000000001
0.7406
0.7399
0.7398
0.744
0.7395
0.7391
0.7388
0.7398
0.7395
0.7404
0.7396
0.9202
0.7399
0.8838999999999999
0.7701
0.7404
0.7418
0.7406999999999999
0.74
0.7421
0.7409
0.7417
0.7404
0.7403000000000001
0.9259999999999999
0.9502999999999999
0.8321
0.7969999999999999
0.7401000000000001
0.7391
0.7391
0.7385
0.8944
0.7725
0.7382000000000001
0.7389
0.7382000000000001
0.7402
0.7398
0.7408
0.74
0.7413
0.7418
0.7432
1.121
0.9435
0.7437
0.7459
0.7439
0.7441
0.7434
0.7423
0.7429
0.8985
0.7632
0.7444
0.7435
0.7441
0.744
0.7447
0.7437
0.7444
0.7453
0.7447
0.8317
0.7447
0.7467
0.7448
0.7475
0.7471
0.7475999999999999
0.7454999999999999
0.7443000000000001
0.7439
0.8009999999999999
0.9842
0.7448
0.7444
0.891
0.7435999999999999
0.8262
0.7459
0.7451
0.7458
0.7505
0.744
0.7448
0.7444
0.7437
0.7442
0.7442
0.7434
0.7446
0.7451
0.7458
0.8595
0.8671
0.7434
0.74
0.7396
0.7397
0.7394
0.7402
0.7406999999999999
0.7406999999999999
0.7454000000000001
0.7426
0.7423
0.743
0.743
0.7434
0.7443000000000001
0.7434
0.7442
0.7452
0.7445
1.3159
0.9039
0.741
0.7404999999999999
0.7412
0.741
0.7408
0.74
0.7397
0.7535000000000001
0.7425
0.7425
0.7427
0.7427999999999999
0.7446
0.7461
0.7456
0.7459
0.7467
0.747
0.8492000000000001
0.7469
0.8193
0.8245
0.747
0.7485
0.7484
0.7483000000000001
0.7479
0.7491000000000001
0.7586
0.7468
0.7463
0.7459
0.7453
0.7468
0.7456999999999999
0.7474
0.7468
0.7473
0.7456
0.8406
0.7458
0.7451
0.8616
0.745
0.7448999999999999
0.7438
0.7437
0.7451
0.7434
0.7543
0.7433
0.7438
0.7434
0.7443000000000001
0.7426
0.7437
0.7438
0.7437
0.744
0.7439
0.9713
0.7444
0.7426
0.7417
0.9075
0.7406
0.7406
0.7397
0.7394
0.7394
1.1696
0.9824
0.7397
0.7394
0.8151999999999999
0.7404999999999999
0.7414000000000001
0.7392
0.7435
0.7448
0.7427
0.741
0.7426
0.7444
0.8019999999999999
0.7929999999999999
0.7434
0.7425
0.7425
0.742
1.1313
1.3065
0.9975999999999999
0.8823000000000001
0.9543
0.9292
0.7966
0.7651
0.7773
0.7666
0.7666
0.9144
0.7483000000000001
0.7458
0.8857999999999999
0.7445
0.7458
0.7446
0.747
0.7445
0.7461
0.7595
0.7462000000000001
0.7474
0.7468
0.7475999999999999
0.7484
0.748
0.7481
0.7496999999999999
0.7492
0.7517
0.8813
0.7505
0.7485999999999999
0.8742
0.7468
0.7481
0.7461
0.7454999999999999
0.7443000000000001
0.745
0.7496999999999999
0.7467
0.7467
0.7477999999999999
0.7463
0.7477
0.7468
0.7475
0.7487
0.749
0.8872
1.1471
0.7515
0.7513
0.8459
0.7496999999999999
0.7489
0.7494
0.7494
0.7517
0.7532
0.7508
0.7503
0.7541
0.7503
0.7514000000000001
0.7511
0.7503
0.7505
0.7485999999999999
0.7522
0.8601000000000001
0.7517999999999999
0.7508
0.7532
0.7509
0.8697
0.7506999999999999
0.7512000000000001
0.7501
0.7511
0.7542
0.7509
0.7485999999999999
0.7511
0.7488
0.7487
0.749
0.7499
0.7492
0.7511
0.8782
0.7543
0.75
0.8296
0.7533000000000001
0.7514000000000001
0.9053000000000001
0.7525999999999999
0.7519
0.7499
0.7546999999999999
0.7506
0.7514000000000001
0.7515
0.7527
0.7548
0.7563
0.756
0.7567999999999999
0.7542
0.7548
0.8928
0.7577
0.7559
0.7585
0.754
0.7559
0.7563
0.8764000000000001
0.7541
0.7557
0.7595
0.7558
0.7533000000000001
0.7545
0.753
0.7537
0.9042
0.7579
0.7541
0.7541
1.0903
0.9523
0.7538999999999999
0.7548
0.7538999999999999
0.7541
0.7578
0.8664000000000001
0.7578
0.7567999999999999
0.7575999999999999
0.7525999999999999
0.752
0.7519
0.7543
0.756
0.7552
0.754
0.7543
0.7538
0.8476
0.7525999999999999
0.7555
0.7564
0.7565999999999999
0.7556
0.7563
0.7564
0.7583
0.8962
0.764
0.7575999999999999
0.7554000000000001
0.7548
0.7558
0.7557
0.7569
0.7558
0.7564
0.7575000000000001
0.7551
0.7915
0.7554000000000001
0.7575999999999999
0.7556
0.7548
0.7502
0.7531
0.7512000000000001
0.7514000000000001
0.8564
0.7615999999999999
0.7517999999999999
0.7501
0.7535000000000001
0.7517999999999999
0.7548
0.7542
0.7552
0.7532
0.7557
0.8284
0.7536
0.7521
0.7523
0.7523
0.7532
0.7531
0.7522
0.7537
0.753
0.8196
0.8032
0.7533000000000001
0.8244
0.7538999999999999
0.7542
0.7535000000000001
0.7557
0.7556
0.755
0.7561
1.2071
0.8219
0.7585
0.7593
0.7614
0.7596999999999999
0.7584
0.7579
0.7621
0.7715000000000001
0.9004
0.7736000000000001
0.7621
0.7602000000000001
0.7631
0.7657999999999999
0.7657
0.7634
0.7617
0.9081
0.7598
0.7628999999999999
0.7615999999999999
0.7614
0.758
0.7585
0.7565999999999999
0.7581
0.7602000000000001
0.7567
0.7652
0.8165
0.7845000000000001
0.7534
0.7545
0.756
0.7543
0.7595
0.758
0.7603
1.0007
0.7624
0.7596
0.7605999999999999
0.9046
0.7593
0.7578
0.7591
0.7601
0.7588999999999999
0.7752
0.7599
0.8361
0.7971
0.7599
0.7591
0.7586999999999999
0.7601
0.7553
0.7556
0.8310000000000001
0.7567
0.7575000000000001
0.7585
0.7556
0.7545
0.7535000000000001
0.7509
0.7517
0.7488
0.7615999999999999
0.7491000000000001
0.7499
0.748
0.8541
0.7483000000000001
0.7454000000000001
0.746
0.7472
0.7452
0.7471
1.2669000000000001
0.7994
0.7475
0.7485
0.748
0.7494999999999999
0.7484
0.7463
0.746
0.7591
0.7454000000000001
0.7451
0.7448999999999999
0.745
0.8569
0.7456999999999999
0.7474
0.7461
0.7498
0.7468
0.8566
0.7464000000000001
0.7461
0.8237
0.7474
0.7448999999999999
0.747
0.746
0.7448
0.7463
0.7579
0.7463
0.7444
0.7447
0.7432
0.8038000000000001
0.7883
0.7422000000000001
0.7414000000000001
0.7416
0.7404999999999999
0.8198
0.7406
0.7413
0.7417
0.7414000000000001
0.7416
0.7414999999999999
0.7413
0.7416
0.7419
0.7454000000000001
0.7422000000000001
0.7414999999999999
0.7423
0.7416
0.7413
0.8321999999999999
0.7533000000000001
0.7393000000000001
0.7393000000000001
0.8054
0.7678999999999999
0.7408
0.7403000000000001
0.7403000000000001
0.7412
0.74
0.7404999999999999
0.7392
0.7396
0.7396
0.7427
0.7384
0.7387
0.7383
0.7384
0.7380000000000001
0.7382000000000001
0.882
0.7381
0.7374999999999999
0.9219999999999999
1.1194
0.7402
0.7398
0.7399
0.7388
0.7395
0.74
0.741
0.7399
0.7441
0.7406
0.7391
0.8788999999999999
0.7394
0.7404999999999999
0.7397
0.7398
0.8618
0.7406999999999999
0.7401000000000001
0.9955999999999999
0.742
0.7417
0.7418
0.7437
0.7437
0.7448
0.7443000000000001
0.744
0.7427999999999999
0.7471
0.7432
0.7427
0.7424000000000001
0.7431
0.744
0.7444
0.7435
0.7422000000000001
0.8952
0.9089
0.7435
0.7426
0.7433
0.7447
0.7431
0.7434
0.7421
0.7419
0.7426
0.7439
0.7463
0.8149000000000001
0.742
0.7413
0.7421
0.7445
0.7435
0.7432
0.7442
0.879
0.8811
0.7456999999999999
0.746
0.747
0.7473
0.7464000000000001
0.7463
0.7461
0.7463
0.7451
0.7471
0.7427
0.7437
0.7446
0.7434
0.7426
0.7439
0.7437
0.7435
0.7448999999999999
0.7441
2.02
1.807
1.8045
1.8023
1.2409000000000001
0.744
0.7438
0.7424000000000001
0.7438
0.7437
0.7431
0.7416
0.7413
0.7417
0.8572000000000001
1.0351
0.7432
0.7412
0.7404
0.7402
0.7395
0.7397
0.7397
0.7398
0.7521
0.7408
0.7404999999999999
0.7398
0.7387
0.7385
0.7384
0.7381
0.7382000000000001
0.7381
0.7378
0.9792
0.7659
0.8387
0.7374999999999999
0.7371
0.7369
0.7374
0.7376
0.7373
0.7366
0.7487
0.7368
0.7374
0.7366999999999999
0.7366999999999999
0.7366999999999999
0.7379
0.737
0.7371
0.7373
0.7374999999999999
0.9579
0.7396
0.8172
0.7736000000000001
0.7371
0.7373
0.7372000000000001
0.7374
0.7374999999999999
0.7374
0.7488
0.7372000000000001
0.7372000000000001
0.7372000000000001
0.7366
0.7368
0.7363
0.7372000000000001
0.7371
0.7383
0.7366999999999999
1.2315
0.7900999999999999
0.7388
0.8783000000000001
0.7374
0.8166
0.7385
0.7374999999999999
0.7376
0.7506999999999999
0.7371
0.7373
0.7371
0.7368
0.7372000000000001
0.7369
0.7371
0.7371
0.7369
0.7369
0.832
0.7374
0.737
0.7368
0.7958999999999999
0.7704
0.737
0.7369
0.737
0.7366
0.7488
0.7364999999999999
0.7368
0.7369
0.7372000000000001
0.7366999999999999
0.7369
0.737
0.7372000000000001
0.7366999999999999
0.7372000000000001
0.8799
0.7380000000000001
0.7366
0.7369
0.7362
0.8140000000000001
0.7797999999999999
0.7364
0.7363
0.736
0.7513
0.7368
0.736
0.736
0.7363
0.7364
0.7364999999999999
0.7364999999999999
0.7364
0.7359
0.7364999999999999
0.8383
0.7379
0.7366
0.7364
0.7364
0.7361
0.8285
0.7638
0.7361
0.7359
0.7477999999999999
0.7363
0.736
0.7362
0.7359
0.736
0.7357
0.7359
0.7358
0.7359
0.7363
1.0149
1.018
0.7369
0.7364
0.7363
0.7361
0.7361
0.8755
0.736
0.7364
0.7484
0.736
0.7363
0.736
0.7366
0.7363
0.7366
0.7363
0.7362
0.7363
0.7364
0.8626
0.7377
0.7368
0.7364
0.7364999999999999
0.7361
0.7364999999999999
0.7925
0.9681
0.7380000000000001
0.7413
0.7379
0.7366999999999999
0.8094
0.7371
0.737
0.7371
0.7364999999999999
0.7364
0.7362
0.8547
0.7379
0.7373
0.7369
0.737
0.7366
0.7363
0.7364999999999999
0.7364
0.8748
0.7364999999999999
0.74
0.7359
0.7362
0.7359
0.736
0.7363
0.7366
0.7369
0.7358
0.7362
0.8771
0.7668
0.7373
0.7369
0.7364999999999999
0.7361
0.736
0.7364999999999999
0.7366
0.8134
0.8249000000000001
0.7366
0.7362
0.7364999999999999
0.7366999999999999
0.7364
0.7369
0.7362
0.7362
0.7369
0.7366
1.2246
0.8261
0.7512000000000001
0.7371
0.7369
0.7368
0.7364
0.7364
0.7364999999999999
0.7363
0.8579
0.7361
0.7361
0.7364999999999999
0.7363
0.7364
0.7363
0.7361
0.7362
0.7361
0.8284
0.7368
0.7362
0.7364
0.7363
0.7366999999999999
0.7361
0.7359
0.7364
0.7364
0.7364
0.7517
0.851
0.7362
0.7361
0.7359
0.7363
0.7362
0.7362
0.7359
0.7364999999999999
0.8419
0.7368
0.7366
0.7364
0.7362
0.7364
0.7366999999999999
0.7364999999999999
0.7368
0.7364999999999999
0.7364999999999999
0.7446
0.7783
0.8046000000000001
0.7366
0.7363
0.736
0.737
0.7362
0.736
0.7371
0.8584
0.8972
0.7374999999999999
0.7371
0.7368
0.7364
0.7364
0.7362
0.7364999999999999
0.7362
0.741
0.7364
0.7366
0.8603000000000001
0.7496
0.7362
0.7363
0.9039999999999999
0.7378
0.7368
0.7364999999999999
1.1186
0.8336
0.7366999999999999
0.7364
0.7359
0.7366
0.7358
0.7359
0.7387
0.736
0.7517
0.7362
0.7364999999999999
0.798
0.8148
0.7359
0.7358
0.736
0.7359
0.736
0.8523
0.737
0.736
0.736
0.7366999999999999
0.7362
0.7362
0.736
0.7363
0.7366
0.7361
0.7484
0.736
0.7364
0.7361
0.8416
0.7763
0.736
0.7364
0.7363
0.7362
0.9951000000000001
0.9190999999999999
0.7371
0.7366
0.7366
0.7361
0.7359
0.7368
0.7359
0.736
0.7525999999999999
0.7366
0.7363
0.7362
0.7362
0.7364
0.8439
0.7362
0.736
0.7361
0.736
0.8956
0.7366999999999999
0.7361
0.7362
0.7358
0.7361
0.7356
0.736
0.7358
0.7361
0.7496999999999999
0.7364
0.736
0.7363
0.7361
0.736
0.7363
0.8706
0.7364
0.7364999999999999
0.7359
1.1198
0.8853
0.7371
0.7364
0.737
0.7366999999999999
0.7362
0.7373
0.7358
0.8118
0.7537
0.7366999999999999
0.7362
0.736
1.0204
0.9905999999999999
0.8722
1.1181999999999999
0.7377
0.842
0.7374
0.7368
0.7364999999999999
0.7364
0.7364
0.7362
0.7361
0.7363
0.7363
0.7537
0.7366999999999999
0.7361
0.7364
0.7361
0.7363
0.7364
0.7362
0.7988999999999999
0.8112
0.736
0.8498
0.7361
0.7364
0.7361
0.9021
0.7381
0.7373
0.7371
0.7368
0.7366999999999999
0.7558
0.7369
0.7363
0.7363
0.7366999999999999
0.7363
0.7362
0.7363
0.7366999999999999
0.8706999999999999
0.7369
0.8427
0.7372000000000001
0.7368
0.7364
0.7359
0.7366
0.7361
0.7364999999999999
0.7363
0.7363
0.7481
0.7364
0.7364
0.7364
0.7363
0.736
0.7358
0.7358
0.7358
0.7361
0.885
1.2136
0.7707
0.7366
0.7364
0.7361
0.7364999999999999
0.7364
0.7364
0.7363
0.7362
0.7439
0.736
0.7363
0.7366999999999999
0.7364999999999999
0.7363
0.7359
0.7358
0.736
0.7358
1.0147000000000002
0.7395
0.7379
0.7374999999999999
0.7368
0.7366
0.7363
0.7366999999999999
0.7368
0.7369
0.7364999999999999
0.7416
0.7368
0.7369
0.7366
0.7366999999999999
0.7363
0.7374
0.7363
0.8363999999999999
0.7372000000000001
0.8532000000000001
0.8973
0.7376
0.7364999999999999
0.7364999999999999
0.7362
0.736
0.7364999999999999
0.7364999999999999
0.7362
0.7454000000000001
0.7364999999999999
0.7366
0.736
0.7359
0.7358
0.7362
0.736
0.7358
0.7359
0.7361
0.8344
0.7804
1.0484
0.7684000000000001
0.9129
0.8512
0.7703
0.7389
0.7380000000000001
0.7368
0.7427
0.7369
0.7366999999999999
0.7362
0.7364
0.7366999999999999
0.7372000000000001
0.7368
0.7364
0.7363
0.9498
1.066
0.8732
1.1266
0.7378
0.7369
0.7374
0.7369
0.7371
0.7468
0.7369
0.7368
0.8804000000000001
0.7377
0.7369
0.7364999999999999
0.737
0.7358
0.7363
0.7361
0.9433999999999999
0.7371
0.7368
0.8557
0.9732000000000001
0.7364999999999999
0.737
0.7364999999999999
0.7363
0.7362
0.7404
0.7361
0.7364
0.7356
0.7363
0.7363
0.7364
0.7361
0.7362
0.7357
0.7362
0.9121
0.7372000000000001
0.7368
0.7366
0.9012
0.7369
0.7363
0.7363
0.7366999999999999
0.7364
0.7454000000000001
0.7364999999999999
0.7361
0.7366
0.7366999999999999
0.7364999999999999
0.7364999999999999
0.7363
0.7362
0.7364
0.8358
0.7821
0.7374
0.737
0.7368
0.7366
0.8934000000000001
0.7363
0.8120999999999999
0.7374
0.7366999999999999
0.754
0.7361
0.7362
0.7361
0.7366
0.7361
0.7366
0.7362
0.7362
0.7357
0.9967000000000001
0.9677
0.7374999999999999
0.7368
0.7361
0.7364
0.9698
0.7371
0.7366
0.736
0.7498
0.736
0.736
0.7357
0.7359
0.7358
0.736
0.7359
0.736
0.7363
0.7359
0.9759
0.7379
0.7366
0.7364999999999999
0.736
0.736
0.8167
0.7651
0.7364999999999999
0.7363
0.7529
0.7369
0.7364
0.7376
0.7362
0.7363
0.7358
0.736
0.7359
0.7363
0.8093
0.7505
0.7362
0.7368
0.7364
0.7364999999999999
0.7361
0.7366999999999999
0.8274
0.7636000000000001
0.7363
0.748
0.7363
0.736
0.7353000000000001
0.7361
0.7366
0.7368
0.7361
0.7362
0.736
0.9859000000000001
0.7519
0.7378
0.7369
0.737
0.7368
0.7364
0.7363
0.8210999999999999
0.8777
0.7551
0.737
0.7366999999999999
0.7366999999999999
0.7366
0.7361
0.7363
0.7361
0.7364
0.7363
0.7362
1.0181
1.0096
0.7372000000000001
0.7371
0.737
0.737
0.7364999999999999
0.7362
0.7358
0.8629
0.7483000000000001
0.7366999999999999
0.7363
0.7366
0.7373
0.736
0.8170999999999999
0.7373
0.7364999999999999
0.7364999999999999
0.8371000000000001
0.7522
0.7373
0.7366
0.7361
0.7362
0.7364999999999999
0.7363
0.7364
0.736
0.7359
0.8599
0.7362
0.7362
0.736
0.7363
0.736
0.7362
0.7363
0.7366999999999999
0.7361
0.8398
0.7503
0.7363
0.7361
0.7364
0.7363
0.7361
0.7363
0.7368
0.7363
0.7363
0.7506
0.8861
0.7361
0.7363
0.7359
0.7362
0.736
0.736
0.736
0.7364999999999999
0.812
0.7525999999999999
0.7380000000000001
0.7374999999999999
0.737
0.7364999999999999
0.7368
0.7366
0.7362
0.7361
0.7361
0.7411
0.7364999999999999
0.8455
0.7359
0.7366
0.7359
0.7363
0.7361
0.7364
0.736
0.9081
0.7373
0.7368
0.7368
0.7366999999999999
0.7364
0.7364
0.7362
0.7359
0.7358
0.7364
0.7397
0.7362
0.7943
0.8014
0.7356
0.736
0.7358
0.7357
0.7357
0.7357
0.8813
0.7368
0.7361
0.7366
0.7362
0.7361
0.7359
0.7363
0.7359
0.8918
0.7419
0.737
0.7366999999999999
0.7366
0.8737
0.737
0.7364999999999999
0.7366999999999999
0.7364
0.7364
0.7363
0.888
0.7394
0.7374999999999999
0.8104
0.7373
0.7374999999999999
0.737
0.7364999999999999
0.7369
0.7364999999999999
0.7414000000000001
0.7366
0.736
0.7362
0.7363
0.8321
0.7363
0.736
0.7361
0.7363
0.7363
1.1389
0.8864
0.7374999999999999
0.7368
0.7366
0.7364
0.7358
0.7364999999999999
0.736
0.7361
0.7397
0.7366
0.7358
0.736
0.7361
0.8972
0.7494999999999999
0.7364
0.7364999999999999
0.7362
0.8352999999999999
0.7374999999999999
0.7368
0.7366999999999999
0.7362
0.7363
0.7361
0.7364999999999999
0.7366
0.7368
0.7362
0.74
0.7364999999999999
0.7364999999999999
0.7361
0.7368
0.736
0.8692
0.736
0.7363
0.736
0.8495
0.7362
0.7363
0.736
0.7363
0.7362
0.7359
0.7357
0.7361
0.7358
0.7359
0.7397
0.7363
0.736
0.7359
0.736
0.736
0.7355
0.8725
0.7361
0.736
0.9131
0.7796
0.7374
0.7366999999999999
0.7366999999999999
0.7364999999999999
0.7366999999999999
0.7366
0.7361
0.7362
0.7359
0.7489
0.7364999999999999
0.7363
0.7364999999999999
0.7364
0.7361
0.736
0.7363
0.8468
0.7363
0.9992
0.9946
0.737
0.7364999999999999
0.7369
0.7363
0.7364999999999999
0.7374
0.7362
0.737
0.7475999999999999
0.8114
0.7369
0.7363
0.7363
0.7357
0.7361
0.8803
0.7374999999999999
0.8865000000000001
0.859
0.7385
0.7372000000000001
0.7364999999999999
0.7363
0.7364
0.7364999999999999
0.7364999999999999
0.7364999999999999
0.736
0.7363
0.7514000000000001
0.7362
0.7385999999999999
0.7363
0.7362
0.7364
0.7362
0.7357
0.7357
0.736
0.9675
0.7371
0.7366999999999999
0.7363
0.7364999999999999
0.7362
0.7362
0.7364
0.736
0.7362
0.7364
0.7475
0.7364999999999999
0.7358
0.7362
0.7366
0.736
0.7364
0.7364999999999999
0.7366
0.7362
0.7364
0.9102
0.7380000000000001
0.7376
0.7372000000000001
0.7368
0.7366
0.737
0.7364999999999999
0.7362
0.7364
0.7484
0.7363
0.7363
0.7363
0.7361
0.7362
0.736
0.7361
0.7361
0.7362
0.7359
1.3186
0.7374999999999999
0.7369
0.7361
0.7364999999999999
0.7359
0.7357
0.736
0.7363
0.7482
0.7366999999999999
0.7378
0.7364
0.736
0.7363
0.7359
0.736
0.7363
0.7362
0.736
0.8671
0.7377
0.878
0.7364999999999999
0.7364
0.7364999999999999
0.7368
0.7368
0.7366
0.7361
0.7482
0.7368
0.7366
0.7359
0.7364
0.7363
0.7366999999999999
0.7373
0.7359
0.8086
0.7374999999999999
0.9559
0.7374999999999999
0.796
0.7847000000000001
0.7359
0.736
0.7364
0.7363
0.736
0.7364
0.7485
0.7366
0.7364
0.7366
0.7366
0.7358
0.7364
0.7361
0.7361
0.7362
0.7359
0.8442999999999999
0.737
0.7366
0.7968
0.9652999999999999
0.7385999999999999
0.7374999999999999
0.7366999999999999
0.737
0.7364
0.7404
0.7362
0.7361
0.7363
0.7361
0.7364
0.7364
0.7359
0.7366
0.7359
0.7363
1.1594000000000002
0.8216
0.7373
0.737
0.8849
0.7364999999999999
0.7362
0.7366999999999999
0.7364999999999999
0.7371
0.7398
0.7364
0.7361
0.7364999999999999
0.7364
0.7364999999999999
0.7363
0.736
0.7364999999999999
0.7366999999999999
0.8446
0.737
0.7362
0.7366
0.7364
0.7935000000000001
0.7862
0.7366
0.7364999999999999
0.7368
0.736
0.7409
0.7359
0.736
0.7361
0.7364999999999999
0.7361
0.7361
0.7361
0.7358
0.7359
0.8328
0.7363
0.7358
0.7359
0.7358
0.7362
0.7908999999999999
0.7707999999999999
0.7361
0.7358
0.7362
0.7404999999999999
0.7361
0.7359
0.7366999999999999
0.7361
0.7366
0.7359
0.7363
0.7361
0.7364999999999999
0.8331000000000001
0.7489
0.7359
0.7366
0.7366
0.7364
0.8115
0.8124
0.7667
0.7368
0.7363
0.74
0.7358
0.736
0.7358
0.736
0.7357
0.7362
0.7359
0.7359
0.7361
0.858
1.0836000000000001
0.7371
0.7361
0.7362
0.736
0.7357
0.7357
0.8431
0.7358
0.7397
0.7359
0.7356
0.7359
0.7361
0.7358
0.7361
0.736
0.7358
0.7363
0.7359
0.9427
0.7377
0.7369
0.7368
0.7366
0.7366
0.7364
0.7366999999999999
0.7361
0.8775999999999999
0.7408
0.7364
0.861
0.7515
0.737
0.7372000000000001
0.7368
0.7364
0.7361
0.7362
0.7362
0.9728
0.7374999999999999
0.7372000000000001
0.7363
0.7366999999999999
0.7364999999999999
0.7364
0.7359
0.7364999999999999
0.8647
0.7615999999999999
0.7362
0.7369
0.7363
0.7364999999999999
0.7359
0.7363
0.7363
0.7361
0.7358
0.736
0.8406
0.7364999999999999
0.7366
0.7361
0.7364999999999999
0.7363
0.7358
0.7357
0.736
0.7363
0.8362
0.7493000000000001
0.7364
0.7362
0.7358
0.7362
0.7363
0.7366
0.7369
0.7364999999999999
0.7362
0.9304
0.7969999999999999
0.7969
0.7961
0.796
0.7961
0.7967
0.7965
0.7967
0.819
0.8749
0.7508
0.7366
0.8112
0.7368
0.7368
0.7369
0.7366
0.7364
0.7361
0.7764
0.736
0.7362
0.7364
0.7364999999999999
0.7358
0.7363
0.7361
0.7361
0.7359
0.8716
0.8718
0.8632
0.7364999999999999
0.7366999999999999
0.7364
0.7364
0.7359
0.7359
0.7358
0.7403000000000001
0.7361
0.7364
0.7358
0.7359
0.7364999999999999
0.737
0.7361
0.7364999999999999
0.7356
0.7364
0.8496
0.7374999999999999
0.7373
0.8605
0.7364
0.7371
0.7366999999999999
0.7364
0.7364
0.7364999999999999
0.7445
0.7366
0.7362
0.7364
0.7364
0.7366
0.7359
0.7362
0.7359
0.7357
0.7359
1.0218
1.0187
0.737
0.8711
0.7363
0.7358
0.7362
0.7355
0.7362
0.7362
0.88
0.7374999999999999
0.7369
0.7364999999999999
0.7362
0.7362
0.7363
0.7361
0.7361
0.7359
0.8375
0.752
0.7373
0.7373
0.7369
0.8623
0.7362
0.7364999999999999
0.7364
0.736
0.7362
0.7396
0.7361
0.7359
0.7362
0.7362
0.7364999999999999
0.7364
0.7361
0.7372000000000001
0.7364
0.8468
0.7378
0.7366999999999999
0.7369
0.7369
0.794
0.7849
0.7366
0.7361
0.7366
0.7372000000000001
0.7484
0.8125
0.7374
0.7372000000000001
0.7369
0.7369
0.7364999999999999
0.7362
0.7361
0.7359
0.8235
0.7371
0.7368
0.7369
0.7366
0.7361
0.7988
0.794
0.7364
0.7364
0.7363
0.7479
0.7364
0.736
0.7364
0.736
0.7364
0.7361
0.7358
0.7361
0.7357
0.9429
1.0649
0.7364999999999999
0.7363
0.7363
0.7363
0.7364
0.8843
0.7362
0.7359
0.7487
0.7363
0.7362
0.7361
0.736
0.7363
0.7364
0.7361
0.7364999999999999
0.7359
0.7366
0.8577
0.7368
0.7368
0.7366999999999999
0.7361
0.7358
0.7359
0.7358
0.888
0.7364
0.7472
0.7361
0.7364
0.7363
0.7362
0.7363
0.7357
0.7358
0.736
0.736
0.7361
0.8983
0.7364999999999999
0.7357
0.7363
0.7357
0.7358
0.7355
0.7357
0.8082
0.7888
0.7479
0.736
0.7361
0.736
0.7368
0.7364
0.736
0.736
0.736
0.8793
0.8508
0.7514000000000001
0.7368
0.737
0.7366999999999999
0.7366
0.7366999999999999
0.7366999999999999
0.7366
0.7366999999999999
0.8633
0.7481
0.7366
0.7366999999999999
0.737
0.7364
0.7363
0.7364
0.7372000000000001
0.7362
0.8095
0.9740000000000001
1.1111
0.7776000000000001
0.7378
0.7373
0.7374
0.7364999999999999
0.7366
0.7364999999999999
0.7363
0.8733000000000001
0.7369
0.7366
0.7366999999999999
0.7363
0.7364999999999999
0.7366
0.7358
0.7362
0.7362
0.7361
0.8115
0.7364999999999999
0.7358
0.7359
0.736
0.7362
0.7359
0.7363
0.736
0.7358
0.7467
0.8719
0.7364
0.7363
0.7356
0.7362
0.7364
0.7368
0.7359
0.7363
0.7359
0.8741000000000001
0.7374999999999999
0.7368
0.7366999999999999
0.7364999999999999
0.7359
0.7366
0.7366999999999999
0.7364
0.736
0.7406
0.7363
0.851
0.7361
0.736
0.7364
0.7362
0.7359
0.7364
0.736
0.736
0.8555
0.7369
0.7364999999999999
0.7364
0.7361
0.7361
0.7359
0.7363
0.7357
0.7358
0.7393000000000001
0.7362
0.7357
0.8408
0.7359
0.7363
0.7359
0.7359
0.736
0.7361
0.7357
1.1305
0.9228
0.7366999999999999
0.7361
0.7364
0.7362
0.736
0.7358
0.7364
0.7361
0.8417
0.7364999999999999
0.7366
0.8758
0.7496999999999999
0.7363
0.7364
0.7357
0.7364
0.7361
0.7481
0.7366
0.7363
0.7361
0.7364
0.7366999999999999
0.7358
0.9555
0.7377
0.7374999999999999
0.8088000000000001
0.7514000000000001
0.737
0.7366999999999999
0.7364999999999999
0.8744
0.7363
0.7363
0.7363
0.7362
0.7363
0.7532
0.7364999999999999
0.7363
0.7361
0.7363
0.7362
0.7359
0.7358
0.7359
0.7361
0.7926
0.754
0.7366
0.7362
0.7363
0.7361
0.8447
0.7366
0.7359
0.7358
0.7358
0.749
0.7364
0.7364
0.7361
0.736
0.7363
0.7364
0.7379
0.7364999999999999
0.7363
0.7363
1.2413
0.7372000000000001
0.7366999999999999
0.7362
0.7362
0.8725999999999999
0.7369
0.7366
0.736
0.8714000000000001
0.786
0.7362
0.7362
0.7359
0.7357
0.7361
0.8314
0.7366
0.7364999999999999
0.7364
0.7397
0.7362
0.7364999999999999
0.736
0.736
0.9993999999999998
1.1177
1.1696
0.7376
0.8458
0.7372000000000001
0.7371
0.7364999999999999
0.7366
0.7361
0.7364
0.736
0.7362
0.7359
0.7488
0.7366999999999999
0.7363
0.7363
0.7362
0.7364
0.7364
0.736
0.8138000000000001
0.7968
0.7361
0.8252999999999999
0.7366999999999999
0.7361
0.736
0.7363
0.7366999999999999
0.7358
0.736
0.7362
0.7362
0.7467
0.7363
0.7358
0.7358
0.7372000000000001
0.7356
0.8254999999999999
0.7371
0.7371
0.8845
0.7364
1.1965000000000001
0.7715000000000001
0.7362
0.7363
0.7364999999999999
0.7359
0.7364
0.7364
0.7366999999999999
0.7357
0.8441
0.7361
0.7363
0.7357
0.8773
0.7379
0.7364999999999999
0.7362
0.7364
0.8719
0.7584
0.7362
0.736
0.7359
0.7361
0.7361
0.7358
0.7364
0.7361
0.736
0.736
0.8296
0.7368
0.7357
0.7364999999999999
0.7358
0.7364999999999999
0.7361
0.7359
0.736
0.7359
0.8563000000000001
0.7363
0.7359
0.736
0.7362
0.7366
0.7359
0.7366
0.7362
0.7362
0.7357
0.8207000000000001
0.736
0.7362
0.7358
0.7363
0.7361
0.7362
0.7355
0.7359
0.7357
0.7438
0.8681
0.7364
0.7359
0.7361
0.736
0.7357
0.7357
0.7359
0.7356
0.7359
0.855
0.7371
0.7359
0.7358
0.7364
0.7359
0.736
0.7358
0.7358
0.7361
0.988
1.1145
0.7963
0.7793
0.9121
0.8688
0.7684000000000001
0.7363
0.7359
0.7535000000000001
0.7364999999999999
0.7366
0.7362
0.7366999999999999
0.7366
0.7366
0.7366999999999999
0.7364
0.736
0.7364
0.9510000000000001
0.7379
0.9081
0.896
0.815
0.7380000000000001
0.737
0.7532
