6.95172e-310
6.95172e-310
214.881
214.205
209.714
209.419
208.094
204.279
203.498
202.999
211.498
205.798
208.882
205.465
206.748
207.488
206.54
221.09
216.771
214.709
215.388
207.891
211.67
202.562
208.93
209.28
205.275
200.596
196.459
196.124
200.827
198.208
195.642
194.725
196.424
200.606
198.08
194.868
196.211
193.853
199.282
196.712
194.176
196.799
193.074
196.593
196.981
193.742
193.442
192.623
196.27
198.338
193.729
192.821
193.07
191.917
194.972
195.732
191.738
192.513
193.629
194.961
194.878
191.688
191.054
192.031
191.329
198.531
191.766
190.959
192.271
192.399
194.14
195.03
190.784
190.879
192.116
193.648
194.03
190.894
190.771
193.906
190.095
197.143
191.747
191.728
190.593
191.089
193.277
193.848
190.613
190.237
192.446
193.38
193.352
191.68
189.996
189.843
191.039
195.793
190.802
189.51
191.738
190.074
193.67
198.603
196.268
195.459
196.417
194.727
192.535
189.943
190.065
192.327
192.581
193.389
189.568
190.158
189.147
190.109
193.153
192.107
189.859
196.547
194.334
197.375
197.71
194.557
195.169
193.09
191.55
192.75
188.464
189.091
191.31
189.035
192.14
191.563
189.939
188.994
188.442
192.124
195.269
195.043
190.515
189.571
189.341
193.957
188.695
189.011
188.567
189.062
191.981
191.933
188.739
190.629
189.199
192.174
191.843
188.129
188.128
189.211
188.935
193.581
190.202
190.117
188.232
188.54
191.261
190.886
188.839
188.453
188.325
190.214
192.693
188.238
189.976
187.952
190.387
191.449
191.522
188.417
187.823
187.856
191.967
191.539
190.208
188.368
188.073
187.975
192.877
190.896
194.576
195.256
188.993
191.431
191.106
190.552
188.493
187.274
191.081
191.085
188.118
187.889
188.229
187.636
192.078
190.738
191.641
188.43
186.805
190.349
191.274
187.368
188.375
190.475
193.229
200.144
194.253
187.061
187.823
187.207
190.239
191.762
187.413
188.074
187.343
190.25
191.271
188.663
186.959
187.361
186.447
190.312
190.768
187.038
187.245
187.583
189.885
192.097
187.167
187.23
187.416
186.77
191.045
189.73
191.005
192.505
192.46
195.023
196.624
190.806
187.529
187.457
189.811
189.926
187.491
187.703
186.569
187.351
190.08
190.646
186.672
186.574
186.989
190.451
190.152
187.004
186.687
186.564
187.079
192.211
194.271
196.209
192.246
193.555
194.553
189.424
187.041
187.106
186.613
190.62
192.604
192.437
194.947
192.15
192.452
194.663
196.871
189.124
187.399
186.448
191.519
190.338
186.547
192.893
190.329
186.674
193.317
187.17
186.968
187.358
186.228
190.515
190.421
189.699
189.514
186.579
190.599
191.171
192.335
191.714
187.958
186.455
192.109
189.871
187.036
185.697
187.199
189.853
190.235
186.384
187.271
187.111
188.588
192.584
187.743
186.5
187.106
187.228
188.64
189.791
186.645
186.636
186.624
190.245
192.006
186.881
186.825
185.935
186.869
189.883
189.428
187.534
186.726
186.711
191.689
190.091
185.885
186.35
186.082
186.997
189.937
189.653
187.351
186.178
188.409
190.161
189.357
186.126
187.386
185.867
186.713
190.649
188.711
187.092
186.423
188.306
189.952
188.771
185.706
186.732
186.176
186.093
192.844
186.425
186.031
186.944
188.053
191.181
190.093
186.609
186.188
186.64
189.459
189.782
185.86
186.292
186.65
187.807
189.427
189.687
186.837
185.473
187.055
189.263
189.025
186.751
186.009
188.549
186.556
189.212
189.376
185.946
185.921
186.908
189.037
188.966
186.665
186.073
188.035
186.696
189.581
189.329
186.349
186.021
186.349
193.665
194.301
192.044
192.049
193.005
192.595
189.926
185.705
186.643
185.882
186.31
189.404
192.895
192.792
194.214
190.658
196.032
194.415
186.228
186.416
186.628
189.754
198.135
192.545
192.052
187.956
185.268
194.026
190.66
185.127
186.608
185.915
189.375
189.477
185.672
187.624
186.334
185.617
189.546
189.017
185.158
188.23
186.031
190.648
190.697
191.284
187.566
186.603
185.475
188.835
189.133
186.045
185.212
185.303
188.787
189.77
185.966
188.031
186.667
186.053
191.386
186.51
185.625
184.856
185.339
189.587
190.935
188.407
188.695
185.38
185.88
192.089
186.37
187.107
191.175
191.657
194.295
194.41
192.053
187.867
185.789
189.266
189.177
185.994
188.238
186.283
186.09
188.635
188.402
188.027
185.527
185.381
190.398
193.062
186.128
186.118
185.449
185.696
189.869
188.854
188.623
185.118
185.02
189.599
188.734
185.679
185.557
185.368
185.648
189.419
192.165
191.39
186.406
185.631
188.792
189.639
185.14
186.371
185.289
185.204
189.217
191.982
185.048
185.948
184.652
188.826
189.704
185.063
185.386
186.182
184.689
191.998
188.373
185.502
186.112
186.237
188.727
190.016
184.847
185.28
185.688
185.234
192.096
187.89
185.036
184.76
185.38
188.167
188.493
185.697
185.561
185.289
185.285
193.312
186.451
185.351
185.105
185.348
189.029
188.895
185.7
185.268
184.905
187.217
192.527
184.732
185.635
185.373
185.409
188.775
188.52
185.775
185.131
184.691
188.809
190.802
184.275
186.452
185.766
186.182
191.819
188.077
184.966
185.705
185.08
188.419
191.5
184.266
185.613
185.218
185.44
188.811
188.495
185.3
185.598
185.318
189.771
189.058
184.941
185.045
184.797
184.948
188.18
188.529
185.138
185.435
184.823
190.735
188.706
184.639
185.047
185.319
185.544
187.846
191.517
190.567
185.948
185.765
189.182
190.452
188.14
184.941
185.14
185.139
188.336
188.266
184.653
184.813
185.365
190.75
193.488
191.601
190.472
190.577
188.114
190.136
184.912
185.515
185.055
188.04
187.941
187.97
184.867
184.874
184.788
186.508
190.757
188.163
186.275
184.401
187.956
188.565
188.769
184.968
185.656
189.284
194.184
193.069
190.716
186.052
184.734
186.486
188.508
187.915
185.371
185.872
184.508
188.176
188.309
184.698
185.783
185.456
186.675
191.862
187.706
184.924
185.23
184.423
187.208
188.483
184.711
184.637
187.191
185.196
187.614
188.457
185.644
185.483
185.157
188.533
187.852
184.986
185.135
187.467
184.792
188.995
188.678
184.762
184.309
185.422
187.445
186.937
185.551
184.773
186.947
185.148
187.844
187.933
185.69
184.925
185.42
187.737
187.297
185.503
184.749
186.906
185.713
188.019
188.316
185.874
184.754
184.188
188.419
188.592
184.725
185.034
186.476
185.229
188.254
188.046
185.745
184.352
184.883
188.988
187.924
185.249
193.675
193.82
193.902
195.54
191.114
190.975
190.478
190.486
193.27
193.111
189.628
192.598
190.083
192.923
194.238
190.916
190.718
187.951
184.982
190.676
184.837
186.651
184.798
184.058
187.8
188.449
184.976
184.626
187.831
186.22
189.993
184.998
192.028
190.304
190.022
189.205
189.688
185.174
185.305
184.567
188.185
187.637
185.156
186.283
184.468
185.744
188.57
187.691
184.081
184.521
187.99
193.028
193.193
192.009
191.406
191.818
190.235
189.321
187.566
184.908
184.059
184.522
188.189
190.11
186.151
183.835
184.212
184.582
187.857
187.066
185.307
183.945
183.862
190.122
193.361
191.916
190.283
190.122
193.606
189.559
183.645
184.802
184.681
184.085
188.06
187.708
189.745
190.014
189.751
188.055
188.925
184.391
185.085
184.341
184.437
188.013
188.507
187.202
185.048
184.375
188.032
188.73
183.923
184.547
184.084
184.534
188.175
190.189
183.883
184.46
184.685
188.226
188.177
185.651
183.843
184.907
185.381
188.342
190.73
184.285
184.027
185.117
187.961
188.043
185.856
184.195
184.468
184.747
187.799
190.254
184.512
183.711
184.534
188.259
187.487
185.279
184.001
185.183
186.131
188.302
188.863
184.786
183.979
184.621
188.267
188.109
184.688
184.515
185.031
185.041
190.467
192.294
184.142
184.519
184.45
187.926
187.261
184.191
184.931
184.246
184.488
193.709
190.834
220.219
198.295
184.522
190.519
193.206
189.771
190.335
190.101
193.083
195.034
189.51
189.866
187.855
184.594
188.094
188.358
183.266
184.877
184.857
189.959
188.901
184.809
184.33
184.675
184.44
188.021
188.59
184.908
183.848
184.768
189.309
187.125
185.224
184.662
184.936
184.998
187.876
188.38
184.72
184.245
184.82
189.348
187.947
185.363
185.009
184.053
184.869
187.791
187.439
185.153
184.017
184.394
189.773
187.955
184.656
184.859
184.237
184.826
187.654
187.63
184.973
184.525
184.189
190.237
187.663
184.666
184.825
184.224
184.25
188.225
187.739
184.179
184.147
184.276
189.778
187.843
184.827
184.659
184.352
184.088
201.767
195.127
191.713
187.122
185.871
187.966
187.91
183.569
184.416
184.632
183.938
187.938
188.367
184.281
184.669
186.094
186.492
189.221
184.258
183.978
184.874
184.222
187.274
188.373
184.467
184.522
186.649
186.428
187.898
185.343
183.662
184.733
184.078
187.184
188.23
183.716
186.412
191.381
187.224
187.269
185.212
184.459
184.764
184.69
187.083
187.284
184.5
185.335
185.055
186.961
187.355
185.186
184.502
184.204
184.609
187.828
187.206
184.906
186.759
183.757
188.557
188.042
184.434
184.938
184.116
184.39
188.141
187.272
185.171
186.24
183.672
188.057
187.583
184.474
184.589
184.315
184.038
187.765
186.808
184.302
185.929
183.813
187.042
187.823
184.584
183.748
184.025
183.553
187.717
187.443
184.697
186.246
184.627
187.181
188.273
184.092
184.338
183.84
184.706
187.777
188.331
183.668
185.677
184.975
186.974
187.642
186.721
183.749
184.488
183.959
188.117
188.813
185.215
183.793
185.114
188.243
187.807
185.644
183.733
183.665
184.553
186.663
188.348
186.598
184.295
185.476
187.007
186.519
184.107
183.866
184.089
184.52
187.235
187.174
186.132
184.014
184.333
187.549
188.101
189.348
188.779
185.552
186.344
187.555
187.568
188.444
184.456
183.825
188.468
186.986
183.989
184.129
184.578
184.244
187.965
186.87
186.1
184.183
218.195
189.842
187.601
187.776
185.52
183.633
184.119
188.847
193.632
188.723
187.773
183.485
186.87
187.116
183.85
184.317
184.037
183.898
187.651
189.528
183.984
184.38
183.87
186.322
188.147
183.824
184.035
184.165
183.465
187.19
188.327
183.935
184.422
184.531
187.005
187.401
184.1
184.557
183.754
184.85
186.296
189.448
183.582
184.37
184.517
187.28
186.837
185.002
183.966
184.013
185.553
187.576
188.817
184.961
184.187
184.095
187.945
186.583
185.469
183.249
184.092
184.262
189.998
187.457
184.557
183.812
184.729
188.961
186.024
185.09
192.799
187.779
183.459
190.073
186.892
184.003
183.571
183.852
187.617
184.108
186.317
184.141
184.531
183.619
189.327
187.615
186.332
189.359
183.562
186.404
185.503
192.989
189.201
190.312
188.822
193.001
192.058
189.007
189.657
189.014
193.1
192.13
189.232
189.385
191.873
188.951
187.625
187.023
186.525
185.008
184.26
187.484
188.249
183.791
183.832
183.921
186.509
187.394
187.46
184.141
183.989
183.713
187.029
187.653
184.191
183.955
183.392
186.312
187.191
188.023
183.499
183.366
184.19
186.662
187.595
183.911
183.577
183.924
186.655
187.65
186.871
183.564
183.762
183.428
187.954
186.827
184.629
184.338
183.646
186.009
190.801
304.022
213.166
195.278
185.047
187.804
186.74
191.209
183.438
188.25
187.587
186.575
184.155
184.918
186.501
184.736
187.394
187.309
183.79
185.299
183.682
188.074
187.331
183.355
240.113
208.46
199.119
202.265
193.658
209.165
188.317
183.526
188.194
188.347
183.504
184.522
182.952
187.247
188.606
183.719
187.205
187.229
185.979
187.743
187.094
182.603
184.337
183.584
187.1
188.718
184.035
186.052
184.744
183.382
188.307
187.642
203.698
192.792
189.586
187.279
188.76
190.046
191.832
189.989
183.391
186.885
187.435
183.454
183.346
183.386
186.606
186.849
188.143
184.858
183.556
184.392
187.334
187.706
198.675
192.8
191.226
187.651
186.301
186.806
183.499
183.748
183.637
186.747
186.016
184.525
183.568
184.095
187.214
187.281
188.532
184.584
183.857
184.76
186.795
186.392
184.794
184.159
186.713
186.891
184.529
188.381
184.46
183.705
183.808
187.898
186.649
184.031
183.328
183.698
183.954
186.839
187.916
184.124
183.755
185.689
187.7
187.142
183.624
183.713
182.981
182.984
190.498
191.194
186.422
184.056
183.507
186.857
187.369
183.508
184.167
183.649
183.411
189.954
189.723
188.923
190.765
185.882
187.275
184.626
187.437
183.518
183.911
183.78
190.117
187.389
183.726
184.094
182.934
186.027
189.316
192.13
183.994
183.742
183.458
188.926
188.393
183.903
183.203
183.08
184.327
186.232
187.908
183.371
183.869
183.12
189.382
191.188
188.766
193.171
184.781
182.685
191.067
190.743
183.398
182.894
186.374
186.798
186.636
184.268
182.8
183.481
183.474
187.612
194.131
189.026
186.822
185.536
186.332
187.585
183.513
183.702
183.111
184.153
186.84
187.414
184.081
183.213
190.627
193.225
192.957
189.678
186.661
183.49
187.933
187.92
186.966
183.711
188.492
190.896
188.857
184.827
191.088
190.031
187.017
184.234
188.131
186.855
187.611
185.934
185.657
187.429
184.624
186.495
184.628
183.467
183.373
188.257
187.218
183.11
185.828
184.062
183.375
187.917
186.83
183.977
184.29
182.909
187.669
187.424
183.717
188.701
191.061
183.904
187.527
186.742
183.865
183.994
183.184
186.762
187.344
183.459
185.497
183.726
183.246
187.213
187.879
183.946
184.299
183.887
186.489
187.382
183.201
185.421
183.964
183.214
187.241
187.684
183.47
183.927
184.556
184.085
188.567
184.964
191.146
189.177
185.363
186.931
187.567
183.72
183.123
184.059
183.651
195.354
190.48
190.775
183.409
183.308
187.24
187.35
183.876
183.49
182.906
183.89
187.41
189.053
183.913
183.375
183.615
186.462
187.953
184.211
183.421
183.934
183.741
187.055
193.173
190.277
186.635
183.503
187.2
186.82
183.425
184.439
183.142
184.136
187.38
190.725
186.075
183.393
183.414
188.011
187.024
183.587
189.916
182.389
183.241
189.67
194.187
191.046
189.811
189.325
193.039
193.099
189.433
189.635
188.952
189.263
194.661
191.951
189.375
191.007
191.667
193.236
188.751
183.706
183.762
183.218
184.243
189.251
187.113
182.79
183.938
183.037
187.568
187.379
183.133
183.594
184.311
183.202
187.955
186.656
183.527
183.205
183.916
185.135
189.838
183.701
183.288
183.159
183.307
188.175
187.466
183.368
183.556
183.73
183.357
187.385
186.698
183.247
183.044
184.394
188.46
190.481
183.853
183.978
183.997
183.34
186.545
186.978
183.128
184.043
184.183
188.763
187.153
184.174
183.547
182.554
183.664
187.289
186.033
183.88
183.139
185.439
187.305
186.239
183.45
183.495
183.405
183.65
187.35
187.065
183.593
183.807
185.266
187.876
186.207
183.554
184.176
183.762
183.663
188.162
186.019
183.807
184.446
185.642
183.661
187.964
186.47
184.625
183.366
183.387
187.67
186.887
184.864
184.236
185.271
185.945
187.195
186.554
183.717
187.718
189.369
189.247
188.358
186.465
183.542
185.242
183.353
187.763
186.447
184.159
183.691
184.123
186.438
186.888
183.587
183.803
186.206
183.493
190.246
190.992
183.33
182.973
184.102
186.177
184.532
186.51
184.817
183.914
183.439
186.748
190.665
183.869
182.607
183.182
186.928
187.003
193.598
188.478
183.75
183.971
186.93
187.772
183.875
182.812
183.671
184.478
186.345
187.179
185.243
183.444
183.69
186.925
186.853
183.295
183.29
183.131
183.907
186.738
186.643
185.965
182.936
188.456
190.518
187.562
182.897
183.872
182.895
183.914
186.841
187.267
186.517
183.262
182.715
187.467
188.068
183.091
183.912
182.835
183.071
191.392
190.358
184.851
183.886
183.276
187.032
185.957
189.815
189.814
184.156
183.526
187.183
187.496
184.685
184.724
189.127
194.798
189.741
183.486
183.483
183.449
183.633
187.131
189.732
185.689
187.723
182.941
187.099
189.834
182.599
182.809
183.649
183.754
186.849
189.548
183.299
182.986
183.743
186.699
183.947
186.9
182.916
183.708
183.993
186.788
189.325
182.483
183.787
184.163
183.66
187.027
187.826
183.449
183.491
183.499
186.522
187.772
183.863
183
183.392
184.063
186.994
187.353
182.923
183.44
183.629
186.614
187.904
184.45
182.926
183.058
183.885
186.414
187.059
184.127
183.053
183.486
188.95
187.429
186.176
184.084
183.244
182.866
192.107
191.582
187.838
183.567
183.294
188.522
183.044
187.133
183.813
182.786
182.811
191.265
192.163
189.182
189.602
183.634
189.271
183.454
186.135
183.772
183.105
183.076
187.016
186.339
183.955
183.804
183.483
186.685
185.756
186.995
183.198
183.95
183.178
186.822
187.531
182.835
182.867
183.488
186.727
186.537
188.075
183.702
183.121
187.592
194.217
193.027
190.053
188.692
185.285
184.92
187.389
188.264
183.132
183.128
183.125
187.254
185.93
184.647
183.282
186.15
183.94
186.985
187.463
183.214
183.242
183.984
186.269
183.833
187.661
182.852
185.345
183.386
186.952
186.73
183.92
182.67
182.817
187.499
183.385
185.69
183.565
184.339
183.482
186.921
186.164
183.849
183.429
182.679
184.049
186.659
186.987
183.828
185.791
183.142
186.61
187.774
183.563
183.872
183.355
182.404
187.893
186.587
183.685
184.917
182.909
187.335
186.306
186.381
183.57
183.269
183.249
187.023
187.671
183.297
185.849
183.402
185.609
185.789
195.613
189.331
188.892
189.223
192.554
191.711
189.975
190.064
188.754
192.057
191.806
185.51
183.673
187.992
189.214
191.258
190.056
185.285
183.953
183.203
186.337
185.06
186.305
183.205
183.881
182.685
186.221
186.896
186.214
183.726
183.477
186.577
183.404
187.198
182.641
183.728
183.422
186.749
188.717
184.696
182.997
184.058
186.558
183.684
186.421
183.22
183.047
183.973
186.138
187.463
186.179
183.705
183.623
183.326
186.509
186.327
182.945
183.839
183.376
188.838
192.476
186.482
182.55
183.589
183.155
191.557
191.076
188.953
188.794
183.98
187.404
188.337
183.528
183.604
186.335
183.196
187.862
186.833
183.357
183.819
183.225
187.206
188.266
182.975
183.995
183.213
183.301
186.753
186.289
183.395
183.704
183.563
187.022
189.998
183.839
182.665
183.85
182.278
186.34
186.84
183.435
183.721
183.444
186.12
187.738
184.508
183.148
183.538
183.332
186.439
187.747
183.09
183.551
184.155
187.144
188.106
192.428
186.937
183.013
183.454
190.236
191.285
182.717
182.68
183.712
184.708
187.107
187.27
183.483
183.269
184.127
186.715
186.937
183.894
183.348
182.896
182.896
187.802
187.828
183.568
183.981
183.702
186.604
187.053
183.681
183.262
182.478
185.278
187.214
186.239
185.562
188.109
188.374
193.319
192.893
188.828
189.998
188.931
191.462
191.777
215.767
186.096
183.442
182.961
187.74
188.677
183.214
183.745
182.355
188.969
184.396
186.939
184.16
183.543
183.325
187.043
187.022
183.18
183.511
182.842
185.306
187.549
186.495
183.419
183.938
183.068
187.141
186.879
184.192
183.347
183.422
185.465
187.284
186.835
183.717
183.494
183.243
187.015
187.779
183.416
183.15
185.226
182.807
187.465
192.442
191.136
182.577
183.903
187.143
183.504
186.266
182.591
185.62
183.691
187.5
187.071
183.222
186.98
183.857
183.236
186.565
187.462
182.273
185.181
183.806
191.479
188.971
184.007
182.891
182.693
184.852
186.699
186.647
183.464
184.565
183.152
186.799
186.743
183.81
183.635
183.542
183.384
186.558
188.487
187.352
185.097
183.085
187.627
184.171
185.968
183.005
183.138
183.324
188.144
186.192
183.836
185.323
182.699
187.704
183.48
187.125
183.44
183.34
182.626
187.339
186.333
183.374
185.9
182.903
183.345
187.356
187.002
183.506
187.095
188.804
192.694
190.086
186.663
184.035
182.982
184.04
186.369
186.338
183.216
183.291
182.959
186.423
186.915
185.065
182.029
183.833
183.214
187.031
187.69
184.653
183.573
183.352
188.243
183.56
188.956
183.438
183.683
182.83
186.9
187.202
183.447
182.838
184.105
185.894
183.346
189.361
183.199
182.907
183.279
186.592
186.381
183.807
183.144
183.758
186.047
183.445
188.615
182.935
183.023
183.823
186.273
187.352
183.826
183.134
182.684
183.915
186.457
188.621
183.576
182.675
182.563
187.036
184.305
186.341
183.286
186.861
188.671
193.557
191.151
183.485
182.688
182.985
187.381
183.235
187.104
184.091
183.27
183.569
188.831
186.006
183.229
183.472
183.342
186.298
184.669
186.964
183.259
185.078
183.298
192.946
192.713
188.886
186.819
183.17
183.165
193.405
191.635
184.322
183.838
182.328
189.079
187.431
183.188
183.199
183.446
183.609
187.596
187.34
183.307
186.352
182.78
188.923
187.581
182.687
182.745
183.725
183.306
186.001
188.143
183.063
182.655
183.303
188.824
186.891
183.169
182.89
183.321
183.246
186.568
186.358
183.039
183.402
184.168
184.407
186.608
187.713
183.216
182.996
183.547
186.853
187.362
183.338
183.046
183.618
184.977
186.314
186.083
182.94
183.336
183.235
187.099
187.062
183.009
182.465
185.368
183.817
189.519
186.535
183.152
182.595
182.545
187.169
186.335
183.467
183.336
184.952
183.673
186.458
186.892
183.238
182.985
182.856
186.45
186.383
183.059
183.727
184.992
183.079
187.99
186.218
182.969
184.065
183.648
182.257
187.576
186.105
183.156
186.23
182.984
186.728
186.944
182.132
183.684
183.796
183.158
187.393
186.593
183.56
185.105
182.322
186.298
187.793
182.789
182.946
183.065
182.349
186.607
187.435
183.273
188.103
189.194
191.635
193.379
188.737
184.995
183.751
182.309
186.91
186.879
183.416
185.522
183.935
188.161
216.083
194.518
188.328
188.595
191.981
189.089
190.806
184.774
182.888
184.257
186.691
185.81
184.23
182.774
183.482
183.118
186.44
186.261
185.88
182.909
183.589
186.675
186.954
183.576
188.507
184.737
183.798
186.569
185.642
188.808
190.945
188.618
192.202
192.15
188.634
188.851
188.5
189.985
190.844
191.931
190.249
188.483
188.097
192.032
193.668
188.385
187.438
183.007
185.919
185.114
193.462
189.18
189.123
188.686
192.542
192.152
188.73
189.454
188.274
191.774
186.791
185.088
183.327
182.925
182.355
186.692
186.984
183.439
183.5
183.214
187.186
186.851
185.016
182.659
183.485
188.399
192.779
193.244
183.791
186.515
189.137
192.201
192.342
187.206
186.003
183.511
183.005
187.469
187.73
182.678
182.988
183.443
186.173
187.693
184.982
182.708
183.181
183.45
186.593
185.839
183.293
182.704
183.162
187.633
185.702
187.067
183.445
182.893
184.159
187.108
186.267
183.531
182.902
183.23
185.423
186.046
186.881
183.963
183.132
182.693
187.87
186.513
183.806
183.75
183.403
183.477
190.136
187.197
183.863
182.264
182.159
187.255
186.856
183.287
183.53
183.325
182.93
188.108
187.452
183.254
183.155
183.054
186.212
184.173
186.671
182.861
184.146
182.944
191.099
191.368
182.994
183.177
182.934
185.989
183.765
186.741
183.133
183.669
185.166
186.769
186.656
183.416
183.102
183.625
186.448
182.72
187.06
182.915
182.453
185.778
186.342
187.012
182.542
182.883
183.011
183.192
186.203
186.922
183.145
182.639
185.273
185.663
186.383
183.875
183.138
182.616
183.747
189.006
186.399
183.731
182.269
184.622
187.198
183.256
187.342
183.478
182.951
183.308
186.665
186.639
183.695
182.299
187.96
192.15
183.281
186.619
183.942
181.888
183.484
187.053
186.387
183.25
183.495
185.398
186.968
183.081
186.396
182.782
183.686
184.844
186.367
186.375
184.033
184.367
185.755
185.835
183.017
186.39
183.178
183.355
182.731
186.137
186.794
183.076
182.999
185.42
182.92
187.201
187.205
183.537
183.521
183.394
186.166
184.411
185.264
182.627
188.557
188.504
191.099
193.266
187.791
188.243
188.474
191.798
192.418
188.189
190.372
189.246
191.456
188.569
192.372
188.167
188.249
188.767
187.282
187.184
183.69
183.907
183.38
186.639
183.406
187.017
182.629
182.609
182.972
186.783
183.225
187.447
185.348
182.125
183.8
185.701
186.394
183.22
182.623
182.554
186.877
182.77
186.627
186.088
182.425
183.356
187.195
187.296
184.122
183.061
183.06
185.789
182.549
186.079
185.445
182.662
182.915
187.081
185.729
183.58
182.821
182.836
186.3
183.058
188.506
183.109
182.964
182.671
186.875
185.999
182.99
183.043
182.977
184.985
184.549
188.193
183.439
188.545
188.282
192.808
189.064
183.197
182.999
183.026
183.648
185.155
189.204
182.98
183.114
182.986
185.919
183.648
186.249
182.783
183.601
182.898
186.393
189.725
182.796
182.644
183.502
185.679
182.852
187.389
182.315
182.86
196.486
191.544
193.952
188.439
182.745
183.697
185.718
183.049
186.511
182.674
182.987
182.918
186.539
193.351
188.117
188.573
184.925
186.885
182.776
186.725
183.407
182.918
183.127
188.454
185.725
183.387
182.87
182.399
183.66
185.947
185.948
183.484
183.694
182.37
188.541
182.953
186.434
183.655
183.042
182.634
187.405
186.802
183.455
182.125
183.2
189.205
182.803
186.294
183.502
183.021
182.79
187.482
186.552
182.864
183.448
182.873
185.131
186.869
185.964
185.629
186.335
183.261
185.987
186.547
185.059
183.099
183.29
184.169
186.844
186.507
182.649
183.978
183.511
187.587
183.517
185.971
182.852
183.708
184.619
185.528
188.949
183.653
182.64
183.265
186.295
188.572
190.515
182.654
184.087
186.341
186.452
187.305
182.614
183.098
183.54
186.05
183.487
187.835
183.169
182.999
185.289
185.784
187.685
183.279
183.064
182.368
186.647
182.632
186.484
183.336
182.841
185.318
186.874
186.713
183.631
182.708
182.835
183.254
187.284
186.408
183.504
185.596
182.286
187.184
182.578
185.936
183.278
182.75
183.071
186.76
186.666
183.191
185.469
182.876
187.301
182.313
186.123
183.924
182.312
182.21
186.827
186.663
182.428
185.183
182.592
183.514
186.372
186.571
183.283
183.055
183.182
186.788
184.333
186.08
187.296
188.558
186.636
186.771
186.15
186.417
183.122
182.612
185.287
184.239
185.843
184.231
182.804
182.421
186.625
187.826
182.865
182.788
183.272
186.052
183.32
186.523
184.574
183.351
182.572
186.025
186.391
187.845
182.506
183.313
187.244
182.677
186.29
184.393
182.925
182.756
186.427
185.636
183.276
182.786
184.911
184.381
185.709
186.635
184.616
182.928
182.727
188.371
189.285
191.198
188.531
188.703
191.308
189.05
193.65
188.563
181.751
186.515
191.534
191.968
184.464
182.748
182.778
184.98
184.096
187.701
183.12
182.009
182.101
187.574
182.754
186.394
183.195
183.152
181.531
187.134
188.504
182.85
182.577
182.38
186.971
182.818
186.056
183.046
182.642
182.779
186.389
187.511
186.663
190.849
189.615
191.715
188.558
192.582
183.663
183.385
182.389
186.187
188.811
183.36
186.397
188.381
187.6
183.693
186.719
182.851
183.318
182.895
188.028
186.099
183.661
182.667
183.167
186.856
190.874
191.884
188.113
185.075
182.703
187.24
183.937
185.568
182.561
183.171
182.55
185.901
186.931
182.725
182.646
183.294
187.528
182.36
186.707
182.826
182.799
183.477
186.312
186.544
183.174
182.71
182.954
188.809
183.713
186.755
182.689
184.506
189.353
188.333
185.87
183.283
182.503
182.085
187.002
185.768
186.32
183.135
182.42
182.755
186.961
182.572
186.05
183.227
182.003
185.224
185.362
186.444
182.753
182.823
183.249
186.887
182.942
189.36
183.166
182.232
184.04
186.925
186.037
182.94
183.239
182.398
185.336
183.608
186.214
182.338
183.018
184.394
190.504
191.241
188.628
188.598
182.021
183.493
185.498
186.814
182.609
185.338
182.727
185.658
183.125
187.125
182.136
183.487
182.555
186.432
186.602
182.975
184.44
183.571
186.7
183.434
186.735
183.064
183.178
182.817
186.315
187.537
185.92
184.898
183.046
185.777
183.432
186.156
182.865
182.869
183.436
185.288
183.292
185.594
184.586
183.644
182.959
186.339
186.226
183.05
184.095
183.569
186.483
182.093
187.357
184.3
183.496
183.377
186.971
186.414
183.405
182.902
182.79
186.652
182.768
186.457
186.934
182.601
182.951
186.418
187.035
183.516
182.731
183.34
183.712
185.536
186.142
184.785
181.632
183.017
187.141
186.019
181.911
183.283
182.137
182.962
186.82
185.71
184.7
182.403
182.291
186.531
183.033
185.794
183.968
182.515
182.578
186.226
186.312
184.887
182.292
182.726
182.191
186.868
186.413
187.662
188.611
188.632
191.662
193.964
189.113
188.925
187.887
190.178
191.646
192.08
188.41
184.12
182.839
185.925
187.857
182.195
182.317
183.2
182.092
186.095
186.139
182.752
181.601
182.739
186.21
189.585
188.775
185.896
182.769
182.853
186.778
186.943
182.977
182.594
183.221
185.894
187.998
183.683
182.121
182.681
184.277
186.468
186.236
182.722
183.233
182.784
182.757
188.59
187.048
182.432
183.354
183.075
186.568
186.752
182.973
183.015
183.945
182.971
187.082
186.123
182.776
183.802
182.705
186.985
186.483
182.72
183.059
182.13
183.002
187.919
186.657
183.42
182.663
182.873
184.024
187.774
185.771
183.434
182.966
182.637
189.826
185.676
183.236
182.674
182.892
182.814
187.203
186.489
182.959
184.388
184.089
186.7
186.516
182.146
183.581
182.834
182.511
186.758
186.244
182.332
182.805
184.255
186.32
186.834
182.894
182.432
183.647
181.98
186.715
186.681
182.103
182.384
185.354
183.156
186.421
186.446
182.37
183.126
182.688
186.219
187.216
182.53
182.571
185.03
182.315
186.89
186.959
182.34
182.76
183.969
185.899
186.455
182.766
182.785
185.296
183.419
186.228
186.751
182.708
182.219
183.435
183.016
186.099
185.826
182.665
184.014
182.114
186.16
185.876
182.552
183.114
182.342
183.338
186.775
186.032
183.5
183.884
183.345
186.174
186.132
183.124
182.709
182.231
183.223
186.183
186.645
183.23
196.119
227.799
198.834
185.912
182.615
184.756
188.067
191.28
192.708
191.184
187.537
182.391
182.891
187.317
186.011
182.617
186.203
183.108
182.293
186.975
186.718
185.323
183.118
183.274
185.985
187.389
182.476
183.106
183.011
185.475
191.495
191.858
188.748
183.239
182.45
185.555
187.455
182.463
182.342
182.746
182.536
186.809
186.804
184.488
183.307
182.733
182.737
186.779
185.763
182.202
185.69
188.291
191.962
190.574
185.184
183.697
182.593
182.114
186.669
187.032
182.704
182.534
183.139
186.156
192.354
187.434
182.282
183.736
182.028
185.923
186.873
182.304
182.565
182.993
185.808
187.101
183.042
182.318
182.753
183.152
185.384
184.992
183.452
182.507
182.77
183.031
188.32
187.022
182.445
183.066
183.106
186.675
186.981
183.195
182.21
182.7
183.53
189.271
186.228
183.655
182.306
182.092
185.003
188.685
183.371
184.166
182.636
183.564
187.699
189.039
187.961
182.893
182.857
183.113
185.647
186.828
183.007
182.781
182.747
189.687
186.522
181.979
182.357
183.101
182.826
187.058
186.832
182.543
183.296
182.504
187.92
187.24
182.432
183.508
182.804
182.919
186.14
187.044
182.382
183.488
182.653
184.08
187.298
191.32
188.783
189.292
185.02
187.934
190.499
182.511
182.274
183.017
184.245
187.534
186.827
182.359
183.38
182.244
186.718
187.573
182.521
182.775
184.089
184.558
186.522
186.669
182.343
182.448
183.488
185.721
186.41
184.441
183.569
184.786
183.682
186.554
186.847
182.284
182.052
182.476
183.272
186.634
186.827
183.138
185.469
183.713
186.13
186.645
183.461
182.872
182.36
183.25
186.233
188.143
183.412
184.227
183.155
188.696
186.264
183.48
184.141
188.574
187.844
186.837
186.561
183.706
184.506
182.966
187.672
191.49
191.406
188.36
188.392
188.289
187.185
186.532
183.131
185.003
182.076
183.29
191.06
186.085
183.274
182.466
182.425
187.319
188.335
187.743
191.642
182.12
183.116
191.698
192.129
188.821
191.497
189.951
190.666
190.555
189.629
188.77
188.294
189.022
191.628
191.001
188.153
188.879
188.205
188.466
186.086
186.281
185.714
193.283
186.762
185.215
185.403
182.849
183.332
182.615
186.892
187.373
185.181
182.043
183.317
182.95
186.487
190.879
188.439
188.641
189.349
191.543
193.304
188.529
188.016
189.193
186.177
185.433
186.783
182.528
182.548
183.569
186.129
189.348
183.824
182.815
183.736
182.329
188.317
192.633
184.345
182.485
183.476
185.587
188.07
183.452
182.709
182.784
184.322
186.413
191.016
187.105
183.133
182.919
186.275
185.387
187.289
182.632
188.182
188.749
191.601
190.566
188.65
188.405
188.472
191.911
193.231
188.413
188.8
188.518
188.285
191.397
191.278
188.496
188.674
184.86
191.679
190.419
182.935
183.4
182.342
182.422
186.868
186.059
182.862
183.765
181.97
188.909
184.217
185.218
183.502
183.162
182.449
187.62
185.884
183.083
182.579
182.952
185
186.894
186.23
183.35
183.214
182.607
185.864
186.35
183.312
183.101
183.24
185.067
186.508
185.998
182.881
182.919
182.774
183.081
186.067
186.647
182.942
182.648
184.66
187.551
187.645
182.951
182.059
183.434
182.676
185.688
191.45
188.435
188.358
191.566
191.16
188.434
181.767
182.479
183.556
183.023
190.483
193.235
186.776
183.434
183.458
186.177
186.191
183.155
181.85
183.153
183.109
186.907
193.205
188.328
187.792
183.28
186.363
186.064
182.25
182.958
182.409
182.929
185.358
187.595
182.395
185.433
182.363
191.128
192.442
184.956
183.202
182.476
182.378
187.146
187.174
182.818
185.396
182.367
183.697
188.926
182.805
186.214
182.557
182.622
187.881
185.383
182.895
185.421
182.725
182.342
187.919
185.007
182.806
182.276
187.899
193.783
187.822
182.944
185.901
182.408
182.935
185.714
186.065
182.847
183.157
182.376
185.246
200.093
183.319
185.22
182.709
182.944
185.368
187.841
182.602
183.167
183.253
185.72
186.603
182.576
184.075
182.681
182.294
186.863
186.699
181.982
182.54
183.336
183.262
189.592
185.424
182.785
182.833
182.802
185.235
186.894
183.273
182.675
183.499
183.099
186.496
189.275
182.697
182.669
183.588
186.988
186.008
183.322
182.769
182.949
182.683
186.376
188.066
183.29
182.857
182.5
186.481
186.373
181.964
182.811
182.584
183.324
187.634
188.245
183.163
182.458
182.283
185.788
186.176
182.321
183.521
181.887
182.671
189.166
195.199
187.335
189.193
187.68
191.204
193.051
187.445
184.93
183.113
182.697
186.707
187.42
182.359
183.414
181.975
186.063
186.613
183.305
183.102
183.4
182.499
185.848
192.408
187.935
190.425
188.682
191.309
193.911
187.367
189.231
188.796
185.94
188.451
185.738
184.374
183.923
182.872
184.815
186.625
183.689
182.321
181.6
182.887
188.327
186.085
182.957
182.611
182.777
182.152
186.449
186.13
183.139
182.513
182.747
187.394
185.71
186.485
185.304
182.378
183.109
185.243
186.103
183.427
181.923
182.965
187.984
185.733
182.658
182.501
183.187
182.909
185.616
185.566
183.593
182.733
182.312
188.865
186.962
182.826
182.778
182.503
182.521
187.189
186.049
182.584
182.895
182.128
184.805
190.023
183.145
182.629
183.395
182.053
186.845
185.938
182.71
183.351
182.196
185.362
187.952
184.741
182.197
183.372
182.323
186.439
185.892
182.669
182.735
183.018
185.038
189.828
191.718
188.63
188.489
187.895
190.683
194.357
187.918
187.637
184.465
181.908
186.933
186.069
182.032
182.577
183.391
186.434
186.042
183.242
182.778
184.546
182.728
189.779
193.314
185.907
198.827
217.144
191.912
185.737
182.795
182.597
184.323
183.965
186.783
185.841
183.039
182.706
183.343
185.513
186.256
182.983
182.553
185.046
183.629
186.455
185.146
183.104
182.397
182.469
185.071
188.457
182.687
182.485
184.243
182.272
191.256
190.842
185.444
182.653
182.032
183.527
189.161
183.716
185.207
182.835
183.072
190.995
191.25
188.086
190.817
187.754
188.556
195.106
188.047
190.112
189.187
188.293
191.518
191.461
187.608
188.639
188.207
192.633
193.082
188.9
188.99
182.694
182.364
186.417
185.427
182.473
183.378
183.001
184.904
188.298
183.095
184.227
183.697
182.03
185.696
186.603
182.533
182.324
186.577
183.573
187.208
186.592
183.612
182.849
183.216
185.801
187.635
189.93
190.013
188.754
188.816
194.402
190.807
187.375
187.549
189.804
192.667
187.244
183.282
182.337
182.347
184.27
188.306
185.618
182.799
182.338
183.307
185.812
186.183
182.979
182.077
182.457
183.286
186.14
191.921
188.191
187.973
188.997
191.827
189.981
183.019
182.869
182.584
184.133
185.651
188.454
183.272
181.548
182.983
187.928
191.356
188.569
188.736
188.11
189.803
193.357
190.199
188.351
188.187
187.922
190.869
191.949
189.184
189.751
188.035
191.852
189.585
182.621
181.759
182.585
182.363
185.732
190.379
187.088
183.218
183.066
185.367
189.594
182.913
182.448
183.218
182.976
185.456
186.725
181.889
182.563
182.762
182.412
189.076
186.469
182.401
182.918
183.145
186.107
185.669
183.084
182.859
183.434
182.851
187.573
186.786
182.732
181.95
182.793
186.685
185.727
182.952
182.897
185.791
182.972
188.397
186.816
183.222
182.3
182.366
187.256
186.181
182.753
183.725
182.295
182.441
191.163
192.978
188.636
188.021
188.342
193.101
191.407
188.125
188.957
188.378
189.617
194.88
192.131
189.1
190.906
187.897
192.62
190.944
188.292
188.563
188.094
191.685
194.757
188.408
187.925
188.863
187.855
189.4
188.88
183.472
182.331
184.458
182.788
190.343
183.06
182.61
183.596
182.276
185.76
186.401
182.306
182.118
184.971
181.615
185.714
187.051
182.075
191.671
211.971
191.866
194.364
187.609
188.149
186.521
190.339
195.936
188.168
188.255
194.036
194.676
217.057
196.81
194.349
193.717
189.345
194.687
188.23
191.132
186.751
188.545
186.909
198.924
182.736
190.535
191.695
182.927
190.834
194.391
188.002
191.274
188.465
188.642
193.609
183.884
182.256
184.82
182.278
186.158
185.768
182.67
182.224
182.61
183.537
189.399
182.073
184.528
183.511
182.659
186.484
186.902
182.722
182.713
182.062
182.771
189.886
182.25
184.324
182.151
181.738
185.559
186.224
182.689
183.441
182.044
182.589
189.964
182.909
184.653
182.659
182.812
186.156
186.59
181.553
181.635
182.251
182.207
185.877
186.226
184.513
182.546
182.363
182.41
190.164
181.822
182.042
182.899
182.499
186.174
186.971
184.406
182.439
182.608
181.684
189.808
183.064
182.502
182.288
182.469
185.963
186.435
183.052
182.612
182.032
182.305
190.662
182.616
182.42
182.168
182.19
185.686
185.928
184.128
182.291
182.602
181.707
186.667
186.209
182.559
183.166
182.55
182.667
189.502
184.653
183.971
190.016
187.617
191.658
191.247
188.132
189.143
187.206
190.442
189.996
190.335
188.2
187.837
187.824
192.617
187.016
182.614
182.258
182.349
182.42
191.435
183.062
182.25
182.593
182.521
186.509
185.775
182.694
182.176
182.861
182.297
190.524
182.04
181.989
182.141
182.684
186.57
204.647
188.136
198.734
182.482
182.295
190.683
182.914
182.701
185.196
188.647
188.308
186.277
183.055
182.278
183.009
182.636
194.485
187.746
188.842
188.047
188.635
191.02
191.484
187.703
187.931
199.029
192.097
193.876
189.494
190.485
190.997
188.445
196.781
190.016
190.978
190.499
189.671
196.44
193.11
190.796
188.56
186.089
186.995
193.839
186.981
187.128
187.562
185.779
187.848
185.541
182.31
182.518
182.533
182.043
189.445
182.703
182.826
182.872
182.309
188.771
187.159
182.458
183.474
181.76
183.086
186.945
185.064
182.619
182.79
182.574
190.867
190.752
182.581
182.346
182.179
181.616
185.974
189.737
188.909
188.181
190.285
190.918
191.519
188.386
188.356
187.934
188.451
196.072
188.685
188.035
183.007
184.551
186.39
186.257
182.993
182.409
182.798
181.875
186.946
186.179
183.198
182.242
184.013
186.119
186.636
182.933
182.98
182.182
183.07
187.821
193.017
188.969
189.944
190.275
191.616
191.386
188.167
189.946
188.28
189.942
192.79
183.766
182.934
184.02
182.79
185.471
186.204
182.044
182.196
182.742
181.758
186.101
186.424
184.679
184.427
183.229
189.641
193.34
185.455
181.917
182.521
183.98
191.803
191.076
187.392
184.78
182.461
182.194
189.68
182.788
182.462
182.672
186.177
190.772
187.291
181.937
184.001
182.106
182.017
188.921
183.145
186.665
187.719
187.81
193.636
191.428
188.342
189.719
188.048
191.394
191.757
186.796
182.889
182.377
182.604
185.694
186.528
183.631
184.349
182.395
182.812
192.106
188.195
188.409
187.898
187.686
191.986
191.317
189.811
188.151
187.542
191.428
191.494
188.079
188.01
188.005
188.567
194.289
188.293
185.47
182.226
182.789
186.854
186.141
182.939
182.914
182.571
182.688
186.16
185.355
184.709
181.59
182.967
184.945
187.103
181.885
182.648
183.768
184.676
186.504
186.437
184.493
182.448
183.089
188.761
193.425
188.581
187.588
188.024
188.405
186.239
188.095
182.531
183.465
182.204
182.513
189.141
182.606
182.458
182.741
182.608
187.85
193.659
187.845
183.991
182.154
182.401
189.611
183.2
181.984
182.499
182.238
186.827
187.822
182.869
182.207
181.909
186.236
196.415
185.151
182.413
182.686
183.359
185.099
186.46
182.161
182.857
184.187
184.957
187.253
186.208
182.975
183.099
183.461
185.91
187.736
183.035
182.898
183.31
182.615
186.533
185.94
182.865
183.284
183.196
183.052
192.06
182.812
183.331
182.094
183.422
186.745
186.559
182.756
183.462
182.124
183.491
190.105
184.337
183.48
182.719
182.627
186.55
186.006
182.966
183.337
183.148
183.007
195.107
185.675
183.073
183.094
183.111
186.254
187.263
183.303
182.6
183.131
183.379
187.595
186.248
183.262
182.96
183.259
183.273
194.183
188.76
188.366
188.632
190.947
191.672
191.911
188.965
188.315
188.822
191.567
191.622
189.435
188.386
188.728
189.968
194.592
188.938
188.791
188.398
189.043
190.092
189.754
182.922
182.807
183.338
185.939
188.834
184.289
182.761
183.416
183.223
185.724
185.66
183.454
182.964
184.784
183.196
189.474
182.791
182.857
184.871
188.236
191.417
192.486
188.981
188.626
185.931
182.574
189.94
182.967
182.638
182.917
182.896
185.974
186.379
182.226
182.539
184.961
183.139
187.213
185.807
182.977
183.256
182.796
186.556
186.498
183.109
182.423
185.085
182.805
186.656
186.571
182.589
181.952
182.913
184.405
189.233
182.913
182.832
189.685
187.728
192.491
191.402
185.8
182.16
182.269
182.93
189.732
182.317
182.647
184.184
181.852
185.872
185.652
183.06
182.493
183.879
182.996
188.416
183.697
182.146
184.57
182.835
186.606
185.916
182.794
182.348
182.246
182.783
185.445
186.21
182.709
184.575
182.798
185.536
186.69
183.028
182.148
182.435
181.591
185.777
185.82
182.531
183.976
182.894
182.118
192.355
182.746
181.89
185.084
187.903
186.148
186.372
184.298
182.563
182.669
182.136
189.675
181.99
182.475
182.676
182.14
185.345
185.895
184.241
182.275
182.91
182.343
185.949
186.008
182.268
181.472
181.688
186.27
186.57
184.012
182.11
186.802
186.634
186.546
186.088
182.743
183.069
182.119
186.017
186.119
184.31
182.897
182.298
182.363
186.588
186.358
182.535
182.95
182.87
183.477
189.348
184.133
182.757
182.845
182.287
185.99
185.25
182.454
182.895
182.674
182.52
186.95
192.031
187.882
186.316
182.439
185.89
185.388
182.542
182.275
182.497
184.526
192.622
192.12
182.371
181.862
182.297
186.229
185.62
182.642
182.278
182.446
182.58
186.185
187.831
181.668
182.486
182.78
185.541
186.056
182.703
182.625
182.15
182.734
185.162
187.894
182.773
182.435
183.209
181.666
186.437
185.564
182.823
182.126
183.208
185.778
188.061
182.038
181.487
182.393
181.539
185.824
185.249
181.899
182.756
182.486
183.09
191.24
181.98
182.851
182.649
182.249
185.731
186.496
182.465
182.387
183.432
182.161
190.248
183.068
182.437
182.803
182.012
186.073
185.644
183.052
181.961
182.592
182.077
187.642
186.195
182.22
182.491
182.589
185.654
186.308
182.425
182.958
182.245
184.743
189.166
192.995
184.747
182.882
182.023
185.181
186.069
186.429
188.016
187.217
184.104
186.379
185.863
182.635
181.714
182.714
183.835
189.762
182.067
182.298
181.92
184.595
185.857
186.001
181.94
182.164
182.027
181.979
188.897
182.203
183.086
182.162
184.398
186.084
185.952
182.781
182.245
183.252
182.227
186.001
185.329
182.694
182.006
184.418
185.666
186.522
182.934
182.482
182.218
182.879
185.537
185.998
182.633
182.773
184.615
183.664
188.7
182.381
182.413
182.525
182.98
186.248
186.122
182.54
182.493
183.98
181.114
189.214
182.875
181.65
183.032
182.518
187.624
192.283
188.467
187.561
185.438
182.204
188.851
183.244
181.57
182.505
182.928
185.887
186.201
182.516
182.582
183.89
182.052
186.133
185.692
182.589
182.883
182.696
185.6
186.055
181.507
182.217
184.58
182.792
185.692
186.001
182.403
182.701
181.712
182.494
189.075
182.435
182.031
184.56
181.698
185.997
185.64
182.334
182.44
182.626
182.318
189.861
190.915
188.331
190.125
187.51
190.825
190.941
184.528
181.856
181.983
182.004
186.634
184.854
184.296
183.015
182.09
185.556
185.34
182.561
182.453
181.956
182.935
186.237
185.737
183.938
182.889
181.982
186.458
186.736
182.693
183.077
181.982
182.412
186.512
186.57
184.512
182.777
182.217
182.712
189.794
181.967
182.71
182.252
182.445
185.932
187.227
184.571
182.298
189.911
187.568
190.351
182.441
184.242
187.193
187.643
188.316
185.851
183.933
182.411
182.041
182.308
189.27
182.847
184.301
182.476
182.296
185.989
185.307
183.913
182.727
182.768
181.75
187.251
185.711
182.311
182.387
182.668
185.796
186.161
188.014
181.924
182.422
182.347
185.856
187.087
188.134
188.538
187.261
191.178
190.852
190.38
187.872
187.413
188.094
191.744
191.591
189.864
185.19
181.991
185.443
187.687
182.471
182.425
182.373
182.38
186.13
189.865
183.232
182.613
182.203
182.554
190.964
182.063
182.794
182.599
181.953
186.614
185.635
182.632
182.273
182.209
182.84
188.365
185.072
182.443
181.859
182.069
186.514
185.999
185.979
188.265
184.868
182.724
190.389
193.467
187.483
187.913
188.334
191.252
189.231
182.612
182.863
182.399
181.744
187.635
186.001
182.117
182.414
182.225
185.348
186.6
182.675
182.193
182.421
182.648
193.438
187.901
182.724
182.682
182.664
182.19
194.3
182.276
183.177
182.594
182.898
187.412
186.493
182.072
181.93
182.273
183.757
188.732
183.326
182.606
182.606
182.102
187.927
186.701
182.675
182.723
182.131
182.013
185.861
189.764
187.726
188.169
190.196
190.169
186.938
182.384
182.031
182.119
182.614
185.936
186.484
182.486
182.993
184.406
183.479
189.483
182.391
183.557
182.594
182.343
186.211
185.697
182.43
183.131
184.677
182.754
189.461
182.116
182.558
182.108
182.592
186.236
185.536
182.079
182.689
183.601
182.272
189.201
182.941
182.834
182.599
182.418
185.691
186.088
182.181
181.762
184.642
182.947
185.576
186.28
181.898
182.993
182.309
186.294
186.407
182.825
182.421
184.632
182.297
186.318
186.233
182.807
182.021
182.379
182.648
189.016
182.594
182.305
184.407
182.147
185.31
185.3
182.232
182.589
182.313
182.47
189.893
182.381
182.295
184.823
182.499
185.005
186.032
182.916
182.593
181.831
182.848
185.678
185.774
181.968
184.486
182.361
182.801
188.731
182.797
182.138
182.875
182.926
189.385
186.421
182.257
184.553
182.954
182.534
189.339
183.228
182.362
183.229
182.003
185.947
185.776
182.004
183.994
182.78
182.473
187.77
185.493
181.877
181.887
187.278
191.126
193.062
190.553
184.956
182.132
182.064
185.531
186.209
182.473
183.881
187.844
191.494
193.065
190.596
189.394
184.9
182.072
186.372
186.611
182.142
187.6
187.572
191.2
187.048
184.184
181.872
182.239
181.756
185.705
186.331
182.824
182.625
182.27
183.083
189.974
185.364
182.796
181.875
182.682
186.991
186.25
182.764
182.293
182.714
182.327
187.741
190.906
187.767
188.471
188.842
192.224
188.922
186.263
182.124
182.413
182.18
188.481
186.349
182.24
182.391
182.254
186.213
186.278
182.773
183.854
182.301
183.028
186.144
188.401
184.986
184.48
182.523
184.93
194.167
187.966
188.189
187.834
187.901
193.179
189.825
187.829
185.994
184.326
185.797
186.911
182.131
182.604
182.744
187.959
193.333
187.525
182.218
182.724
182.55
182.109
190.433
182.93
181.998
182.901
182.747
187.913
186.377
182.394
182.926
182.496
182.398
187.654
185.188
182.963
182.62
182.733
188.017
185.604
182.802
181.988
182.243
182.481
185.679
186.054
182.913
182.601
182.648
186.704
187.974
182.599
182.888
186.644
187.685
190.956
190.463
187.588
186.578
182.162
185.332
189.769
181.992
182.454
182.526
182.532
186.24
185.978
182.656
182.931
181.999
184.891
188.016
183.991
183.037
235.755
203.666
206.568
186.064
182.324
184.47
186.129
186.366
186.028
184.199
181.893
182.327
181.798
185.804
186.093
183.938
185.98
184.735
184.181
186.667
182.797
182.475
182.927
182.319
186.212
186.279
182.917
182.732
184.825
182.324
189.875
182.519
181.912
182.584
194.092
220.244
190.829
187.368
184.131
182.645
189.67
192.905
185.44
187.753
186.452
187.774
193.984
189.216
187.255
187.797
182.091
185.604
185.857
182.845
183.188
182.387
185.22
190.488
186.206
182.571
184.501
182.423
182.751
189.118
182.374
182.077
182.064
182.33
186.48
186.199
181.79
185.931
181.637
181.907
188.863
182.278
182.804
182.69
182.118
186.518
185.515
182.7
185.25
182.96
182.709
192.486
187.545
188.585
184.652
182.688
185.807
185.789
182.916
185.178
182.333
183.189
189.815
182.421
182.802
182.282
182.293
182.378
189.002
182.632
186.322
181.779
182.714
186.138
185.786
182.186
182.262
182.669
181.94
189.051
183.179
184.516
182.861
182.455
185.974
186.506
181.934
182.313
182.838
182.296
189.179
182.393
184.778
181.92
183.392
185.952
187.281
182.563
182.383
182.343
182.831
189.647
185.026
182.748
182.747
183.103
184.137
187.567
182.706
182.607
182.195
182.454
185.659
188.96
182.484
182.768
182.829
182.222
190.682
182.492
182.497
182.281
182.513
186.185
188.894
182.166
182.429
182.128
182.444
189.273
182.395
183.442
189.617
187.892
190.64
187.943
181.782
182.899
182.083
182.469
185.997
185.922
182.617
182.49
181.784
186.227
188.435
182.43
182.689
182.257
182.506
187.124
187.069
181.64
182.328
182.064
182.264
192.258
182.127
182.495
181.567
182.642
186.168
185.395
182.653
182.267
181.969
182.833
191.204
182.344
183.073
182.3
182.59
185.623
185.714
182.032
182.766
182.591
182.234
188.727
184.073
183.007
182.231
181.985
186.606
186.1
182.864
182.41
182.333
183.041
189.39
185.794
182.988
182.295
182.71
183.719
187.726
183.399
183.25
182.521
182.095
188.128
186.269
182.34
182.394
182.631
182.214
189.66
185.485
184.46
181.91
182.716
188.419
186.476
182.89
182.17
183.181
181.611
186.664
186.04
182.937
182.346
182.066
187.457
186.345
184.204
182.146
182.676
181.812
185.831
185.729
182.124
182.074
181.878
186.235
189.608
182.024
182.609
182.336
182.278
186.3
186.643
182.084
190.874
204.517
186.905
188.909
185.888
185.181
182.125
182.679
185.953
186.321
181.83
182.648
183.805
182.198
191.302
187.156
188.314
187.793
187.812
192.111
191.901
187.789
188.044
189.741
191.846
192.719
188.035
188.119
187.494
187.95
191.424
191.345
187.786
189.184
187.827
191.64
191.286
187.607
189.475
187.539
182.049
185.858
186.789
182.321
185.206
182.545
183.856
191.339
182.315
181.812
182.734
182.476
186.049
188.885
188.004
185.188
183.177
182.988
189.524
182.519
181.89
182.648
182.463
186.635
186.285
182.651
183.8
181.951
182.359
186.262
186.688
183.16
181.833
182.893
186.661
186.617
182.508
185.149
182.645
182.882
185.692
186.694
182.759
182.415
182.524
185.195
186.271
182.404
184.723
182.679
182.4
186.292
188.473
182.236
182.128
182.803
182.642
189.28
182.63
184.168
182.785
182.447
186.197
186.111
182.479
183.008
185.801
182.455
186.674
185.574
184.407
182.565
185.87
192.7
191.281
188.097
188.777
188.067
188.517
203.041
193.85
188.392
188.04
188.176
189.813
186.124
182.597
182.197
182.598
182.591
186.307
186.823
185.526
187.773
188.207
192.622
191.091
188.22
187.679
186.863
182.279
185.927
187.919
181.512
182.527
182.822
185.774
185.708
181.949
182.694
182.807
182.607
188.526
187.339
182.867
182.332
183.203
186.302
185.7
182.474
183.019
181.597
182.165
185.802
188.208
182.413
182.702
182.222
183.704
186.813
185.865
182.806
182.258
189.781
205.543
193.081
182.664
182.562
182.78
181.789
187.799
186.502
182.615
181.88
182.736
187.847
186.825
182.581
182.62
181.982
182.382
185.835
186.238
187.922
187.558
182.878
189.006
189.172
183.889
184.32
183.479
185.158
187.492
189.11
184.117
184.017
184.614
189.864
188.151
184.823
185.396
184.217
195.967
190.952
191.199
187.466
186.705
187.189
193.753
191.185
189.067
187.857
188.475
188.163
192.025
191.042
184.184
182.991
184.775
186.582
184.602
187.758
182.397
182.315
182.805
186.017
186.85
182.492
182.663
184.507
183.086
186.001
186.602
181.78
182.657
182.943
186.097
186.566
182.051
182.683
184.819
182.341
189.482
191.319
181.918
182.188
182.507
183.796
186.847
190.555
181.924
184.649
182.243
186.008
185.16
182.876
182.578
182.654
183.026
186.788
186.559
184.752
184.98
181.704
186.061
185.722
183.798
188.696
183.513
182.452
187.144
189.763
187.99
191.165
182.248
186.173
186.71
182.16
182.712
182.48
181.934
186.558
186.488
182.248
184.698
182.007
182.715
185.69
186.702
182.4
182.633
182.024
187.291
191.647
188.833
188.94
183.461
188.211
191.417
191.241
188.539
182.879
182.415
186.271
191.279
189.697
182.965
182.295
182.455
186.063
186.509
182.739
185.302
183.237
183.078
189.662
185.617
194.557
192.52
188.103
191.251
191.434
187.919
187.964
187.418
193.813
186.749
184.873
182.327
182.847
182.585
186.206
186.478
182.696
182.683
182.835
181.686
188.058
187.1
182.638
182.27
181.966
186.538
186.234
181.613
181.857
182.1
183.01
186.785
187.013
182.699
182.362
182.259
185.066
187.294
182.838
182.46
182.468
182.177
186.315
188.076
183.024
181.926
182.411
182.658
186.901
185.487
184.631
182.394
186.219
191.521
192.578
188.986
187.784
187.782
189.482
193.466
190.07
188.131
189.754
188.073
191.181
190.609
188.24
187.398
188.34
188.44
194.958
190.174
187.302
182.422
181.787
188.626
185.72
182.349
182.097
182.395
182.967
189.575
182.346
181.65
182.104
182.78
188.413
185.542
182.5
181.637
182.475
182.381
186.084
185.834
182.66
182.315
182.348
187.867
186.632
182.831
182.771
182.734
182.568
189.441
187.114
182.57
181.908
182.745
185.346
188.217
182.175
182.522
182.765
182.955
185.923
189.806
188.375
188.161
188.183
188.669
188.968
182.904
182.254
182.34
182.793
185.942
186.086
182.848
182.452
185.158
181.846
189.841
183.055
183.154
182.442
182.825
185.818
186.292
182.401
182.852
184.654
183.011
187.024
186.095
182.545
182.126
182.377
185.78
186.501
182.366
182.187
184.153
182.794
189.501
186.336
182.914
182.797
182.421
182.65
189.293
182.258
182.662
185.015
183.161
185.956
186.178
182.82
182.884
181.747
182.959
188.371
184.935
181.875
184.281
182.486
186.828
185.893
182.131
181.534
182.549
181.916
186.086
187.263
182.954
183.652
182.827
184.198
186.276
182.793
182.406
182.481
181.871
186.712
186.207
188.285
183.632
183.542
182.895
189.27
182.306
182.41
183.257
182.029
185.381
186.226
182.161
184.139
182.723
181.523
186.575
186.405
182.068
182.066
182.594
185.483
186.035
182.385
184.538
181.852
182.625
185.865
186.176
182.321
182.254
182.548
183.043
189.937
182.337
183.663
182.51
182.405
186.225
185.019
182.281
182.726
185.397
183.935
189.461
183.117
183.901
182.65
182.085
186.065
186.182
182.478
182.139
182.524
182.541
185.881
185.851
184.258
182.471
182.029
182.282
190.934
182.734
182.365
181.817
182.648
187.065
185.369
184.726
182.197
182.322
181.998
189.627
183.078
181.953
183.317
184.429
186.407
188.577
188.963
187.678
188.146
188.538
194.221
187.71
187.47
187.726
187.35
185.768
188.561
182.076
182.024
182.618
182.236
186.841
185.77
182.124
182.781
182.8
183.579
188.96
182.066
182.572
182.15
182.886
185.095
187.61
181.92
182.364
182.504
183.19
195.265
189.538
187.778
188.329
188.33
190.581
185.902
182.238
183.287
183.08
182.404
192.878
182.458
182.378
182.549
182.619
187.413
188.432
186.067
188.452
187.239
185.558
190.991
182.298
182.969
182.226
181.479
186.341
185.96
182.331
184.757
182.486
182.58
187.284
185.527
182.116
183.206
182.183
183.303
188.845
182.394
182.406
182.486
182.209
188.044
187.479
184.632
182.827
182.193
181.49
189.138
182.233
182.576
182.387
184.756
186.824
185.858
182.951
182.139
182.798
182.422
189.64
182.276
182.929
182.458
184.906
184.839
186.165
182.798
182.915
182.036
182.698
188.688
183.24
182.814
182.147
184.041
183.618
188.551
182.607
182.829
182.381
182.603
186.223
186.944
182.458
182.373
185.052
183.758
190.082
182.686
183.154
182.873
182.702
185.969
186.138
182.757
182.387
185.759
187.911
193.519
181.47
182.731
182.574
181.915
186.008
187.518
182.665
182.801
184.261
181.745
186.674
188.211
188.238
188.387
188.049
189.25
188.275
182.563
182.654
184.681
182.194
186.974
186.354
182.869
182.483
182.64
182.922
189.509
182.717
183.069
184.331
182.846
185.701
185.126
182.719
182.351
182.049
182.86
189.811
182.14
182.517
184.804
182.685
185.808
186.984
182.332
182.48
182.273
183.651
186.646
186.215
182.579
184.825
181.61
182.753
189.306
183.049
182.058
182.389
182.111
186.657
186.09
182.775
184.284
182.132
182.939
190.115
182.863
182.433
182.488
182.154
183.452
188.923
184.911
182.91
182.378
182.372
187.868
189.361
187.382
187.757
185.027
183.222
189.95
184.276
182.286
181.605
182.446
186.187
186.402
182.995
182.86
184.288
182.094
189.31
184.814
182.442
182.832
182.41
186.156
186.58
182.619
182.462
182.923
183.022
190.015
183.948
181.685
181.882
182.074
186.057
185.939
182.725
181.831
182.994
182.001
189.472
185.671
183.105
182.136
182.569
182.642
189.42
182.53
182.875
182.765
182.811
185.575
188.335
182.426
182.624
182.396
182.699
189.424
182.366
182.626
182.84
182.296
185.983
193.175
187.701
188.24
187.343
188.067
194.443
189.32
187.799
187.802
186.012
185.091
188.025
182.776
187.88
187.973
184.742
189.481
182.453
182.203
182.675
182.568
186.571
187.021
182.984
182.247
182.648
183.062
187.74
185.266
182.218
181.577
182.899
184.257
189.876
182.468
182.739
182.271
182.528
185.917
186.183
182.865
182.854
182.899
184.721
189.658
183.717
182.736
182.621
181.507
188.216
186.435
182.016
182.728
182.05
184.33
190.206
186.437
183.934
183.384
182.13
182.892
190.422
182.606
181.96
182.266
184.588
189.059
184.836
182.368
182.732
184.637
188.396
195.853
188.134
187.492
183.96
184.184
189.955
188.458
189.163
189.014
187.605
188.712
193.465
188.082
188.096
188.327
189.644
195.867
188.273
187.798
187.637
187.696
192.11
191.347
188.138
187.549
190.34
187.994
195.44
187.703
184.888
182.884
182.557
185.025
185.961
182.342
182.776
184.551
182.709
190.567
181.799
181.881
182.336
182.195
182.178
189.302
182.799
182.389
184.279
182.448
190.115
182.444
181.928
181.555
182.848
182.528
190.425
182.824
182.151
184.072
182.792
184.41
187.739
187.279
187.799
186.149
182.599
189.92
183.585
187.883
189.501
183.556
183.218
189.255
182.28
182.286
182.023
182.048
190.164
187.925
188.51
189.75
187.798
189.175
188.987
182.192
182.261
181.45
182.608
190.066
184.056
184.172
182.812
184.804
184.242
189.929
182.356
181.828
182.782
187.26
193.382
183.46
184.428
182.667
182.582
182.459
191.056
183.326
182.661
182.826
181.794
183.86
188.701
183.169
184.401
182.482
182.827
189.768
183.502
182.852
182.681
182.862
182.333
193.61
189.219
187.897
193.433
187.915
194.508
183.477
183.178
182.471
183.04
182.598
190.383
184.348
183.27
182.794
182.811
189.32
188.74
182.403
182.684
183.12
193.732
224.636
196.037
192.835
192.597
184.276
190.586
181.9
182.445
182.454
182.743
184
191.857
186.93
182.515
182.099
182.264
189.932
183.301
182.234
182.498
183.265
182.715
192.236
185.875
188.03
186.343
184.344
191.012
184.424
182.413
182.815
181.69
182.062
191.155
183.05
183.423
190.889
188.241
191.984
185.577
182.798
182.226
182.437
182.423
192.212
182.06
182.924
182.327
182.756
185.436
186.51
182.455
182.238
182.769
182.208
192.58
182.576
182.881
183.737
182.581
182.43
190.36
183.799
184.997
182.159
182.458
191.395
182.435
182.567
181.935
183.066
182.909
189.875
182.589
182.235
182.452
182.11
189.481
189.268
187.868
187.786
187.812
188.036
191.975
182.748
182.341
181.892
184.06
186.302
185.842
183.611
182.436
182.172
182.586
192.998
182.098
182.673
183.086
189.221
191.837
191.646
186.483
182.475
182.638
182.712
189.538
182.156
182.549
181.655
184.281
183.066
192.819
187.767
187.895
187.483
188.2
194.426
187.595
188
187.756
191.309
189.539
191.85
187.9
185.958
181.593
183.792
195.502
186.574
182.435
184.014
183.206
184.593
194.912
187.52
181.573
182.345
182.334
191.736
187.876
187.621
189.143
187.918
188.306
193.414
187.792
188.361
187.889
187.806
194.091
184.286
182.42
185.221
182.593
185.029
186.692
185.023
181.805
182.557
182.125
189.53
182.851
182.357
184.212
182.696
186.163
192.33
189.423
187.823
187.728
187.87
189.227
182.93
182.92
184.398
182.718
182.519
189.236
182.315
182.997
182.02
182.453
189.599
182.227
182.297
184.57
187.81
187.95
190.362
182.056
210.338
211.624
187.969
194.526
188.21
188.648
182.539
181.746
185.362
186.031
183.055
182.58
182.536
182.36
190.853
187.467
189.259
189.15
183.735
183.385
189.493
182.84
182.31
181.91
182.238
189.873
187.575
189.666
187.819
187.759
187.308
194.166
188.156
187.342
187.817
187.997
195.092
186.783
182.27
182.335
182.329
184.806
192.594
186.726
188.676
194.125
187.395
193.576
186.581
187.832
184.662
182.524
181.833
188.914
182.248
182.601
182.457
182.162
189.16
185.348
182.159
182.048
181.97
185.05
192.019
182.612
182.897
182.379
182.607
181.968
191.173
182.982
182.553
182.306
183.391
189.057
182.797
181.89
182.801
181.602
182.799
190.907
182.136
182.718
182.517
182.855
183.009
187.125
182.699
182.613
182.639
181.866
190.912
182.736
182.545
182.48
182.43
182.03
188.933
182.59
211.133
192.552
182.283
190.316
182.065
182.216
182.218
181.925
181.633
192.481
182.41
181.949
182.564
182.069
190.581
182.369
181.725
181.744
182.27
182.456
189.214
182.263
182.396
182.078
183.3
183.742
189.934
182.095
182.379
182.761
183.064
189.391
181.713
182.201
182.602
183.768
182.461
192.097
187.96
182.365
181.968
181.529
182.423
188.757
182.065
182.675
184.025
181.931
188.569
182.042
183.097
182.438
182.201
182.538
188.679
182.07
182.618
183.752
182.377
189.482
187.577
187.407
188.597
187.283
187.934
193.86
184.36
182.343
185.122
182.548
189.056
182.428
182.79
182.756
182.375
182.106
189.459
182.182
182.431
186.323
184.718
182.452
188.635
182.764
181.504
182.522
181.192
189.846
182.091
182.043
183.882
182.289
181.98
189.574
181.893
182.3
182.857
182.48
183.869
187.913
182.645
184.836
182.645
182.531
188.292
182.474
182.203
182.705
182.549
182.922
188.844
181.669
184.598
180.832
182.292
188.665
184.326
182.249
183.01
181.727
181.976
190.41
182.63
183.494
182.994
182.06
182.302
189.468
182.482
182.547
182.298
183.38
190.226
182.069
185.568
182.364
182.114
182.357
189.212
181.925
182.243
182.617
182.327
185.129
186.533
184.477
181.68
181.93
182.602
189.57
182.857
181.815
181.79
182.648
182.829
189.233
185.891
182.334
182.478
182.226
189.381
182.636
182.514
183.038
182.262
181.524
189.757
183.412
182.222
182.256
182.44
186.624
185.197
181.927
182.156
182.377
182.397
190.411
182.208
182.319
181.95
182.574
182.756
189.695
183.015
182.323
181.659
182.126
192.667
182.679
182.154
183.327
182.575
182.551
190.581
182.122
182.266
182.264
182.501
190.516
182.393
182.334
182.094
182.906
181.722
189.36
182.151
182.181
187.306
185.655
189.23
185.192
187.148
189.146
185.139
182.055
188.506
182.867
182.337
182.47
182.768
187.894
185.674
182.845
182.472
184.336
181.636
189.57
182.698
183.016
182.558
182.402
184.44
189.099
182.638
181.828
182.345
182.606
189.224
181.886
182.464
182.388
183.677
188.572
190.647
181.761
182.45
182.27
182.869
187.973
184.187
181.981
182.179
182.793
183.635
189.097
182.505
182.311
182.264
182.86
182.236
194.684
188.261
184.879
183.096
185.55
190.817
184.646
187.296
181.935
182.759
182.291
189.544
182.849
182.875
182.806
183.917
193.605
187.362
182.837
181.693
182.629
181.899
188.705
182.563
181.97
183.333
183.976
182.368
187.624
181.906
182.253
182.748
182.044
189.009
183.019
182.493
182.548
185.064
182.318
189.321
181.741
181.938
182.421
181.924
186.893
184.288
182.927
181.9
188.909
187.575
192.802
187.872
183.442
182.338
182.4
182.445
193.157
187.732
188.946
189.646
187.965
193.154
187.066
188.169
188.096
188.027
184.211
189.091
182.467
184.244
182.573
183.328
190.557
182.12
182.249
182.257
181.773
182.383
188.366
181.936
184.638
182.104
182.51
182.495
188.676
182.644
181.989
182.26
182.357
188.385
182.476
184.837
182.125
182.081
182.084
189.452
182.013
184.17
188.331
188.138
188.384
187.293
186.983
187.896
186.929
184.12
196.856
186.76
181.902
182.031
182.361
182.266
188.285
183.991
182.622
182.733
182.7
188.152
182.335
182.353
182.156
182.393
182.774
187.844
184.447
183.077
181.899
182.448
182.136
187.675
181.942
182.749
182.718
182.519
188.631
189.752
182.655
182.64
185.811
182.41
188.192
181.601
182.439
182.01
182.351
184.862
185.758
182.474
181.74
182.286
182.065
187.905
182.647
181.854
182.054
182.76
184.855
191.788
182.153
183.12
183.615
182.726
187.46
182.74
181.982
181.661
182.509
185.166
188.917
182.709
182.649
182.665
181.707
182.211
188.324
182.454
181.898
182.103
185.083
188.839
187.706
186.637
188.267
187.818
187.581
190.561
182.66
182.38
183.073
183.404
182.343
188.321
182.694
182.747
182.831
183.769
189.743
188.052
187.671
187.655
189.91
187.537
187.67
182.302
181.789
182.905
182.815
193.274
188.141
185.397
181.547
183.952
182.082
188.142
181.678
182.115
182.442
182.042
182.315
188.589
182.02
181.601
184.266
182.558
187.697
182.695
182.349
182.809
182.842
182.202
188.353
182.397
182.152
184.766
182.184
182.586
188.469
182.504
182.473
182.653
182.221
189.745
182.713
181.98
184.064
181.75
182.572
188.539
181.828
182.481
182.645
181.788
182.607
188.047
181.534
185.717
182.594
181.877
189.783
187.489
187.88
187.866
188.286
187.535
192.822
189.416
189.395
192.868
191.705
198.706
188.685
186.133
191.196
187.459
183.756
194.893
187.012
190.715
189.782
182.301
188.933
188.006
188.337
192.559
187.466
182.157
188.38
184.352
187.488
187.929
198.416
190.494
182.167
182.586
182.592
182.127
181.989
190.924
182.758
182.135
182.302
183.747
189.015
182.235
182.375
181.768
182.354
182.527
190.326
182.615
181.979
182.142
182.548
181.65
187.529
182.093
181.994
182.702
182.232
188.158
188.065
187.829
187.791
187.857
187.875
193.268
181.513
182.723
182.687
182.532
185.399
192.631
187.913
187.682
186.733
187.762
192.581
189.48
187.761
186.854
187.622
190.745
194.689
182.945
183.297
181.783
182.109
188.346
182.432
182.535
181.66
182.438
184.782
188.766
181.727
182.574
182.902
182.293
189.458
182.684
182.92
182.118
182.772
184.54
187.695
182.479
182.18
181.971
182.333
182.538
188.966
182.378
182.345
182.71
187.736
188.188
188.384
187.576
188.914
186.538
183.11
188.963
182.621
182.069
183.396
182.456
183.02
187.416
182.457
182.61
182.653
181.829
189.565
187.06
187.529
189.386
188.569
187.744
192.636
188.648
187.319
188.468
187.946
192.695
188.001
187.627
186.103
182.365
181.941
188.115
182.377
182.3
182.659
181.555
188.65
182.414
182.216
184.789
182.479
182.778
188.82
182.222
182.574
182.616
182.382
182.259
190.263
182.194
184.446
182.57
182.282
188.367
181.585
182.564
182.571
182.275
182.582
190.216
187.718
191.308
183.724
184.56
186.918
193.192
187.528
188.412
182.213
182.345
188.411
182.989
185.453
182.44
188.265
183.048
189.048
182.339
182.2
182.512
182.859
188.922
183.083
184.113
182.195
181.877
186.315
188.799
187.778
188.006
187.95
189.727
188.427
194.031
187.907
187.27
187.982
187.827
192.46
187.24
187.571
187.649
187.749
188.947
194.98
187.824
189.721
187.043
187.958
191.197
182.594
182.455
182.286
182.74
182.788
188.859
181.247
183.05
181.69
182.254
188.122
182.446
181.989
182.434
181.907
182.598
190.181
187.77
183.066
182.698
182.955
181.671
188.79
182.303
182.892
182.081
182.071
191.382
182.291
181.858
182.335
182.223
182.455
188.197
182.315
182.234
181.782
183.062
185.63
188.495
182.661
182.029
182.75
182.014
188.633
182.458
182.252
182.098
182.571
183.612
188.651
182.397
182.107
181.635
181.695
182.382
191.682
187.051
188.509
190.005
189.066
188.928
182.496
182.484
182.313
182.481
182.119
188.105
182.27
182.53
184.109
182.019
188.873
187.883
187.642
188.164
188.193
187.648
194.353
187.594
188.288
189.901
188.051
195.132
189.627
187.847
184.286
182.419
182.202
189.015
182.355
185.43
184.48
182.216
187.431
188.788
181.97
182.57
182.229
182.436
187.957
184.227
182.082
184.407
182.256
183.683
189.367
182.405
182.209
182.514
182.324
187.357
184.017
182.569
184.38
182.686
182.593
189.972
187.944
189.01
187.576
187.803
187.79
193.323
214.537
215.271
199.618
189.282
204.094
211.537
186.621
194.558
211.132
233.503
230.137
194.081
207.835
199.543
201.831
193.246
189.745
201.139
212.862
192.013
186.037
184.734
184.81
182.916
189.7
190.503
187.657
188.127
192.886
204.975
200.358
207.822
210.961
205.682
196.892
201.801
186.317
183.158
182.674
184.476
190.412
186.23
184.581
191.788
192.783
207.831
201.264
208.061
182.667
183.49
190.356
199.189
206.547
211.575
191.692
208.206
196.737
186.813
188.167
195.674
191.499
191.338
200.071
193.082
197.143
196.433
195.527
205.01
203.75
196.405
199.765
194.526
198.636
190.771
194.54
193.658
191.546
211.649
194.57
186.96
196.987
194.078
196.964
195.372
194.861
188.293
194.708
200.412
196.857
200.473
195.634
193.102
198.704
208.924
200.519
200.844
199.149
193.589
199.611
199.584
204.681
241.901
222.277
191.459
194.793
195.373
196.963
201.276
204.224
196.929
208.136
206.151
198.896
199.261
191.775
196.546
192.527
189.084
189.579
188.973
187.516
188.286
187.659
191.447
187.138
190.045
194.371
187.067
188.681
187.548
211.717
189.055
190.323
190.976
190.111
188.473
188.773
190.395
201.392
197.556
202.684
193.425
190.831
193.31
198.968
195.109
192.646
182.538
182.436
184.287
181.752
181.46
189.688
183.08
184.103
182.774
182.45
185.603
185.853
183.772
181.847
182.002
182.061
189.15
182.612
185.672
185.102
182.453
182.275
192.171
182.227
182.273
182.985
181.435
190.877
181.722
184.922
182.468
182.216
181.904
189.117
182.745
182.882
181.8
182.104
182.004
187.899
184.549
182.955
182.011
182.333
187.88
182.486
182.785
182.147
182.424
181.406
191.427
189.733
187.948
187.473
188.656
190.551
188.188
181.789
182.641
182.418
182.786
185.019
184.638
189.995
188.016
184.583
182.474
188.901
184.138
182.438
182.507
183.33
188.646
189.37
182.69
181.896
181.917
182.389
189.185
182.298
182.079
182.33
181.982
182.382
193.123
187.275
187.749
188.177
187.559
191.23
181.679
182.615
182.335
181.986
184.369
189.18
187.787
185.389
181.546
182.399
188.243
185.944
186.267
182.645
182.583
184.729
187.477
182.198
183.296
182.249
182.861
182.236
192.321
186.434
182.405
182.671
184.7
189.706
182.706
182.67
182.885
183.339
182.363
189.733
184.681
182.98
182.802
185.248
183.185
190.897
182.78
186.5
192.266
194.564
190.139
185.925
182.887
182.583
184.779
182.508
189.31
183.264
182.342
183.135
182.748
189.017
183.623
182.6
182.379
185.091
183.068
189.018
183.173
182.474
182.621
185.979
189.529
193.492
188.173
186.814
184.552
182.226
187.339
182.84
182.52
182.8
182.673
183.02
190.887
184.678
182.625
184.581
182.469
190.13
184.396
182.33
182.343
189.244
182.83
188.943
181.719
184.85
182.863
182.675
181.918
188.07
182.952
183.352
181.577
183.528
189.17
182.375
184.738
182.982
181.965
182.226
187.755
182.158
182.195
182.551
182.369
183.357
188.17
184.778
182.249
182.903
181.977
188.763
183.549
181.141
182.536
181.832
182.409
188.166
183.964
181.986
181.45
182.069
183.754
186.415
181.589
182.791
182.781
182.983
189
184.411
181.527
182.552
182.552
182.678
192.207
187.103
187.901
184.301
182.261
190.076
195.37
189.221
183.41
182.232
182.888
189.161
182.761
182.117
182.42
182.745
182.415
193.428
180.971
182.808
182.237
182.198
188.898
181.656
181.865
182.158
181.78
182.622
188.81
181.722
182.652
182.04
182.213
182.892
188.704
181.998
187.223
187.812
187.75
194.596
188.139
188.457
187.804
185.962
181.759
187.863
182.211
182.801
183.763
182.147
190.364
182.014
183.158
181.705
183.045
183.686
193.785
187.857
187.618
188.503
189.3
192.36
188.265
187.498
187.972
188.237
187.745
193.136
187.007
182.908
182.504
184.363
186.576
183.796
182.846
182.565
182.379
183.258
188.345
182.077
182.777
181.812
184.24
182.683
192.379
186.569
182.036
182.19
182.259
188.077
182.131
183.021
182.292
184.592
186.056
188.523
181.652
182.063
183.808
187.935
187.383
193.321
187.66
184.589
184.389
182.442
188.768
181.718
182.408
182.286
182.767
182.356
189.789
182.328
182.331
183.847
182.274
183.307
187.365
182.47
182.99
182.053
182.48
187.504
182.945
181.811
185.106
182.422
182.332
188.204
181.892
182.321
182.494
181.99
187.488
183.665
182.297
183.925
182.579
181.624
188.922
181.727
181.91
182.291
181.999
182.069
188.879
182.155
184.119
182.617
181.963
188.165
182.177
182.025
183.05
182.692
182.215
189.159
182.042
185.553
182.459
182.33
182.875
189.195
182.211
182.655
186.74
181.637
188.808
182.623
183.886
182.542
182.72
182.376
189.615
182.456
182.207
186.741
187.38
188.011
193.605
187.475
188.181
183.847
182.068
189.24
182.756
182.429
182.927
181.835
182.658
190.625
182.636
182.483
181.621
182.594
187.905
183.123
182.631
182.349
182.594
181.698
190.415
182.727
182.609
182.491
181.585
182.233
188.695
182.998
182.391
182.76
182.02
190.75
181.928
182.733
183.179
181.788
182.327
188.724
182.747
182.036
182.685
182.02
184.833
188.618
182.403
182.706
182.906
181.959
189.797
182.136
181.886
182.599
182.376
184.98
187.859
182.662
183.218
182.48
181.864
182.474
190.15
182.347
182.052
182.492
184.548
188.524
186.265
181.765
184.874
187.734
188.443
193.006
185.315
181.739
182.074
184.128
187.949
183.809
182.423
181.814
182.444
183.969
190.535
186.484
182.334
182.286
184.194
182.847
187.725
182.85
181.967
184.369
181.79
188.492
182.187
181.79
181.818
184.695
182.917
188.24
182.305
182.569
182.318
182.319
182.295
186.9
182.424
182.105
184.57
182.108
188.03
182.711
182.238
182.503
182.727
182.475
190.929
190.54
186.758
185.209
181.739
182.806
187.896
182.578
181.889
182.171
181.467
188.324
181.859
182.335
184.095
182.391
183.474
189.472
182.388
183.16
182.321
182.817
183.762
187.709
182.084
185.072
182.179
182
188.441
182.55
181.772
182.874
181.983
182.427
188.633
183.729
184.136
187.708
187.828
191.811
188.131
189.71
187.59
187.422
187.158
186.556
185.314
182.334
182.375
183.023
188.059
183.096
182.632
181.576
182.318
181.862
188.477
184.37
182.471
182.322
181.477
181.994
189.009
181.866
182.854
182.724
197.991
216.375
183.198
181.799
182.724
182.114
184.304
189.386
182.74
182.04
181.998
182.296
188.68
186.403
182.91
182.193
182.487
182.499
190.213
182.213
182.383
182.327
182.091
182.514
190.248
182.515
182.249
182.489
182.167
190.071
182.769
181.946
182.213
181.805
182.349
190.996
182.15
182.309
182.029
181.844
182.569
187.674
182.778
182.65
182.18
182.889
190.229
182.078
182.169
182.685
182.347
183.125
192.091
187.882
187.487
188.035
188.25
194.952
186.927
181.616
182.316
182.163
182.685
189.222
182.397
182.664
181.958
184.14
182.205
188.005
182.061
181.931
183.689
181.505
189.462
186.877
183.422
181.785
184.683
183.551
193.136
184.665
181.904
182.568
182.511
181.666
188.391
182.164
182.59
184.792
181.824
187.661
181.88
181.992
181.757
181.589
182.38
189.129
182.071
182.728
184.685
181.916
183.527
191.308
188.457
188.275
187.939
187.849
193.456
188.422
184.371
187
185.882
182.143
188.05
181.868
182.064
182.126
182.842
189.326
182.563
182.452
185.249
188.971
186.863
187.614
182.748
181.836
182.456
182.071
183.901
187.519
182.869
183.923
187.636
210.779
195.642
187.279
187.844
189.233
185.7
188.493
183.127
185.584
182.892
182.587
182.125
188.659
182.705
182.213
182.442
182.447
182.292
189.096
184.705
182.111
182.577
182.337
187.964
183.883
188.979
187.714
182.743
182.289
188.552
184.241
182.072
182.042
182.098
182.334
188.103
182.368
181.997
182.997
181.634
189.563
184.335
181.671
182.087
182.096
183.185
188.639
181.91
182.334
182.895
182.702
182.44
191.543
182.143
182.236
182.559
184.088
189.711
181.912
182.179
182.641
182.952
182.669
191.785
182.715
182.76
181.734
182.475
184.268
188.111
182.259
182.751
182.36
181.477
190.971
182.085
186.002
188.246
184.59
182.734
188.852
182.115
182.419
182.38
183.129
190.12
182.13
182.267
182.286
183.923
232.19
223.56
198.411
193.8
188.438
185.526
190.075
182.408
182.317
183.489
182.606
182.994
189.275
182.624
182.273
183.031
185.088
189.27
182.716
182.225
182.48
181.744
182.594
193.291
181.795
182.819
182.272
184.739
187.316
188.872
182.373
182.068
181.879
184.399
192.989
187.688
188.146
188.329
189.53
187.48
192.898
188.135
186.539
182.494
182.551
188.428
181.244
183.032
182.755
183.713
181.436
191.741
184.733
182.222
183.508
184.099
205.393
193.238
192.731
194.946
192.392
194.115
196.918
186.615
190.038
190.425
188.425
193.739
187.907
186.784
187.133
181.8
182.512
188.67
182.014
182.003
182.897
181.642
185.35
188.786
184.447
185.26
182.817
181.91
188.471
185.577
189.447
187.68
187.76
187.799
193.559
187.588
190.773
187.839
187.92
193.233
188.037
187.78
188.447
187.449
188.831
191.446
185.025
181.95
182.662
181.959
188.54
181.432
181.971
182.436
182.158
182.361
188.51
184.438
181.683
182.246
184.858
183.396
188.057
182.828
182.627
182.625
182.158
188.151
184.263
181.881
182.157
182.297
182.595
188.516
181.401
181.92
181.995
181.966
183.728
188.901
182.138
181.37
182.369
181.939
188.532
182.104
182.226
182.308
183.113
196.5
190.799
182.248
182.363
182.215
182.702
188.102
182.127
182.356
182.1
182.565
182.346
188.216
182.125
182.092
182.266
182.526
182.551
189.221
181.266
183.27
182.638
181.835
190.511
187.479
187.599
187.395
187.732
187.69
192.853
187.837
187.995
187.994
187.865
194.74
187.734
184.644
182.813
182.179
181.761
187.084
182.976
182.208
182.435
181.498
184.452
192.807
188.296
182.685
181.902
182.49
188.682
182.053
182.592
181.885
182.438
184.518
188.361
182.177
182.835
184.3
182.6
182.752
188.341
182.152
182.35
183.514
182.199
187.667
182.535
182.426
182.337
182.19
181.789
189.562
182.067
182.561
183.646
182.462
183.699
187.259
182.389
182.45
181.545
182.449
188.144
189.124
187.815
189.893
181.774
182.646
188.338
181.562
182.787
182.345
181.612
188.618
182.584
181.831
183.916
182.57
182.959
187.873
182.249
182.058
181.641
182.314
182.706
189.737
182.082
185.644
187.944
187.574
189.931
183.042
187.602
187.539
188.111
188.509
192.22
187.635
191.824
188.28
188.131
193.169
190.614
187.318
187.078
188.411
188.56
192.525
187.594
190.045
187.266
187.994
192.962
183.809
182.048
182.416
182.215
182.386
189.411
184.875
182.028
183.19
184.895
182.845
187.955
183.83
181.481
182.374
182.065
189.077
184.002
181.97
182.602
184.735
184.651
188.066
182.479
182.467
182.181
182.644
185.905
185.677
182.609
182.491
182.407
182.236
189.903
187.915
185.488
183.145
181.185
182.44
190.339
182.804
184.29
183.094
184.818
188.363
182.614
182.694
181.76
182.511
184.632
193.723
188.414
188.62
187.371
188.997
190.135
191.27
188.641
187.895
187.922
187.853
189.7
182.757
182.403
182.272
181.121
182.705
188.12
182.781
181.656
182.729
181.916
191.45
182.799
181.666
182.048
182.673
182.339
188.691
181.568
182.53
182.557
182.096
183.889
189.684
182.626
182.285
182.292
182.141
189.414
188.203
186.675
183.991
181.944
184.09
189.392
182.438
182.294
182.609
181.925
188.447
189.768
187.789
187.505
190.308
187.573
193.324
187.583
188.723
187.675
187.716
185.125
191.57
187.762
183.134
184.161
182.841
187.436
182.085
182.146
182.376
182.565
183.198
188.824
182.654
182.113
184.436
182.054
188.206
181.574
182.853
182.136
182.762
182.209
188.88
182.175
182.528
183.901
182.368
182.571
188.159
181.771
182.717
182.407
183.048
188.929
181.733
182.403
183.832
182.666
182.556
187.549
181.545
182.491
182.179
182.411
182.416
189.11
182.297
184.435
182.348
182.47
188.824
182.351
182.26
182.137
182.461
181.792
188.829
181.844
184.319
182.345
182.334
186.347
186.872
182.646
182.408
182.479
182.349
188.998
181.549
185.094
182.729
182.697
182.269
188.162
181.997
182.514
181.869
183.021
183.663
186.857
184.064
182.522
181.865
182.346
189.239
182.435
183.268
181.872
181.769
182.311
188.323
184.366
182.499
181.751
182.757
187.794
183.755
182.312
182.452
182.574
182.073
189.049
184.741
182.776
182.494
182.908
183.197
190.165
182.606
182.191
183.327
182.228
189.834
184.776
182.943
181.693
182.781
182.103
188.403
182.948
182.425
182.501
182.694
181.946
190.474
182.196
182.436
181.583
182.476
187.582
182.566
182.149
181.963
182.334
182.529
191.223
182.165
182.523
182.239
182.282
181.853
189.329
182.719
182.676
182.472
184.332
189.532
182.278
182.747
182.42
181.553
182.398
189.071
181.904
182.746
182.186
183.536
182.506
187.407
182.73
181.93
182.069
182.603
188.427
182.087
182.21
182.221
184.216
182.767
188.321
182.036
181.712
182.072
182.75
184.949
189.294
182.629
182.35
184.31
182.137
188.472
182.353
182.446
182.768
182.536
182.728
188.621
182.502
182.125
184.215
181.545
183.449
187.346
182.531
182.186
182.358
182.09
190.168
182.262
182.03
183.556
182.745
182.323
188.544
182.273
181.799
183.423
182.79
183.779
186.553
182.393
184.788
182.769
182.133
189.899
182.219
181.928
182.081
182.391
182.921
188.901
181.591
186.541
182.752
181.54
186.553
183.142
183.08
182.718
182.588
182.029
188.714
182.117
184.738
182.333
181.833
181.98
188.542
182.416
183.432
182.346
182.642
187.69
182.797
184.203
182.103
182.526
182.15
188.01
182.478
181.924
182.285
181.4
182.24
189.392
186.072
182.797
182.242
182.413
188.425
182.535
181.896
182.453
184.569
182.136
189.573
184.702
182.424
182.487
182.373
182.552
191.742
188.058
187.96
187.205
182.821
188.107
184.053
182.381
182.102
181.856
182.244
188.694
182.177
182.083
182.045
182.367
183.266
189.963
182.198
182.5
182.067
181.81
190.326
181.631
182.647
182.527
182.149
182.493
190.226
182.307
181.999
182.417
184.859
190.103
185.825
192.929
184.698
181.256
182.247
193.781
188.187
188.41
187.888
187.616
187.913
193.338
187.806
187.498
181.675
183.907
188.082
183.743
187.632
182.267
181.418
182.197
189.644
182.191
182.548
183.089
184.274
188.098
182.357
182.22
182.673
182.428
181.846
188.613
181.184
182.17
182.191
184.265
182.971
188.992
182.101
183.658
181.863
183.244
187.893
182.538
182.383
182.111
185.863
184.922
188.886
183.159
182.334
182.157
181.772
182.589
188.365
184.015
181.641
185.144
182.146
187.673
182.097
182.97
182.288
182.145
182.163
188.161
182.446
181.984
184.701
182.648
182.242
188.288
181.737
182.489
181.786
181.955
188.536
189.161
