6.95175e-310
6.95175e-310
97.1953
76.8573
72.2586
67.0334
64.4137
61.7996
59.0749
55.8669
54.073
51.5508
51.0243
48.5508
47.4585
47.914
45.7833
43.6222
42.7825
42.8981
45.2607
41.1001
40.3
40.412
40.2857
38.6833
38.7593
37.2656
37.5681
36.6658
36.2415
36.0319
35.4075
35.3487
34.6199
34.8692
33.7561
33.4324
33.2168
32.6941
32.0572
32.8793
32.7105
31.631
31.4482
31.2521
30.5141
30.978
30.31
34.4427
29.3862
29.6532
30.8314
28.8969
27.9628
27.5649
26.5193
27.3851
26.8434
26.6834
26.8654
25.6676
26.2909
25.7359
25.3212
25.8068
25.1915
25.8162
24.7469
24.5779
24.4911
24.2413
24.5598
24.1866
23.927
24.176
24.0249
23.665
24.5688
23.9167
24.2418
23.4441
23.3626
24.031
23.5507
23.466
23.8257
23.1182
22.7829
24.2709
27.0023
23.5027
23.0748
22.521
22.9963
22.4697
22.1909
22.5122
22.1002
21.9223
22.2344
21.9408
21.8632
22.5635
23.2478
22.5258
21.5897
21.4684
21.9317
21.0004
21.2131
21.4175
20.8071
20.7757
21.1416
20.8815
20.7901
21.6679
20.7245
20.8415
21.7434
20.7055
20.6075
20.3838
20.4723
20.3284
20.389
20.8531
20.08
20.15
20.4497
19.8201
19.3912
19.4605
19.2611
19.6071
19.7079
19.2817
20.7412
23.0026
21.3815
19.5352
20.0699
19.5855
19.4303
19.5256
19.5854
19.0249
18.7489
19.2095
18.6926
18.3869
18.5985
18.5245
18.6793
17.9526
18.3048
17.6295
17.4657
17.6386
18.1561
17.4186
17.4759
18.1569
17.6329
17.805
17.7877
18.2652
17.3557
17.5992
17.7115
17.0402
17.0767
16.8343
17.2853
16.7474
16.916
16.7289
17.1174
16.6334
16.7003
16.3799
16.7905
15.969
16.3474
15.9302
16.0678
16.405
15.798
15.752
15.7805
15.9361
15.9473
15.8856
15.5598
15.7516
15.6536
16.8517
19.3529
15.6799
15.4765
15.5543
15.5255
15.4363
15.1927
15.4794
15.5714
15.2663
15.7266
15.1377
15.4783
15.1693
15.0914
15.2509
15.8581
14.7387
14.6404
14.5086
14.7538
14.1859
13.9864
14.2463
14.5282
15.196
14.2085
14.4698
14.4183
14.7929
14.5241
14.5567
14.1839
14.0941
14.8521
14.3714
14.1761
13.9536
14.4881
14.0045
14.1212
14.1035
14.213
15.0979
15.0227
14.6326
14.6789
14.754
14.4589
14.4306
14.4152
15.0478
14.3321
14.0723
14.0629
14.1227
14.4727
14.022
14.1128
13.8957
14.4205
14.0357
13.8088
13.9441
14.0318
14.3077
13.7757
13.742
14.6998
14.806
16.6389
15.3185
13.7185
13.6684
13.9165
13.4325
13.6338
13.8291
14.1907
13.8325
13.6635
13.6424
13.8672
14.0494
13.7131
13.4854
13.364
13.6953
14.662
13.8233
14.0337
13.6895
14.2257
13.7102
13.5637
13.4793
13.5472
14.1298
13.6674
13.5604
13.7167
13.2989
13.5704
13.2629
13.1628
13.5169
13.6535
13.0298
13.1139
12.9097
12.801
13.078
12.7871
15.5411
13.0357
13.0814
12.9447
12.3372
12.6922
12.4866
12.7147
12.5041
12.785
12.775
12.934
12.9909
12.8154
12.8354
12.7043
12.7197
13.3342
13.0476
13.1664
12.812
12.6046
13.3654
12.9641
12.7604
12.6178
13.1396
13.4255
12.8732
12.9222
12.9238
12.9586
13.5496
12.8788
13.9996
16.9293
13.2237
12.4378
12.4093
12.2857
12.1429
12.6571
12.4001
12.4686
12.4379
12.2436
12.698
12.0438
11.7363
11.921
12.2179
12.0558
12.671
12.5412
12.3959
12.0898
12.6837
12.796
12.488
12.2161
12.0809
12.2906
12.7689
12.0231
12.0565
12.0947
12.1745
12.7113
12.2318
12.0654
12.3281
12.3615
12.0378
12.206
11.8549
11.8705
11.7411
11.7963
11.8352
11.7036
11.5702
11.3387
11.8425
11.9026
11.4209
11.5515
11.5249
11.4405
11.2462
11.9427
11.2636
11.0934
11.4464
11.5535
11.5457
11.5116
11.3448
11.0718
11.1319
11.2988
11.6461
11.4367
11.5265
11.4243
11.8163
11.7139
12.4907
12.0297
11.7979
11.4741
11.9394
12.118
11.4645
11.2108
12.7108
11.2343
11.7084
10.8138
11.0706
11.4781
10.9052
12.3041
14.8547
11.0177
10.6432
11.1436
10.7938
10.4957
11.3308
10.6312
10.3558
10.6375
10.2762
10.4628
10.6277
10.3671
10.4262
11.1754
10.4449
10.422
10.3963
10.474
10.2006
10.7307
10.2566
10.2478
10.0158
10.3177
10.2285
10.7116
10.4365
9.9586
10.2039
10.0337
10.1496
10.6219
9.8113
10.0867
10.2916
9.9928
10.5985
10.2974
10.5577
10.331
10.2825
10.5364
10.6119
10.4059
10.9181
10.5061
10.7826
10.9188
11.1561
11.1934
11.0056
10.9779
11.04
10.993
11.2155
11.6683
11.3375
11.1722
11.2492
11.1035
10.8941
11.2357
11.3868
10.5692
11.0181
10.993
10.8894
11.2828
11.4965
10.7431
11.0769
11.1141
10.5095
10.6932
11.0634
10.5593
10.7909
10.7631
10.653
10.7401
11.3845
10.784
10.474
10.6837
10.3704
10.2281
10.7765
10.3135
10.1052
9.9296
10.0544
10.1624
10.4098
9.8553
11.268
12.9171
11.5905
9.6473
10.3071
9.5714
9.726
9.8954
9.5195
9.6093
9.52
10.2563
9.8591
9.4288
9.6876
9.4315
9.6439
10.2019
9.491
10.2245
9.6245
9.7339
10.2616
9.7363
10.7176
9.9737
10.0625
10.1887
9.679
9.8281
10.1547
9.6417
9.7259
9.5333
9.383
9.4678
9.618
10.3248
10.2978
9.8529
9.8803
9.987
9.8156
10.4462
9.9228
9.6796
9.9761
9.8265
10.1618
10.1915
9.6421
10.3848
9.7883
9.7214
9.6976
9.7625
10.2902
9.9378
9.8515
9.99
9.5814
9.8187
9.6437
9.6144
9.6143
9.8836
9.8795
10.202
9.7036
9.5472
9.766
9.6373
9.602
9.4589
9.9023
9.7029
9.3947
9.637
9.4644
9.5492
9.4802
9.4769
9.4771
9.1214
9.3366
9.2812
9.3227
10.0262
9.26
9.9145
9.5985
11.5291
9.7942
9.4902
10.1001
9.3768
9.5429
9.5367
9.2514
9.4535
9.3716
9.5927
9.6572
9.2428
9.25
9.0335
10.6109
11.8948
9.8574
9.2155
9.1443
9.4453
9.4549
9.2683
9.1109
9.6039
9.1816
9.5933
9.4347
9.4396
9.6741
9.4788
10.4677
9.483
9.4669
9.5146
9.1882
9.3286
9.0357
9.8271
9.0751
9.4843
9.4728
9.2858
9.3601
9.0423
9.69
9.156
9.096
9.184
9.1818
9.5195
9.1271
9.5525
9.0639
8.9027
8.853
8.9735
9.2159
8.9211
9.1639
8.7618
8.8628
8.6235
8.7703
8.8275
8.7211
9.0565
8.7366
8.8185
8.8498
8.9498
9.3648
8.8572
9.3289
8.7824
8.7267
8.842
8.6897
8.525
8.3979
8.9743
8.5034
8.6795
8.3829
8.7088
8.5223
8.9529
8.3399
9.0547
8.2519
8.5364
8.4879
8.7332
8.5634
8.4884
8.9612
8.696
8.5411
8.6164
8.5802
8.6956
8.6837
8.2281
8.9131
8.1866
8.3593
8.1988
8.4514
8.3927
8.157
8.594
8.1186
8.1853
8.1172
8.0214
8.1476
8.5217
8.0124
8.7286
8.0188
8.4347
8.2278
8.3349
8.0411
8.4563
8.1366
8.8182
8.1539
8.5263
8.2947
9.8619
11.0791
9.5551
8.8951
8.2084
8.3012
8.2287
8.4812
8.1561
8.4807
8.3676
8.5816
8.2886
8.3474
7.9819
7.9548
7.9628
8.0072
8.4174
8.0345
7.9366
8.1388
8.246
8.0443
8.0567
8.0635
8.4232
8.0007
8.201
8.0991
8.2456
8.3411
8.0863
8.1792
8.5275
8.1754
8.0825
8.1927
8.353
8.3262
8.4257
8.3624
8.7627
8.5941
8.358
8.4068
8.174
8.2951
8.2589
8.8381
8.1956
8.3852
8.1566
8.6619
8.0647
8.6446
8.1368
8.8708
8.4016
8.3762
8.3366
8.1265
8.133
8.3132
8.5833
8.1447
8.0942
8.3965
8.2652
8.1175
8.2034
8.0381
7.9264
8.0228
8.6159
8.4272
8.3517
8.1278
8.0223
8.0589
8.1142
8.1748
8.6827
8.1542
8.2436
8.175
7.9874
7.8608
8.1015
7.9128
8.6244
7.8615
8.2266
7.9864
8.2764
7.9001
8.1993
7.8512
8.5404
7.9522
8.1341
7.9126
9.5878
8.0372
7.8421
8.1784
7.8093
7.5729
7.5409
7.3854
7.7198
7.3253
7.4535
7.5072
8.1483
7.5471
7.5912
7.6618
7.6302
7.6169
7.6766
7.736
8.4122
7.9827
7.493
7.6177
8.3785
8.0808
11.2514
8.1919
7.9624
7.5755
7.5968
7.419
7.7293
7.3517
7.7124
7.4398
8.1148
7.3697
7.498
7.3115
7.6732
7.3725
7.3534
7.5992
7.4092
8.1818
7.5922
7.7642
7.4316
7.7623
7.5805
7.8255
7.3824
8.1529
7.3027
7.3567
7.5374
7.5928
7.352
7.2319
7.282
7.1577
7.5689
7.1689
7.3046
7.2366
7.3279
7.5151
7.4699
7.622
7.9963
7.4165
7.4734
7.438
7.6639
7.4659
7.8347
7.5066
7.7128
8.396
7.8902
7.6604
7.8216
7.9381
7.8379
7.8453
7.71
7.9322
7.4812
7.7163
7.5019
7.6093
7.3977
7.6532
7.3596
8.0563
7.5384
7.5681
7.3356
7.4415
7.5284
7.6512
7.5001
7.4337
7.5233
7.0618
7.3768
7.1969
7.5091
7.4108
7.4993
7.4813
8.0276
7.6073
7.6651
7.4837
7.4829
7.5327
7.5748
7.5358
8.312
7.6069
7.7989
7.3625
7.646
7.3871
7.4962
7.5939
7.4663
7.8884
7.321
7.6206
7.4132
7.6861
7.49
7.8492
7.5611
8.2353
7.6247
7.7728
7.6281
7.8849
7.6738
7.5971
7.7336
7.5531
8.3071
7.7089
8.0463
7.7323
8.17
7.6132
7.9201
7.4589
8.0663
7.3411
7.4928
7.3114
7.569
7.5351
8.1674
8.4054
10.9533
7.8069
7.6372
7.6972
7.5357
7.681
8.2037
7.6371
7.7372
7.482
7.4163
7.5177
7.4581
7.4408
8.0066
7.2788
7.7445
7.3404
7.5772
7.3004
7.2855
7.287
7.3588
7.3156
7.3123
8.1157
7.4035
7.7197
7.6614
7.8982
7.5832
8.0558
7.7223
8.5089
7.7931
7.9586
7.6586
7.9128
7.6361
7.7129
7.8392
8.3403
7.8738
7.9158
7.8167
7.7914
7.7949
7.7798
7.7924
8.1796
7.7629
7.6907
7.7051
7.826
8.0882
7.8639
7.7428
8.0086
8.2761
7.8979
7.5986
7.8027
7.8021
7.9876
7.9685
7.9593
8.3176
7.9919
7.9097
7.868
7.7363
7.7493
7.8163
7.759
8.4729
7.9201
7.8048
7.7674
8.0231
7.895
8.2895
7.9955
8.5119
7.9793
8.1775
7.905
8.1848
7.9435
8.1061
7.7061
8.2626
7.652
8.1709
7.7139
7.7193
7.5402
7.6365
7.4375
8.9255
7.8867
7.795
7.967
7.7495
7.814
7.7763
7.8677
8.4706
7.9805
7.6335
7.5967
7.4589
7.5268
7.6943
7.6684
8.013
7.4607
7.6227
6.8106
7.7416
7.3963
6.914
6.8903
7.5336
7.7941
6.8825
7.6291
7.345
7.187
7.2547
7.3286
7.0361
6.5514
8.2641
7.8162
10.0572
7.1855
7.0306
6.3669
6.5921
7.0881
7.7225
6.4909
7.1472
7.0382
6.4894
7.238
7.0091
7.176
6.6212
7.4416
7.0502
6.4679
7.2135
6.9386
6.6011
6.6744
7.0718
7.1172
6.5401
7.65
7.0535
6.621
7.1726
7.0573
7.1443
6.5571
6.8588
6.8294
6.8819
6.7118
6.6455
6.0634
6.4284
6.7705
6.8431
6.5168
6.784
7.623
6.3031
6.9403
6.7558
6.5788
6.453
6.5432
6.6707
5.9603
6.4954
6.8143
6.5916
6.0946
6.5389
6.3394
6.3567
6.6304
6.4222
6.1687
6.3861
7.107
6.2161
5.9311
6.4548
6.296
6.0495
6.5091
6.281
5.8795
5.7823
6.9075
6.5303
6.3148
6.5147
6.4816
6.0129
6.6536
6.3974
6.1668
6.0435
6.8754
6.425
5.8724
6.4182
6.4263
6.0394
5.9047
6.5368
6.5065
5.9904
6.8231
6.3079
6.0039
6.4699
6.2421
6.4283
5.7686
6.4098
6.4397
5.8632
7.0888
6.203
5.6828
5.9519
6.1869
6.6222
5.8945
6.3628
6.6275
5.9494
6.4426
6.8825
6.2913
6.0434
6.2428
6.2174
6.1248
6.4265
6.6237
6.1066
6.074
6.7577
6.3825
6.4723
6.6116
6.4041
6.191
6.4974
6.6583
6.7311
6.1222
6.8506
6.4353
6.4736
6.5301
6.2651
5.9134
6.1628
6.4851
6.2731
5.6871
6.3685
6.3149
6.2185
6.2934
6.3889
6.2794
5.923
6.2669
6.1531
5.9
6.3951
6.2872
5.9898
7.1335
7.2037
9.5366
6.4592
6.5163
6.0435
5.7911
6.0905
5.888
6.2979
5.3984
5.7934
5.9483
5.2183
5.7382
5.9793
5.1574
5.281
6.0437
5.7838
5.3868
6.4878
5.7773
5.5568
5.7442
5.8136
6.1482
5.3678
5.8765
6.0584
5.466
6.1303
6.2692
5.549
5.6692
6.1899
5.8832
5.8454
6.2062
5.9088
5.7813
6.0589
6.734
6.3323
5.8356
6.3385
6.2749
5.8633
6.3792
6.2221
5.9752
6.1001
6.543
6.5949
5.9377
6.3274
6.3108
5.8751
6.9632
6.3388
6.1706
5.8167
6.5026
6.7817
6.0095
6.446
6.4619
6.0571
6.0668
6.2975
6.4367
5.7905
6.4855
6.3432
5.9172
6.637
6.5938
6.5151
6.8292
6.6185
6.7289
6.019
6.2574
6.9749
6.0386
6.3742
6.5303
6.0121
6.541
5.9404
6.3025
6.5275
5.9022
6.2447
6.3549
5.907
6.1551
6.4373
6.5756
6.2766
6.0672
6.4258
6.5725
6.2904
6.4159
6.8445
6.506
6.4026
7.4566
6.4786
6.5482
6.4425
6.4034
6.9163
6.4937
7.5065
7.0915
6.5039
6.3921
6.7892
6.2486
6.2678
6.2812
6.346
6.9011
6.3657
6.2696
7.443
6.3102
6.4712
6.9521
6.2862
6.4176
6.2154
6.4467
6.8273
6.3429
7.1404
6.9124
6.6833
6.3463
6.9501
6.6216
6.3103
6.6043
6.574
6.8229
6.9617
6.4174
7.0733
6.2435
6.2681
6.8167
6.1297
6.3143
6.0901
6.0712
7.1126
6.1083
6.2608
6.5726
6.0636
7.2301
7.7449
7.8091
7.1088
7.9645
6.4568
6.552
6.2061
6.1611
6.6656
6.2022
6.1199
6.5287
5.9905
6.5045
6.0847
6.2755
6.5818
6.2433
6.5065
6.9857
6.7406
6.3742
6.9247
6.8655
6.3499
6.2598
6.2351
6.815
6.1222
6.3531
6.6577
5.9359
6.1402
6.9829
6.0017
6.2629
6.0035
6.4223
6.501
6.0179
6.4178
6.4623
5.898
6.5717
6.4385
6.276
6.0039
5.9884
6.3865
6.5839
6.0239
6.1793
6.3899
6.2651
6.0532
6.4343
5.9162
5.7056
5.7783
5.8417
6.041
6.1574
5.9199
6.1655
5.8538
5.731
6.1779
5.6547
5.3844
5.4479
5.6632
5.8779
5.9533
5.4794
5.8846
5.6233
5.71
5.972
5.4347
5.5819
5.6144
5.5345
5.9982
5.9896
5.4379
5.8881
5.5072
5.3267
5.906
5.4401
5.4828
5.5883
5.7807
6.0122
6.2535
5.6156
6.1656
5.6913
5.7654
6.1428
5.5812
5.574
6.124
5.7649
6.1467
6.2852
5.6845
6.3033
5.9274
5.7143
6.2445
5.6575
5.4559
5.667
5.5548
5.9551
6.1239
5.5285
5.8703
5.6188
5.4147
5.744
5.889
5.4228
5.4081
5.7025
5.9155
5.9666
5.7481
5.9944
5.6689
5.7442
5.9746
5.6615
5.5373
5.5153
5.7169
6.2478
6.1128
5.594
6.1125
5.752
5.7566
6.012
5.6453
5.6026
5.4734
5.9468
6.1564
6.138
5.6803
6.3367
5.8623
5.6825
6.3235
5.6133
5.5378
5.8877
5.7946
6.305
6.2515
5.8151
6.5273
5.8988
6.0265
6.7308
5.7918
5.7798
6.8609
6.9156
9.1036
6.4358
7.3756
6.5074
5.7672
5.9918
6.1554
5.9595
5.6977
5.4665
6.3566
5.9918
5.4386
5.6695
5.9711
5.3345
6.0429
5.8857
5.6454
5.5087
5.4503
6.0608
6.0962
5.4723
5.6248
6.1259
5.4829
5.6951
6.0727
5.5382
5.4002
5.5735
6.0647
5.948
5.6424
5.6293
6.0484
5.4787
5.5376
6.0601
5.6623
5.8949
5.5369
5.97
5.9502
5.6474
5.577
5.9373
5.5833
5.8463
6.0316
5.5845
5.5174
5.4851
6.3989
5.9844
5.5695
5.8277
5.9706
5.5467
5.9301
5.9948
5.5658
5.6938
5.4251
5.9307
6.179
5.6047
5.8486
5.903
5.4423
5.7849
5.8875
5.4359
5.5839
5.3266
5.4472
6.358
5.2255
5.231
5.8447
5.1711
5.3867
5.7454
5.155
5.1154
5.3277
5.148
5.774
5.5059
5.1083
5.1397
5.1044
5.2522
5.5566
5.0449
5.2111
4.9812
5.0731
5.5418
4.8966
5.4357
4.9789
4.9889
5.1669
5.1815
5.0454
5.3537
4.866
5.2255
5.7567
5.0579
5.2117
5.48
5.0711
5.6382
5.0914
5.0842
5.1822
6.5963
5.5493
5.7759
5.0781
4.9324
5.2801
5.5145
5.6962
5.2312
5.1783
5.1011
5.2183
5.4719
5.7248
5.2749
5.5218
5.3266
5.3311
6.4009
5.2421
5.1848
5.3443
5.2738
5.5964
5.5077
5.1682
5.3776
5.4391
5.2243
6.0887
5.3587
5.2371
5.2573
5.4979
5.7495
5.4301
5.4704
5.2946
5.4346
5.5033
5.7531
5.9296
5.352
5.3737
5.4262
5.8849
5.1628
5.4653
5.3807
5.2823
5.3181
5.3268
5.1785
5.7136
5.4346
5.3738
5.7786
5.4822
5.3379
5.4536
5.5247
5.9787
6.2604
6.2174
7.7453
6.233
7.4581
6.7323
5.6944
5.7028
5.602
5.7967
6.0533
5.5098
6.1676
5.6152
5.4413
6.0445
5.8917
5.4253
5.5029
5.4362
5.5104
6.2007
5.4407
5.5757
5.9874
5.538
6.2066
5.5661
5.4347
5.6306
5.4535
5.5666
6.0838
5.4625
5.4969
6.1972
5.532
6.023
5.8015
5.4248
5.5457
5.5681
5.4779
6.1463
5.4915
5.3231
5.7668
5.549
5.9342
5.5322
5.5241
5.2415
5.4096
5.6113
5.3737
5.5072
5.4517
5.3722
5.8897
5.958
5.6778
5.468
5.5693
5.5814
5.8753
5.5237
5.4891
5.3118
5.4428
6.0738
6.1596
5.9494
5.6069
5.545
5.7633
6.1482
5.6982
5.614
5.3553
5.4876
5.9994
5.911
5.5324
5.4306
5.2562
5.572
5.8383
5.39
5.4713
5.5573
5.4359
5.9261
5.9495
5.382
5.5863
5.2596
5.3296
5.8296
5.2383
5.2654
5.4899
5.5318
5.7864
5.8796
5.2796
5.2956
5.6711
5.4875
6.1473
5.6731
5.5949
5.4318
5.8633
5.9926
6.0308
5.59
5.3279
5.4618
5.5294
5.3667
5.5298
5.4851
5.3404
5.4352
5.863
5.3066
6.0742
5.5684
5.4426
5.9875
5.573
5.588
5.5831
5.7054
5.697
6.0513
5.7999
6.0533
5.5921
5.712
6.1257
5.6818
5.953
5.8336
5.9988
6.1267
6.4944
5.97
6.9993
5.9117
6.298
6.4663
6.1374
6.1945
5.9578
6.4035
6.4547
6.0575
6.5542
6.0719
6.3828
6.2547
6.5492
6.3408
6.2091
6.3717
6.4606
6.8304
6.7748
6.1862
6.2066
6.1633
6.1295
7.0121
6.2808
6.5324
7.1952
8.4672
8.3174
7.5218
6.88
5.866
6.0416
6.191
6.0939
6.0611
6.147
6.4371
6.162
6.3196
6.0861
5.8668
6.1297
6.7095
6.3071
5.8155
5.6252
5.8205
6.1702
5.7943
6.2071
5.6977
5.9568
5.8326
5.8972
6.4015
5.8321
5.8256
6.2993
5.9935
6.1538
6.6013
5.8556
5.9854
5.7564
5.7186
6.4545
5.919
5.7739
6.3419
5.8765
6.3627
5.8243
5.686
5.8915
5.7865
5.7116
6.4687
5.7544
5.8702
6.4881
5.9558
6.456
6.0176
5.9446
6.0645
5.9667
6.1599
6.6547
5.9896
6.5043
6.0548
6.1851
6.7459
6.0991
6.3533
6.2983
6.1421
6.1587
6.153
6.5962
6.1119
5.947
5.9884
6.0162
5.9805
5.9208
5.9869
6.0785
6.6259
6.1302
6.3937
5.9964
5.9621
5.842
5.9311
5.9379
5.8449
5.914
6.1388
6.1489
6.2748
5.6047
5.6115
5.9702
5.7839
6.0813
5.9557
5.7597
5.9958
5.5661
5.9669
7.0407
5.854
5.5629
5.7587
5.6341
5.7664
5.7771
5.6927
5.7694
5.9221
5.8362
6.0447
5.6831
5.6397
6.4008
5.718
5.782
5.8516
5.7605
5.9141
6.4675
5.947
6.0825
6.1187
6.5594
6.1942
6.111
6.1616
6.3422
6.1875
6.2352
6.7793
6.2528
6.354
6.6281
6.3848
6.2756
6.202
6.2329
6.0604
6.154
6.3081
6.7679
6.2537
6.54
6.7117
6.2548
6.2748
6.2023
6.3157
6.3801
6.3415
6.7227
6.2923
6.8453
6.2231
6.1752
6.4955
6.3126
6.6312
6.5128
6.4505
7.5305
7.5958
9.6861
7.0944
6.5852
6.4612
6.5894
6.8427
6.7108
6.7689
6.5236
7.1565
7.0398
6.552
6.4371
6.3488
6.9742
6.405
6.2604
6.4113
6.1786
6.777
6.5026
7.4024
6.5295
6.3193
6.496
6.5318
6.6011
6.5772
6.6695
6.6441
6.5439
6.85
6.6983
6.6553
6.482
6.6296
6.6583
6.5867
6.9329
6.3975
6.7426
6.4555
7.1932
6.5039
6.3938
6.5568
6.5187
6.512
6.8685
6.2972
6.6327
6.3139
6.5072
6.7896
6.2592
6.5413
6.3077
6.5427
6.7162
6.1935
6.3355
6.1462
6.2413
6.5942
6.5701
6.2449
5.9938
5.9909
6.8076
6.1051
6.1915
6.265
6.1883
6.4828
6.3395
6.2438
6.3102
6.1086
6.6331
6.3232
6.4883
6.2031
6.0252
6.0708
6.2121
6.6382
5.9922
6.2194
6.4877
6.0604
6.0831
5.9112
5.9246
6.0224
5.7686
6.009
6.5054
5.812
6.4403
5.8012
5.8942
5.9093
5.8337
5.925
5.8869
5.7804
5.9944
6.3584
5.8665
6.5168
5.9247
5.9376
6.0542
5.8363
5.9533
5.7295
5.7478
5.93
5.7121
5.6163
6.2194
5.5269
5.5633
5.7813
5.5809
5.8076
5.7639
5.8064
6.3695
5.7417
5.64
6.2212
5.7731
5.6475
5.6314
5.6572
5.4461
5.4635
5.5037
5.8522
5.3206
5.4489
5.9394
5.3233
5.5043
5.4394
5.3161
5.5095
5.4579
5.4347
5.8896
5.3801
5.3488
5.3853
5.8694
5.3747
5.5499
5.5152
5.4969
5.6342
5.7582
5.6716
5.7823
5.5722
5.5694
6.1742
6.1017
6.0544
7.7221
6.3178
5.6716
5.7799
5.1854
5.3142
5.0606
5.0783
5.8199
5.1241
5.0839
5.4391
5.0907
5.1354
5.7471
4.9219
4.9631
4.9252
5.2114
4.903
4.939
5.4666
4.9145
4.8698
5.1014
5.3554
4.9307
5.1299
4.9021
4.9246
5.0639
5.3054
5.1676
5.5313
5.1463
4.9261
4.9858
5.0801
4.9564
4.9087
5.2935
5.1295
5.0233
5.1307
5.2143
5.1813
6.1658
5.2698
5.1541
5.2409
5.2699
5.5288
5.3162
5.5084
5.3979
5.2705
5.475
6.3367
5.4008
5.4955
5.6846
5.4586
5.6502
5.4758
5.4134
5.5337
5.4758
5.4006
5.8667
5.8963
5.2594
5.4299
5.3722
5.307
5.45
5.3797
5.2859
5.5112
5.4706
5.461
6.0445
5.3796
5.4125
5.4913
5.2925
5.2753
5.4955
5.3958
5.5949
6.4387
5.5232
5.5325
6.0935
5.4053
5.5138
5.8126
5.6223
5.8136
5.9405
5.8953
6.4604
5.8585
5.6541
6.1212
5.728
5.5319
7.7121
5.5381
5.5499
5.5369
5.3805
5.8556
5.4909
5.3179
5.979
5.4943
5.3528
5.6004
5.505
5.3315
5.419
5.3846
5.2314
5.2925
5.5045
5.2106
5.8465
5.3675
5.1844
5.2361
5.138
5.4019
5.6324
5.0918
5.1937
5.1969
5.0501
5.1574
5.4257
4.9729
5.1462
5.0634
5.2056
5.8435
6.0281
5.9157
6.2056
5.9931
5.978
5.832
5.3249
5.2914
5.4852
5.3684
5.7761
5.4657
5.1023
5.08
5.3807
5.1163
5.119
5.7845
5.32
5.0945
5.3041
5.1771
5.1218
5.2379
5.2086
5.0303
5.2741
5.1943
5.0439
5.4343
5.1835
5.3643
5.0181
5.0396
4.8648
4.8492
5.0124
5.0124
4.9553
5.1064
4.9199
4.8702
5.8223
4.9432
4.823
5.6289
5.7238
5.6094
8.1798
5.6753
5.1844
4.9832
5.2593
5.905
5.0035
5.1312
5.1107
4.8845
4.8968
5.1902
5.2702
5.1089
5.2561
5.213
5.062
5.2559
5.5474
4.9766
5.1108
5.0846
4.977
5.0819
5.0081
5.5796
5.3026
5.1335
5.0099
4.8033
5.5503
4.9293
4.9908
5.1549
5.0359
5.0544
5.4059
5.5378
5.1253
5.1088
5.2298
5.0897
5.1083
5.6234
5.1298
5.0258
5.2143
5.1431
5.636
5.4236
5.0439
5.0573
5.4332
5.2013
5.2236
5.7716
5.3067
5.3202
5.3745
5.2796
5.2281
5.1782
5.1779
4.9924
5.0824
5.149
4.9685
5.4776
5.3322
5.3381
5.0558
5.1498
5.0469
5.0529
4.9314
5.1135
5.0422
4.8824
5.0427
4.9605
6.4314
5.0194
4.9016
4.824
4.9878
4.8263
5.058
4.7117
5.0526
4.904
4.9196
5.4734
5.5928
5.1537
5.2037
5.133
4.9949
4.986
5.1194
4.8901
4.8821
5.0165
5.0957
4.9977
5.077
5.3398
4.8401
4.7851
5.0463
4.7682
4.8228
5.3615
5.3325
4.9057
5.2106
4.9907
4.9398
5.1424
5.1881
4.8451
4.799
4.9824
4.8823
5.1603
4.9344
4.7111
4.5341
4.6793
4.7236
4.6911
4.587
5.2322
4.5321
4.6158
5.0808
4.6267
4.4293
4.6209
4.5742
4.3897
4.3664
4.497
4.5247
4.4203
4.3507
4.9308
4.3808
4.356
4.4444
4.4202
4.4946
4.5639
4.649
4.583
4.4725
4.9729
4.5234
4.7711
4.5487
5.1866
4.8299
4.7024
4.9276
4.7356
4.7995
4.95
5.2466
4.7971
4.6517
4.6217
4.5005
4.7256
5.1772
4.6004
4.5649
4.6847
4.6424
5.0258
4.7237
4.6914
4.6703
4.7845
4.9773
4.8258
4.8033
5.5369
4.7722
4.8064
5.2846
4.6345
4.6972
4.9777
4.694
4.6278
4.7418
4.7667
4.5785
4.6944
5.4984
4.5103
4.5252
4.55
4.7697
4.5518
4.586
5.397
5.199
5.1248
6.6363
7.2386
4.5848
5.0782
4.6206
4.6725
4.8983
4.8305
4.7193
4.8604
4.8386
4.6986
5.3066
4.7692
4.8849
4.784
5.3079
4.8922
4.7733
4.9857
4.9469
4.802
4.8016
4.638
4.7884
4.6692
4.6827
4.8656
4.6111
5.109
4.4828
4.6504
4.6983
4.9807
4.7252
4.647
4.7594
4.7677
4.9259
4.8691
4.9097
4.9708
5.3233
4.8377
5.3376
4.9423
4.6885
4.6603
4.8242
4.6972
4.5528
4.5344
4.848
4.5424
4.6395
5.1927
5.2171
4.6921
4.7601
4.8646
4.8182
4.8163
4.9928
4.7577
4.759
4.8026
4.8453
4.6577
4.5222
5.1629
4.6439
4.5527
4.7338
4.5088
4.5143
4.553
5.0631
4.4642
4.4516
4.5596
4.5895
4.5345
4.5073
5.191
4.5472
4.4185
4.597
4.9789
4.3747
4.4618
4.6738
4.5032
4.5995
4.5718
4.6244
4.438
4.4325
5.1568
5.1711
4.5956
4.5952
4.6268
4.4749
4.5659
4.3922
4.642
4.5064
5.7971
5.0589
4.5699
5.0326
4.4459
4.5677
4.4444
4.7227
4.5312
4.3766
4.6303
4.4828
5.0052
4.3743
4.4995
4.3265
4.4412
4.8678
4.2237
4.2012
4.3338
4.415
4.2976
4.835
4.28
4.2765
4.3224
4.4609
4.5737
4.3481
4.4123
4.705
4.4243
4.2719
4.7139
4.4545
4.2752
4.4107
4.5526
4.6499
4.4849
4.5386
4.6821
4.4648
4.4825
4.4705
5.0282
4.5942
4.5365
4.7885
4.5263
4.4278
4.6107
4.6866
4.6447
5.0139
4.7377
4.5025
4.4686
4.8584
4.5696
4.4266
4.4597
4.8834
5.1679
4.6566
5.1127
4.638
4.6306
4.6941
4.66
4.749
4.666
5.1427
4.9553
4.7146
4.8974
5.1787
4.6068
4.7353
4.6814
4.8569
4.7362
4.8155
4.8953
4.7593
5.3554
4.7335
4.8969
4.8282
4.689
4.8832
4.817
4.8734
4.8176
5.0191
4.9935
4.8035
5.2946
5.2366
4.7142
4.744
4.6402
4.6437
4.6801
4.7613
4.7271
4.6619
4.7818
5.8565
5.2032
5.1222
7.3706
5.8755
4.89
4.8663
4.657
4.7556
5.1724
4.9461
5.2487
5.1736
4.7648
4.7965
5.1797
4.6634
4.6005
4.6209
4.8531
4.599
4.5269
4.914
4.5839
4.5779
4.6689
4.7754
4.7388
4.6139
4.7443
4.6045
4.6419
5.4706
4.6297
4.5907
4.537
4.7863
4.6522
4.4698
4.5631
4.5875
4.4973
4.5332
5.002
4.574
4.3989
4.9234
4.5979
4.4577
4.629
4.4321
4.6443
4.3948
4.5086
4.7247
4.4095
4.303
4.4406
4.3227
4.3963
5.0309
4.2526
4.3981
4.2706
4.2966
4.2594
4.4132
4.3946
4.2731
4.2313
4.3788
4.2907
4.0849
4.2169
4.3552
5.1464
4.1776
4.1768
4.3841
4.0864
4.0498
4.0632
4.6269
4.1658
4.1736
4.489
4.8251
4.331
4.313
4.8914
4.3287
4.2294
4.2189
4.3029
3.963
4.0099
4.3605
4.7734
4.1578
4.2396
4.1485
4.4974
4.2134
4.2217
4.6946
4.3486
4.1696
4.0874
4.4513
4.1004
4.0534
4.0505
4.3136
4.1431
4.0651
4.0818
4.1333
4.355
4.5387
4.2236
4.3446
4.0963
4.0799
4.8215
4.3022
4.1968
4.1916
4.2726
4.3867
4.558
4.1758
4.1649
4.2116
4.0866
4.2618
4.1124
4.2988
4.213
4.7082
4.1673
4.6343
4.0971
4.2493
4.1322
4.3774
4.0675
4.1744
4.0748
4.2196
4.1097
4.0392
4.1278
4.2188
4.6269
3.9815
3.946
4.1422
4.0789
3.9977
4.0571
4.2295
4.6215
4.0842
4.0438
4.1804
4.1242
3.9957
4.0058
4.1362
4.6301
4.0669
4.1396
4.861
4.0826
4.0598
4.0574
4.3353
4.1019
4.1535
4.1493
4.4114
4.0859
4.1684
4.4769
4.7598
4.0301
3.9635
4.0287
4.2765
3.9983
3.9766
3.9955
4.1923
4.1536
4.0637
4.2039
4.2461
4.0944
4.0782
4.771
4.109
3.9999
4.0446
4.2647
4.6132
4.0428
4.0266
4.1057
4.1762
4.0489
4.0457
4.2545
4.2327
4.1071
4.1583
5.1068
4.1606
4.1527
4.3888
4.3293
4.1668
4.1843
4.6565
4.3848
4.1829
4.2217
4.6363
4.2911
4.152
4.8302
4.291
4.3761
4.2374
4.3024
4.2764
4.4797
4.5051
5.3666
4.9458
5.6671
6.6326
4.8635
4.6093
4.6598
4.3447
4.4929
4.6931
4.7274
4.3641
4.2436
4.3245
4.2089
4.3813
4.3685
4.2984
4.3091
4.5072
4.9785
4.7478
4.4193
4.4235
4.2198
4.2494
4.4396
4.2928
4.2408
4.2358
4.4115
4.3899
4.5648
4.0799
4.4021
4.4248
4.0648
4.0761
4.364
4.2008
4.2443
4.259
4.5365
4.2396
4.2306
4.3544
4.484
4.2828
4.2796
4.6851
4.4504
4.2818
4.4361
4.9243
4.3347
4.2752
4.4132
4.4354
4.3242
4.34
4.5083
4.4778
4.2988
4.372
5.4515
4.3268
4.3858
4.4823
4.6198
4.556
4.6279
4.7385
4.8759
4.697
5.008
5.4175
4.7986
5.2329
4.9064
4.745
4.7912
4.5789
4.6426
4.5319
4.6974
4.5559
4.6083
4.5177
4.4787
4.6359
4.4987
5.0384
4.5005
4.595
4.7529
4.504
4.9252
4.3898
4.6667
4.3887
4.4885
5.0418
5.5168
4.6417
4.6043
4.8049
4.4913
4.9813
4.5545
4.4183
4.4355
4.6098
4.4313
4.4753
4.6794
4.6296
4.7644
4.6931
5.8489
4.6067
4.6487
5.04
4.7499
4.7286
4.7764
4.9979
4.8185
4.7891
5.0086
4.7558
4.7561
5.2068
4.8637
4.7351
4.7079
4.8937
4.6981
4.8608
5.0526
5.0717
4.6616
4.723
4.7699
4.6823
4.6788
5.4169
4.6653
4.6616
4.6985
4.896
5.0748
4.746
4.8393
4.6754
4.6213
4.7559
4.8253
4.7872
5.4224
4.9126
4.8771
5.3251
4.8614
4.7004
4.8483
4.5827
4.7244
4.6311
4.5508
4.6247
4.4461
4.9778
4.4578
4.5883
4.472
4.5639
4.5104
4.5893
4.6276
4.5218
4.7414
4.6441
5.4901
4.7284
4.8185
5.1865
4.6075
4.7088
4.7252
4.5915
4.5567
4.8026
4.6781
5.0132
4.6592
4.6782
4.6519
4.5152
5.0556
4.7827
4.5561
4.6953
4.6974
4.6683
5.0782
4.9494
4.6071
4.6752
4.9796
4.9284
4.7623
4.7474
5.5173
4.8156
4.8374
4.9812
4.6479
4.6604
4.8085
4.5937
5.1851
5.0022
5.7779
5.12
6.8891
6.7814
4.6139
4.6065
4.5887
4.3883
4.4774
4.4701
4.5316
4.3675
4.5939
4.6759
4.9332
4.579
4.5649
4.7281
4.5636
4.6023
4.6845
4.7797
4.6512
4.5386
4.7247
4.955
5.1004
4.7501
4.6086
4.6424
4.5561
4.673
4.6061
4.5665
4.5198
4.5905
4.8284
4.5998
4.6728
5.0927
4.5894
4.6105
4.7666
4.7507
4.6152
4.7596
5.0823
4.5325
4.4876
4.536
4.3781
4.3892
4.5868
5.0281
4.4801
4.5336
4.8755
4.9413
4.4886
4.4142
4.6522
4.3873
4.4203
4.8422
4.3777
4.4605
4.3727
4.9115
4.8191
4.3275
4.3901
4.4541
4.2467
4.2234
4.385
4.212
4.2441
4.2845
4.555
4.1712
4.1171
4.0883
4.8197
4.1407
4.1011
4.1531
4.2102
4.0657
4.1562
4.686
4.2015
4.0836
4.0966
4.17
4.1816
4.0923
4.1051
4.5454
4.2261
4.2185
4.651
4.1537
4.3111
4.1334
4.191
4.0511
4.1192
4.0011
4.2376
3.9603
4.156
4.3974
4.3578
4.0421
4.0917
3.9618
4.11
3.966
4.2281
4.0554
4.0926
3.9761
4.1058
3.9605
4.0754
3.9828
4.1303
3.9725
4.4224
4.0441
4.1475
4.1085
4.3986
4.0095
4.1075
4.2145
4.0654
4.0648
4.3267
4.338
4.089
4.0472
4.3431
5.1673
4.1513
4.1251
4.3906
4.1385
4.1423
4.1071
4.3134
4.0946
4.0265
4.0873
4.6412
4.0184
4.0092
4.0298
4.5618
4.0379
4.0599
4.0777
4.3822
4.1682
4.1062
4.2151
4.2486
4.1683
4.2094
4.3408
4.3135
4.169
4.1473
4.6223
4.3711
4.5737
4.0932
4.1381
4.2071
3.9996
4.0304
4.1106
4.1937
4.05
4.2292
4.1084
4.6002
4.0912
4.5283
4.0031
4.1956
3.9515
4.0342
3.9143
4.1054
3.9079
4.1254
4.3617
4.066
3.8818
3.9898
3.908
4.029
3.861
4.3585
3.8449
3.9837
3.8529
3.8921
3.777
3.922
3.7724
4.0332
3.8176
3.8156
3.8977
4.2463
3.9728
4.4541
4.048
4.6762
3.9646
3.9846
4.1941
4.0868
4.0195
4.0498
4.2513
4.3861
4.7818
4.0488
4.3056
4.0561
3.9991
3.9882
4.6427
3.9776
4.1536
4.0809
4.7695
5.054
4.4223
5.3783
6.0969
4.4715
4.1865
4.1994
4.1791
4.1515
4.2995
4.2852
4.3478
4.2858
4.5566
4.2428
4.1839
4.1652
4.7752
4.071
4.0423
4.1813
4.6167
4.0093
4.0091
4.0225
4.1184
3.9802
3.9646
4.1714
4.1075
4.0114
4.1252
4.9019
4.2248
4.0774
4.0497
4.1355
4.2153
4.0952
4.1925
4.2806
4.2705
4.2411
4.6451
4.1819
4.2213
4.1344
4.6755
4.1598
4.3116
4.15
4.2489
4.1322
4.2616
4.1667
4.4213
4.1855
4.2346
4.1172
4.1719
4.148
4.2935
4.5707
4.3469
4.6743
4.0623
4.1435
4.1123
4.2935
4.1194
4.2731
4.1749
4.3
4.1562
4.3245
4.5429
4.2419
4.6151
4.1005
4.0319
4.1012
4.3173
4.049
4.0624
4.2067
4.3304
4.5929
4.1737
4.2994
4.3136
4.203
4.1885
4.8763
5.6634
4.3117
4.1953
4.0296
3.9219
3.8822
3.8884
4.0919
3.9182
3.9773
3.9786
4.1667
4.0021
4.0783
4.4387
4.4697
3.9883
3.9873
4.2302
4.2016
4.0634
4.0925
4.1572
4.2092
4.271
4.5616
4.2988
4.1341
3.9709
3.9904
4.5521
4.064
3.9621
3.988
4.0238
4.198
4.395
4.037
3.9111
4.0011
3.9277
4.0114
3.9108
4.0261
3.926
4.2581
4.127
4.1043
4.0172
4.2889
4.0313
4.1568
4.0426
4.2473
4.0209
4.22
4.1203
4.4858
4.0189
4.1377
4.0499
4.6091
4.0113
4.1112
4.0162
4.0799
3.9894
4.1821
4.5633
3.9922
3.9689
4.0893
4.0046
3.8935
3.9883
4.1033
4.3557
4.1342
4.0571
4.6377
4.1937
4.0961
4.0855
4.2329
4.115
3.9898
4.0043
4.1728
4.3711
4.0233
4.0034
4.0896
4.4435
3.9704
3.9127
4.0707
3.9703
3.9533
3.9314
4.1629
4.5987
4.0793
3.9167
3.9303
4.1829
3.8117
3.8057
3.8125
4.3636
3.8484
3.8778
4.2621
4.0495
3.786
3.7583
3.7583
3.9643
3.713
3.714
3.7096
3.9662
3.9319
4.1996
3.6885
4.2146
3.8214
3.6389
3.6536
3.7456
3.7719
3.6192
3.6141
3.6783
4.273
3.7619
3.9467
3.9752
3.7923
3.8161
3.6673
3.6499
4.2717
3.8255
3.81
4.1726
3.8429
3.7146
3.8303
3.6774
3.8649
3.7039
4.0132
3.759
3.8963
3.8331
4.3345
3.834
4.6804
4.5485
4.5847
5.7379
5.6024
4.3899
3.9756
3.957
3.9525
4.4449
3.8695
4.0107
3.8937
3.8819
4.015
4.1682
3.8476
3.8546
4.159
4.6649
3.9859
3.9442
4.1961
4.0286
4.0027
4.0416
4.2555
4.1159
4.0981
4.1775
5.1731
4.0351
4.0655
4.0542
4.3232
4.073
4.1029
4.0903
4.3046
4.0861
4.1825
4.6259
4.2207
4.1477
4.0357
4.613
4.0456
3.9806
3.9306
4.0174
4.0692
4.0887
4.3891
4.4438
4.115
3.9876
3.9855
4.1547
4.1696
3.9639
3.9959
4.6431
4.5562
3.9945
3.9714
4.244
4.1227
3.9779
4.1255
3.9028
4.0384
3.8713
3.956
4.4122
4.0083
3.7653
3.9187
4.1762
3.9527
3.8946
3.9665
3.8691
3.9835
3.9196
4.42
3.8738
3.9475
3.8784
3.831
3.9143
3.8613
4.0803
3.8704
4.5032
3.9443
4.46
4.1666
4.0125
3.9311
4.0579
4.0005
3.9495
4.0002
4.1452
4.0803
4.4064
3.9564
4.0385
4.4825
3.9686
3.9898
4.1166
4.0434
4.0179
4.044
4.2459
4.6372
3.9472
4.0257
4.0121
4.0498
3.8333
3.8424
3.9447
4.4387
4.0098
4.2119
4.5766
4.1207
4.032
4.021
4.3394
4.0717
4.0957
4.1199
4.2545
4.1351
4.0732
4.4264
4.4635
4.0535
4.1499
4.0996
4.3741
4.0207
4.075
4.0572
4.5232
4.5374
4.0817
4.2863
4.2662
4.0955
4.0983
4.7258
4.2205
4.0775
4.0946
4.2406
4.799
4.0506
4.0099
4.0562
4.1573
3.9153
3.9496
4.0256
4.0887
3.879
4.5076
4.1216
3.9428
3.7963
3.8703
3.8455
3.9199
3.8178
3.8118
4.3178
4.0376
4.581
4.2091
4.0844
4.0574
4.2868
4.6075
4.0967
4.1775
3.9676
4.0286
3.9638
4.4352
4.1897
4.0202
3.914
3.8716
3.9565
3.931
3.8029
3.7686
3.9661
4.4866
4.3454
3.9421
4.0256
4.1329
3.8289
3.8684
3.9868
4.5243
3.8987
4.0047
4.5439
4.0714
3.9873
3.9248
4.1261
4.7134
3.956
3.9611
4.1777
4.037
4.2306
4.5399
4.2595
4.0313
3.9988
3.9896
4.2001
3.9983
3.9727
3.9665
4.5208
4.0035
4.3779
3.9805
4.3492
4.0204
3.9689
3.9745
4.1871
3.9123
4.0086
3.9036
4.2792
4.4077
3.9482
4.4099
4.3859
4.02
4.0199
4.485
4.5158
4.3833
4.8984
7.0543
4.3972
3.9288
4.1513
4.0437
3.9044
3.8597
4.4519
3.8773
4.0999
4.0737
4.5396
4.104
4.0935
4.06
3.9598
3.9581
4.0354
3.9659
3.9738
3.8739
4.1573
4.6483
4.0703
3.8462
3.951
3.9537
3.7987
3.8281
3.9912
3.8731
3.9253
3.9803
4.5292
3.9656
3.8746
4.04
4.034
4.1952
4.1827
3.9734
4.0678
4.541
4.3975
3.9821
4.0714
4.0243
3.91
3.8436
3.8624
4.0679
3.8902
3.8387
3.94
4.5839
4.0153
3.9683
3.962
4.1265
3.9064
3.9285
3.8906
4.1641
3.8946
3.9708
4.3032
4.6221
3.8091
3.8452
3.797
4.0356
3.7823
3.8115
3.7964
3.9302
4.0063
4.291
3.9307
5.5264
4.3376
4.0911
4.3807
4.1664
4.0196
4.0513
4.2162
4.7287
4.1317
4.1013
4.1589
4.2094
4.0646
4.0143
4.1245
4.1984
4.0838
4.1762
4.9931
4.2263
4.0851
4.1776
4.082
4.2901
4.1407
4.202
4.1404
4.2753
4.2539
4.8404
4.2323
4.2797
4.2371
4.8924
4.0791
4.2021
4.1264
4.0651
4.1054
4.2703
4.68
4.1288
4.1443
4.2292
4.1483
4.051
4.1228
4.2436
4.5409
4.1994
4.6074
4.1451
4.0831
4.0412
4.0623
4.2672
4.0664
3.943
3.9322
4.2051
4.0575
4.5348
4.073
4.7665
4.0451
4.01
4.021
4.2244
4.0103
3.9748
3.9692
4.3676
4.5051
3.9642
3.9522
4.1769
3.9165
3.9773
3.906
4.5294
3.9785
4.0327
4.2777
4.5663
3.9343
3.8936
3.8737
3.994
3.8729
3.7748
3.8175
3.8382
3.6961
3.8331
4.1835
4.5336
3.7946
3.8306
3.7567
3.8596
3.9143
3.7491
3.7318
3.7927
3.8943
4.0975
3.684
3.9031
3.8196
3.6364
3.6888
4.2536
3.686
3.8283
3.6854
4.3524
3.6622
3.7785
3.9864
3.724
3.567
3.5941
3.5842
3.5281
3.6298
3.5719
3.6804
3.6129
4.1222
3.6502
3.6192
3.7454
3.8262
3.8674
3.8147
3.8992
3.6699
3.8529
3.643
3.7699
3.6763
3.7333
3.6974
4.0037
3.7667
4.2561
3.6709
3.6833
3.8688
3.757
3.6755
3.6876
3.6583
3.8405
3.7464
3.7471
3.9996
3.6949
3.8112
3.6535
3.6716
3.8626
4.357
3.5671
3.6516
3.5952
3.9168
3.5401
3.7398
3.9858
3.7916
3.6595
3.6156
3.6255
3.5801
4.39
4.0351
3.9902
4.1572
5.5202
4.2699
3.7024
3.7618
3.7738
3.7502
3.7167
3.7626
3.9952
3.6954
3.6566
3.6927
3.8089
3.7306
3.6606
3.99
4.1525
3.7349
3.6804
3.6357
3.7263
3.7731
3.6607
3.6302
3.6258
3.6464
3.719
3.6802
3.9729
3.7726
3.8134
3.6975
3.706
4.1647
3.7001
3.906
3.7915
4.1811
3.8124
4.453
3.8461
3.9691
3.8553
3.9297
3.8522
4.0014
3.8453
3.9894
3.832
4.2317
4.5812
4.0211
3.9242
4.1457
3.8886
3.9947
3.9451
4.0729
3.9736
3.9753
4.1674
4.6289
4.0237
3.9494
4.1507
4.5742
3.9866
3.9147
4.0541
3.9547
3.8747
3.9296
4.4388
3.9827
3.754
3.7594
3.8828
3.8223
3.7428
3.8322
3.9695
4.4754
3.8633
4.2701
3.9476
3.969
3.8876
3.817
3.8368
4.117
3.9198
3.9337
3.8926
4.1037
3.9942
3.9595
4.0292
4.7124
4.0237
3.9214
3.937
4.2247
3.9731
4.0325
4.3795
4.2011
4.0283
4.0151
4.0444
4.2342
3.9888
4.0529
4.1226
4.7095
4.0024
4.3482
4.0321
4.054
3.9563
3.924
3.9856
4.0473
3.8868
3.9435
4.1821
4.2892
4.448
4.0394
4.562
4.1873
4.0788
4.0681
4.164
4.2482
4.0785
4.145
4.2929
4.1368
4.0813
4.1044
4.2425
4.2815
4.1368
4.3026
4.374
4.2193
4.2002
4.7433
4.133
4.2778
4.179
4.418
4.2628
4.364
4.2687
4.4668
4.27
4.4553
5.2435
4.2031
4.4778
4.2729
4.3696
4.2572
4.3719
4.3743
4.2463
4.2605
4.3642
4.8527
4.2869
4.2619
4.4211
4.8011
4.2581
4.2835
4.9874
4.3996
4.3726
4.5024
4.3654
4.2264
4.1894
4.6574
4.3116
4.3445
4.2932
5.0109
4.1392
4.1959
4.6382
4.3158
4.0739
4.0739
4.0568
4.3124
4.0432
4.0438
4.109
4.1392
4.1042
4.4837
4.4889
4.1387
3.9954
3.9878
4.1163
4.2315
4.0083
4.0255
4.0855
4.269
4.4901
4.1229
4.1922
4.2466
4.0344
3.979
4.7201
4.1493
4.0294
4.113
4.0358
4.1299
4.0338
4.137
4.0826
4.2511
4.0549
4.277
3.9856
4.1485
4.1749
5.0756
4.0897
4.0765
4.0588
3.9879
3.9339
4.1046
4.0018
3.9325
3.9273
4.117
4.3891
3.939
3.7937
3.907
4.4852
4.365
4.3768
5.0253
6.2668
4.5277
4.13
4.5496
3.9745
3.8256
4.0066
4.0261
3.9183
3.9041
4.0099
4.4012
3.8277
3.8591
3.9611
3.9559
3.8532
3.823
3.8678
4.0334
3.8916
3.8074
3.8285
4.4949
4.2997
3.9154
3.9003
4.3888
3.8697
3.7989
3.8821
4.1737
3.8614
3.8152
3.8303
4.4533
3.8206
3.8282
3.8605
3.991
4.022
3.8502
3.8877
4.4489
3.991
3.9427
4.333
3.9611
4.0635
3.8639
3.9307
4.0476
4.036
3.942
3.9844
4.1454
4.0924
3.9786
4.0286
4.6056
4.1419
4.051
4.035
5.5806
4.43
4.0571
4.1069
4.3093
4.0625
3.8771
3.9411
3.868
3.9791
3.8041
4.2926
3.825
4.0166
3.911
4.2371
3.7512
3.884
3.6687
3.7619
3.7302
3.714
3.8143
3.7819
3.9622
3.7531
3.9952
4.2346
4.4044
3.7877
3.9008
3.8356
3.8909
3.7965
3.8126
3.9777
3.9103
3.959
4.4434
4.0909
4.0219
3.9158
3.9083
4.1467
4.5968
3.8243
3.8735
3.9977
4.0292
4.3968
3.8487
3.9477
3.9511
3.8055
3.8325
3.9214
3.9533
3.9066
3.9739
4.3841
4.7101
3.9441
3.9788
4.1273
3.9487
3.8812
3.8897
3.8391
4.1066
4.1666
4.4245
4.0635
4.1178
3.9961
4.0321
4.63
4.1515
4.0178
3.997
4.2536
4.2191
4.4571
3.9958
4.3122
4.1473
3.9516
4.0476
4.1568
4.1406
3.9061
4.1211
4.2863
4.5286
3.96
3.9146
3.8006
4.0549
3.8963
4.0067
4.0432
4.177
4.0703
4.6141
3.9747
4.0196
3.9339
4.4794
3.9416
4.0713
3.9501
4.2212
4.0081
4.289
4.595
4.213
4.1203
4.1815
4.3433
4.6935
4.0929
4.3009
4.6708
4.0499
4.2141
4.5902
4.0972
3.9876
4.0002
4.0809
4.1761
4.0914
3.9655
4.0521
4.1232
3.9878
4.3261
4.1769
3.9363
4.0033
3.9678
4.1939
3.969
3.9297
4.047
4.682
4.4183
4.0181
4.0423
4.2407
3.9951
3.898
3.9307
4.1354
3.9836
4.0056
4.1302
4.7998
3.9999
4.0332
4.0176
4.827
3.9929
4.0331
4.13
4.2073
4.0579
4.0986
4.7082
4.1661
3.9497
3.9975
4.1652
4.0189
3.9156
3.9043
4.3753
4.0649
4.0401
4.4092
4.024
4.1023
3.9916
3.9636
4.1578
3.9916
3.9619
3.9345
4.7068
4.9685
4.7111
5.8378
5.5519
4.227
4.0148
3.9624
4.0768
4.1087
4.0132
4.1334
4.609
4.0422
4.0254
3.8982
3.8565
4.0101
4.3397
3.9216
3.8993
3.982
4.1573
4.3679
3.9036
3.9727
3.9412
3.7884
3.745
3.9241
3.8769
3.7762
3.7295
3.9394
4.8133
3.7365
3.7238
3.7563
4.048
3.8036
3.8586
3.8919
4.1422
3.9628
4.0392
4.3699
4.1822
3.9641
3.8949
3.8737
4.2669
4.0449
3.9623
3.9082
4.1309
4.0454
4.3574
3.8724
4.064
3.8421
3.8931
3.8473
3.8932
3.9867
3.8827
3.9632
4.7858
4.1064
3.9006
3.8635
3.9002
3.982
3.9232
3.9449
3.998
4.0257
3.9578
4.3724
4.0325
4.0689
3.9744
4.1087
4.5551
4.1996
4.024
4.016
4.0611
4.2553
4.4313
4.0953
4.1442
4.205
4.081
4.0936
4.1879
4.2109
4.0324
4.1868
4.5777
4.6221
4.099
4.1492
4.099
4.2039
4.0953
4.3373
4.13
4.252
4.2073
4.7643
4.123
4.2648
4.2752
4.492
4.1928
4.3226
4.257
4.2129
4.2102
4.3428
4.7837
4.1786
4.2604
4.2124
4.3163
4.1709
4.2707
4.6345
4.154
4.2116
4.2997
4.7102
4.1166
4.1328
4.2801
4.2963
4.139
4.1227
4.2248
4.5449
4.0403
4.1425
5.201
4.0501
4.1148
4.1235
4.3161
4.0951
4.072
4.0172
4.3847
4.1127
4.4136
4.115
4.4931
4.0662
3.9937
4.1694
4.331
4.0413
4.0163
4.0897
4.3073
4.4445
4.0269
4.1045
4.1606
4.0444
4.1188
4.6957
4.2063
4.1676
4.16
5.0025
4.5995
4.0804
4.2021
4.3599
4.1146
4.0658
4.2509
4.273
4.1164
4.2544
4.2936
4.5839
3.9906
4.0459
4.6029
4.1304
4.0418
4.1363
4.0263
4.0709
4.0423
4.5096
4.0044
4.1301
4.0609
4.1566
4.0432
4.1343
4.1515
4.5728
4.0761
4.2883
4.6023
4.3639
4.1509
4.3783
4.3846
4.315
4.3486
4.374
4.2964
4.2299
4.3193
4.8151
4.895
4.1994
4.3239
4.2399
4.2313
4.2208
4.3562
4.4739
4.2624
4.3593
4.8092
4.3074
4.302
4.2831
5.0409
4.17
4.1989
4.2883
4.419
4.2256
4.5443
4.162
4.009
4.0654
3.9954
4.2357
4.0433
4.1567
4.1038
4.9182
4.9542
4.9846
5.5409
5.7692
4.2226
4.0148
4.1879
4.0404
3.9701
3.9909
4.5326
4.1241
4.4277
4.5761
4.1638
4.012
4.0388
4.1744
4.1209
3.9707
3.9567
4.0545
4.2816
4.3998
4.0867
4.0758
4.0814
4.0289
4.0058
4.5683
4.1341
4.0023
4.0614
4.5748
4.1817
4.1125
4.2314
4.1166
4.262
4.1817
4.403
4.1837
4.3916
4.2625
5.1154
4.2918
4.4259
4.7446
5.4824
4.544
4.2745
4.3291
4.3004
4.3953
4.3805
4.6836
4.1462
4.3359
4.7305
4.1044
4.0805
4.2581
4.1716
4.0155
4.0768
4.3026
4.7285
4.0856
4.0985
4.3406
4.0733
4.0456
4.0949
4.6219
3.9877
4.0352
4.4767
4.1987
3.9442
3.9285
3.9667
4.2129
3.9633
3.9521
3.9911
4.1959
4.073
4.4309
3.9423
4.3445
3.936
3.9436
3.8558
4.413
3.9293
3.9407
3.8497
4.3016
4.4957
3.8694
3.8186
4.0615
3.8706
3.8695
3.8331
4.6027
3.8223
3.8693
3.9337
4.5311
3.9229
3.8938
3.8753
4.1351
4.0887
3.953
4.0268
4.0097
4.1373
4.4299
4.506
4.0419
4.2658
4.0868
4.1896
4.0505
4.1668
4.0121
4.3573
4.005
4.4832
3.8816
4.0217
3.9626
4.0263
3.8896
4.427
3.762
3.9304
3.8616
4.0907
4.2106
3.947
3.8015
3.8389
3.7612
3.7861
3.7656
3.994
3.7505
3.7999
4.0404
4.7452
3.7586
3.8136
3.9285
3.8263
3.7742
3.7439
3.8391
4.4346
3.7986
3.9231
4.3798
3.9367
3.8197
3.7788
3.7534
4.4478
3.7447
3.8266
3.8149
4.1109
4.1191
4.4188
3.8319
4.0509
3.7743
3.8137
3.8553
4.0456
3.806
3.7843
3.7293
3.8004
4.6217
3.6349
3.7023
3.7038
3.8932
3.6281
3.5972
3.6055
3.7819
3.6726
3.7689
3.7489
3.9813
4.1495
3.6734
3.8433
3.8267
3.899
3.7712
3.7017
3.7584
4.3985
3.7218
3.8335
4.1953
3.8897
3.9365
3.8417
3.7758
3.8344
3.8132
3.7089
3.7309
3.7758
3.7634
3.775
4.0397
4.1211
3.7055
3.8105
3.8241
3.9425
3.8617
3.933
3.7573
3.8446
3.7776
3.8884
3.7254
3.7731
3.8721
3.8058
3.896
3.762
4.5786
3.7534
3.8639
3.6796
3.9263
4.1458
3.8784
3.7506
3.8023
3.7175
3.7108
3.872
3.9215
3.8429
4.0715
4.0811
5.2383
4.3464
4.3188
5.2312
5.8978
4.1377
3.9731
3.8998
3.791
3.78
3.954
4.1317
3.7515
3.737
3.8635
3.847
3.7568
3.6965
3.669
3.823
3.6149
3.6378
3.6793
4.0494
3.6506
3.6216
3.6653
3.6515
4.254
3.6922
3.7622
3.7654
3.9895
3.7421
3.8706
4.2644
4.1051
3.9176
3.859
3.8389
3.8294
3.9663
3.7974
3.7825
4.4414
4.3878
3.9069
3.8764
3.905
4.2374
3.912
3.8258
4.1468
4.0513
3.9172
3.9967
4.4364
4.0813
3.9767
3.9703
4.5083
4.1757
4.0404
3.9965
4.0268
4.0388
4.0333
4.3891
4.0239
4.0473
3.9194
3.9109
4.0704
3.9841
4.0367
4.0779
4.4834
4.1526
4.5384
4.2078
3.9758
4.0453
3.9993
4.05
3.9681
3.9596
4.1454
4.1313
4.4176
4.0035
4.1614
4.4966
3.975
3.9627
4.0169
4.1273
3.8952
3.852
4.0879
4.5741
3.8192
3.8468
3.9149
3.8416
3.7654
3.674
3.767
4.2237
3.6795
3.637
3.6655
4.2368
3.617
3.7429
3.7032
3.9104
3.7779
3.703
3.6955
3.7231
3.8091
3.6534
3.7403
4.0804
4.4727
3.7314
3.8217
3.6622
3.9417
3.716
3.6639
3.6219
3.7705
3.7458
3.6985
4.1307
3.5891
3.8059
3.6104
3.6073
3.7585
4.4471
3.7787
3.7864
3.8075
3.9239
3.8671
4.0212
3.7031
3.7895
3.8536
3.7397
3.629
3.8429
3.7841
3.7137
3.6202
3.7058
4.0053
4.3034
3.7274
3.9163
3.7092
3.8351
3.6101
3.6329
3.7147
3.6055
3.8071
3.6625
3.7774
4.095
3.9091
3.7267
4.363
3.6927
3.8146
3.6642
3.6808
3.6768
3.7824
3.7905
3.6496
3.7999
3.6703
3.7469
3.7123
3.7494
3.7191
3.6828
3.8742
4.1522
3.6942
3.6935
3.9545
4.3042
3.7315
3.6572
3.7934
3.8025
3.6635
3.63
3.691
3.8501
3.7886
3.6812
3.6976
3.9668
4.6112
3.6528
3.6863
3.7261
3.7693
3.6456
3.6768
3.6493
3.8676
3.6855
3.6911
3.6436
3.8449
4.1962
3.7591
3.6785
3.6474
4.2743
3.6339
3.6852
3.6862
3.9418
3.6775
3.7467
3.6801
3.8644
3.9284
3.625
3.6299
3.5898
3.8216
3.629
3.5851
3.6097
4.1888
3.7429
3.7005
3.6982
4.0695
3.7721
3.6693
3.6562
3.761
3.7356
3.6406
3.6073
3.6605
3.8201
3.8501
3.6717
3.8119
4.8089
3.8634
3.8222
3.6769
3.8133
3.8202
3.7539
3.6792
4.2652
4.1715
4.2749
4.4719
6.6479
4.5312
3.6285
3.9582
3.6004
3.7144
3.6189
3.8152
4.0006
3.7262
3.8762
3.7193
3.8783
4.2269
4.0135
3.8078
3.9343
3.814
3.8715
3.755
4.2678
3.7601
3.9161
3.7702
4.2917
3.7102
3.6995
3.8458
3.7321
3.6157
3.6813
3.7799
4.3333
4.648
3.746
3.7844
4.1345
3.6718
3.6381
3.6063
3.8969
3.597
3.662
3.5457
3.7316
3.6652
3.5838
3.5334
3.5779
4.1304
3.503
3.5328
3.5821
3.7997
4.1477
3.5777
3.5677
3.6061
3.7278
3.6047
3.5622
3.6961
4.2732
3.688
3.5788
3.5336
3.728
3.7599
3.5714
3.612
3.7247
4.3174
3.64
3.6499
3.7335
4.1875
3.7894
3.664
3.5537
3.7113
3.679
3.5442
3.5479
3.4978
3.5787
3.6373
3.531
3.5587
4.4746
4.8676
3.7876
3.8414
3.8444
3.6871
3.5986
3.5683
3.7861
3.7206
3.749
3.6242
3.7784
4.0595
3.7841
3.5973
3.6597
4.1664
3.8315
3.7904
3.636
3.7971
3.6939
3.8166
3.6453
3.7625
3.7084
3.871
3.6546
4.0066
3.6955
3.5686
3.6741
3.5597
4.2486
3.7005
3.7864
3.7313
4.0623
3.7446
3.7132
3.851
3.7809
3.7028
3.7048
3.8641
3.7885
3.7596
3.8204
4.1814
4.0798
3.8843
3.7572
3.7478
3.811
3.7681
3.712
3.7196
3.7959
3.7947
3.7216
4.0773
3.8454
4.0149
3.8649
3.8281
3.837
4.781
3.8466
3.8384
3.8329
4.152
4.2975
3.854
3.8095
3.9742
3.8727
4.0127
3.8192
4.045
3.8454
3.7917
3.8334
4.3385
3.7572
3.7632
3.7042
3.7348
3.8322
3.9061
3.7459
3.7527
3.9688
3.6691
3.803
4.089
4.6073
3.7292
3.7657
3.7472
3.8599
3.8449
3.7442
3.7845
3.8657
4.0317
4.2404
3.7522
3.8104
3.8714
3.7576
3.7285
4.1299
3.6777
3.7882
3.7165
3.6977
3.6753
4.1983
3.7506
3.8501
3.7926
3.849
3.7967
3.7379
3.8227
3.7899
3.8288
3.789
4.2187
4.0989
3.8212
3.6881
3.7616
3.654
3.7734
3.6529
3.7118
3.6394
3.5931
3.6541
3.6178
3.8848
3.6319
3.6815
3.8326
4.2324
3.6903
3.6996
3.7836
3.7882
3.7494
3.7081
3.7378
3.8176
3.9903
3.6508
3.6211
4.1362
3.5667
3.6299
3.5972
3.7763
4.3275
3.5866
3.6656
3.674
3.7715
3.6679
3.661
3.6946
3.809
3.6306
3.5874
3.609
3.6102
3.7645
3.6405
3.6251
3.6125
4.8927
4.0549
4.0122
5.1562
5.0974
4.0547
3.5741
3.6281
3.7026
3.5643
3.605
3.57
3.8871
3.9698
3.5861
3.5488
4.1971
3.7837
3.5962
3.5842
3.6808
3.7905
3.5816
3.601
3.5489
3.8433
4.0623
3.5856
3.5637
3.6313
3.6828
3.5079
3.5565
4.032
3.5498
3.7383
3.576
3.5663
3.7421
4.0658
3.6072
3.5356
3.6036
3.4812
3.7309
3.4958
3.5609
3.4976
3.458
3.6192
3.4366
3.9838
3.8676
3.6065
3.4571
3.6155
3.4092
3.4216
3.5342
3.382
3.5397
3.4111
3.4533
3.5734
3.6048
3.9227
3.4897
3.609
3.5251
4.1937
3.4897
3.5451
3.8255
3.6987
3.5763
3.5044
3.6491
3.7084
3.9232
3.5125
3.5321
3.6017
3.5896
3.5003
3.4884
3.4395
4.0094
3.5348
3.4765
3.5452
3.7572
4.0043
3.5365
3.5984
3.5811
3.8034
3.6613
3.6468
3.7249
4.0265
3.7567
3.6866
3.7287
4.3038
4.0986
3.7305
3.7525
3.7772
4.0179
3.815
3.7752
3.7457
4.2775
3.8021
4.18
3.7273
4.0693
3.6844
3.7396
3.7431
4.2147
3.7883
3.6323
3.6937
3.8548
4.3729
3.8384
4.0098
3.909
3.9793
3.8275
3.8757
3.9123
3.8717
3.9283
3.95
4.7781
3.8693
4.0329
3.8617
3.9005
3.8445
3.824
3.7542
4.4462
3.7176
3.954
4.344
3.8378
3.7131
3.9266
3.7364
3.8676
4.2341
3.8249
3.9007
3.8616
3.8831
4.2502
3.9258
3.7998
4.0473
3.7455
3.8728
3.7381
3.7813
3.6577
3.777
3.7886
4.6919
3.7692
3.7623
3.9232
3.9842
3.7201
3.6724
3.8609
3.8386
3.7854
3.9058
4.0463
4.3801
3.8969
3.8956
3.9477
4.3323
3.8657
3.8896
3.8444
4.0361
3.8945
4.2499
3.8264
4.0544
3.8743
3.905
3.9077
4.08
3.964
3.8934
3.8497
4.5975
4.2521
3.8416
3.8026
4.1614
3.8505
3.819
3.8074
3.8528
3.8737
3.7842
3.8813
4.2812
3.9278
3.7515
3.6772
3.6435
4.3871
3.6977
3.737
3.73
3.8217
3.7086
3.7171
3.7132
3.737
3.8226
3.6828
3.6574
3.864
3.8911
3.6728
3.679
3.6002
4.1949
3.782
4.0046
3.6294
5.3667
4.0537
3.6665
3.7054
3.6809
3.7362
3.6175
3.5112
3.7352
3.5741
3.7391
3.9356
4.0205
3.6135
3.7535
3.5769
3.6635
3.5189
3.55
3.7957
3.4627
3.7261
3.4407
3.6349
3.9247
3.5913
3.5439
3.5699
3.6683
3.5575
4.4824
3.9926
4.101
4.4418
5.3202
3.9819
3.8134
4.0286
3.5658
3.5687
3.66
3.491
3.6134
3.5591
3.5604
3.747
4.1023
3.4754
3.525
3.5983
4.1228
3.5251
3.5266
3.4993
3.9802
4.8088
3.7754
3.517
3.6779
3.4711
3.516
3.4849
3.6167
4.495
3.4625
3.4546
3.4849
3.6649
3.4413
3.4293
3.468
3.4419
3.6677
3.3775
3.6152
3.5042
3.8339
3.5058
3.3328
3.3683
3.3176
3.799
3.499
3.3415
3.3205
3.3155
3.3943
3.4236
3.2617
3.2777
3.3729
3.2693
3.4487
3.2677
3.2732
3.343
3.2833
3.4701
3.3261
3.3077
3.7297
3.7854
3.3096
3.312
3.4058
3.4807
3.4695
3.292
3.2913
3.4395
3.2938
3.4285
3.3107
3.3681
3.8523
3.3686
3.4863
3.3439
3.3038
3.6736
3.2646
3.4139
3.3003
3.3759
3.2938
3.2788
3.4873
3.6472
3.3614
3.2276
3.2082
3.3875
3.2517
3.399
3.3381
3.2494
3.3903
3.2256
3.6615
3.2981
3.5829
3.3575
3.5371
3.2012
3.1861
3.1961
3.323
3.2898
3.1959
3.2342
3.2931
3.4192
3.4578
3.6441
3.3057
3.3262
3.4637
3.8498
3.2873
3.2353
3.2265
3.4619
3.2322
3.2698
3.2864
3.4853
3.9037
3.2647
3.239
3.2298
3.273
3.4013
3.2249
3.2016
3.2123
3.1973
3.9383
3.2539
3.3329
3.747
3.6742
3.3468
3.2575
3.2677
3.2526
3.4525
3.1908
3.2217
3.1838
3.1607
3.3787
3.2188
3.597
3.1507
3.1493
3.9342
3.1557
3.7399
3.2356
3.1746
3.399
3.1558
3.1382
3.1766
3.3327
3.6928
3.1864
3.1591
3.136
3.372
3.1543
3.3213
3.1508
3.1745
3.699
3.1628
3.3488
3.1947
3.211
3.2939
3.2454
3.3883
3.2755
3.2826
3.3543
3.26
3.5284
3.2482
3.3288
3.299
3.6353
3.4685
3.261
3.8072
3.2785
3.3429
3.2929
3.2186
3.3009
3.2761
3.2357
3.3784
3.3024
3.8657
3.2568
3.3603
3.2764
3.2981
3.2218
3.1957
3.1927
3.356
3.7344
3.2446
3.1616
3.203
3.6431
3.3739
3.1321
3.1321
3.1463
3.292
3.2395
3.1602
3.1527
3.1486
3.3027
3.2683
3.2288
3.5001
3.1209
3.284
3.6494
3.1097
3.1111
3.1067
3.255
3.2532
3.1436
3.138
3.1453
3.3477
3.6062
3.159
3.169
3.1886
3.2779
3.327
3.1692
3.305
3.1896
3.3072
3.9443
3.2019
3.2583
3.5397
3.4383
3.1951
3.2012
3.2069
3.176
3.3849
3.149
3.166
3.1569
3.1673
3.3269
3.4093
3.5336
3.1652
3.1846
3.9678
3.158
3.1395
3.1168
3.1493
3.2004
3.2972
3.1562
3.1424
3.3139
3.5675
3.2538
3.1139
3.1211
3.117
3.2284
3.2227
3.1113
3.0952
3.0899
3.684
3.2246
3.119
3.4117
3.0672
3.9842
3.6846
3.4587
3.7081
4.7802
4.3144
3.5079
3.1266
3.2118
3.1217
3.2344
3.1546
3.1563
3.7246
3.2754
3.277
3.149
3.1574
3.281
3.1642
3.215
3.2265
3.2661
3.9733
3.3012
3.3307
3.356
3.3779
3.2354
3.5787
3.3944
3.3201
3.7764
3.1885
3.1674
3.4041
3.5094
3.4563
3.1772
3.1636
3.2369
3.1628
3.2441
3.1569
3.5602
3.3071
3.1346
3.2469
3.2482
3.5747
3.2935
3.2215
3.2672
3.1845
3.1877
3.1611
3.3965
3.1809
3.1705
3.1868
3.1636
3.7035
3.8728
3.1813
3.2044
3.2243
3.4151
3.1808
3.1778
3.2417
3.1795
3.4412
3.188
3.2066
3.2422
3.5215
3.4072
3.1689
3.1439
3.1594
3.1616
3.6995
3.1648
3.2184
3.1481
3.1478
3.2704
3.2097
3.4944
3.1496
3.1393
3.3683
3.1839
3.1418
3.1715
3.137
3.3187
3.1929
3.1681
3.1683
3.2375
4.2257
3.2103
3.1813
3.1485
3.5078
3.303
3.2963
3.1749
3.1855
3.3328
3.2976
3.2143
3.2603
3.5166
3.2654
3.2129
3.2221
3.1396
3.1367
3.729
3.1689
3.3078
3.157
3.1842
3.2056
3.2229
3.7096
3.1721
3.1417
3.2148
3.2155
3.3052
3.1574
3.1758
3.2412
3.2119
3.3371
3.168
3.3427
3.6952
3.2006
3.3894
3.2266
3.3363
3.2329
3.2505
3.3451
3.2196
3.6862
3.2292
3.3394
3.8643
3.3228
3.3046
3.2221
3.2457
3.3407
3.2119
3.2597
3.2302
3.1928
3.2764
3.2055
3.4867
3.5801
3.2751
3.3509
3.387
3.3892
3.2118
3.2614
3.389
3.8111
3.2905
3.2429
3.2344
3.4161
3.6829
3.2392
3.2773
3.2578
3.3845
3.3359
3.2211
3.2501
3.2101
3.5722
3.2244
3.2088
3.2599
3.5187
3.8914
3.2077
3.248
3.2041
3.1935
3.434
3.2067
3.1499
3.2669
3.1304
3.4579
3.2189
3.4774
3.1113
3.2
3.6475
3.9414
3.1122
3.1545
3.2304
3.6508
3.1728
3.1545
3.1088
3.2869
3.6379
3.1403
3.1201
3.1473
3.242
3.2733
3.1398
3.1399
3.1321
3.213
3.3321
3.1411
3.2032
3.4914
3.7585
3.252
3.1875
3.1474
3.1497
3.3491
3.196
3.2561
3.1736
3.1611
3.2116
3.2077
3.6945
3.2088
3.1819
3.2461
3.1233
3.2639
3.1249
3.1352
3.5975
3.1292
3.2203
3.1804
3.1759
3.6387
3.1631
3.3247
3.1132
3.1158
3.5687
3.2038
3.3685
3.1372
3.2009
3.183
3.1485
3.2348
3.1299
3.1394
3.6363
3.129
3.2482
3.1688
3.2157
3.1527
3.1192
3.1349
3.3006
3.2971
3.4981
3.1131
3.1763
3.2031
3.1741
3.1582
3.1223
3.1407
3.3107
3.2342
3.1555
3.143
3.2176
3.7886
3.4272
3.1633
3.1135
3.1324
3.2295
3.6658
3.1458
3.1354
3.11
3.3013
3.2952
3.1726
3.5202
3.1172
3.192
3.2751
3.0931
3.0868
3.1527
3.1093
3.7813
3.5473
3.4043
3.4414
5.0078
4.9228
3.6449
3.1575
3.9306
3.7969
3.2619
3.1377
3.2229
3.2872
3.1771
3.2503
3.1874
3.2906
3.7079
3.0997
3.1174
3.0853
3.6437
3.1733
3.1201
3.0972
3.0601
3.4239
4.2087
3.9081
3.2351
3.5933
3.1418
3.2785
3.1487
3.1577
3.1045
3.2323
3.1739
3.1976
3.2397
3.1009
3.7273
3.2613
3.5855
3.1357
3.159
3.0953
3.083
3.2592
3.054
3.1461
3.1015
3.0971
3.2097
3.0944
3.2805
3.5224
3.0901
3.2399
3.09
3.2948
3.3722
3.0839
3.2867
3.1048
3.2162
3.1456
3.1626
3.2509
3.6084
3.2566
3.241
3.1119
3.1119
3.2118
3.1921
3.1202
3.1553
3.1283
3.2632
3.5673
3.1428
3.1178
3.1074
3.2036
3.2357
3.0897
3.112
3.0681
3.1403
3.1468
3.0659
3.0525
3.1285
3.4525
3.3992
3.2143
3.0563
3.0912
3.045
3.313
3.596
3.0726
3.1955
3.0726
3.2528
3.1393
3.4976
3.0874
3.0907
3.3508
3.1055
3.127
3.1337
3.1372
3.2271
3.2104
3.1051
3.1268
3.1684
3.9355
3.394
3.1287
3.0846
3.0907
3.1873
3.3085
3.1791
3.1134
3.138
3.2155
3.3045
3.194
3.6101
3.1606
3.9643
3.32
3.1595
3.1597
3.1575
3.7088
3.3542
3.2181
3.1815
3.1826
3.2978
3.7294
3.1443
3.1633
3.1273
3.2236
3.2655
3.1645
3.222
3.456
3.2646
3.4472
3.2069
3.2523
4.0405
3.2491
3.4425
3.3113
3.261
3.4193
3.3899
3.4033
3.3171
3.2883
3.3895
3.3481
3.51
3.6889
3.3702
3.3455
3.2936
3.4656
3.3087
3.3549
3.2874
3.3001
3.3734
3.2392
3.344
3.2814
3.5799
3.4059
3.2265
3.3716
3.2884
3.2184
3.3714
3.9683
3.2678
3.2684
3.2671
3.5667
3.4196
3.6226
3.2094
3.2538
3.3078
3.3204
3.2049
3.2244
3.2088
3.4686
3.1905
3.167
3.1922
3.2359
3.6575
3.3104
3.143
3.1218
3.1166
3.3436
3.142
3.1405
3.1315
3.1405
3.4726
3.231
3.4665
3.117
3.1208
3.3021
3.2007
3.14
3.1328
3.159
3.7238
3.18
3.159
3.2129
3.195
3.7523
3.2022
3.1602
3.1466
3.1263
3.1698
3.1672
3.1383
3.0847
3.0744
3.4252
3.2027
3.1913
3.4348
3.0811
3.7071
3.2161
3.084
3.0825
3.0804
3.1511
3.2474
3.0871
3.1771
3.0903
3.3205
3.5976
3.1035
3.0778
3.0704
3.1454
3.0766
3.2506
3.0735
3.062
3.6168
3.1179
3.2052
3.1224
3.4162
3.3058
3.101
3.213
3.0706
3.0627
3.1507
3.0804
3.1864
3.0871
3.0937
3.1507
3.1271
3.4036
3.2276
3.08
3.6587
3.085
3.0684
3.2707
3.0768
3.1641
3.0951
3.0776
3.1891
3.1388
3.6698
3.0807
3.078
3.1572
3.1244
3.177
3.0888
3.0736
3.1153
3.2245
3.6014
3.1057
3.1183
3.479
3.191
3.6758
3.456
3.5988
3.4681
4.1205
4.643
3.9198
3.0732
3.223
3.1564
3.1174
3.4305
3.1007
3.3071
3.6032
3.1101
3.0716
3.0674
3.2307
3.1696
3.086
3.0677
3.0878
3.2133
3.1814
3.0722
3.0664
3.0998
3.0571
3.3456
3.0794
3.0719
3.0569
3.0597
3.7273
3.1776
3.4587
3.094
3.2551
3.4547
3.0937
3.1046
3.069
3.0855
3.3952
3.0698
3.0811
3.0794
3.148
3.6859
3.0968
3.0837
3.0618
3.0906
3.6557
3.2366
3.0871
3.0646
3.0841
3.2427
3.2653
3.1379
3.4372
3.0852
3.4124
3.2416
3.1045
3.0891
3.0793
3.1669
3.3052
3.0632
3.0939
3.089
3.7627
3.6639
3.0899
3.0978
3.2502
3.1123
3.071
3.274
3.103
3.1445
3.0852
3.0768
3.2559
3.1363
3.712
3.2628
3.0777
3.3003
3.0671
3.277
3.4696
3.1479
3.2232
3.0835
3.2462
3.0789
3.1425
3.8038
3.0938
3.1822
3.1124
3.0965
3.0844
3.2913
3.2358
3.0946
3.0626
3.0869
3.2802
3.4997
3.8116
3.1058
3.0857
3.247
3.1468
3.1018
3.0824
3.0733
3.2223
3.164
3.084
3.06
3.1735
3.5658
3.7573
3.0895
3.0734
3.0744
3.1922
3.7941
3.0838
3.0787
3.0773
3.0708
3.3334
3.1558
3.4737
3.1182
3.0794
3.4001
3.0943
3.2615
3.1241
3.0971
3.3291
3.097
3.0749
3.1101
3.1751
3.7195
3.0774
3.0829
3.1031
3.0643
3.2592
3.1507
3.1036
3.0797
3.0766
3.1416
3.3378
3.5434
3.0887
3.0747
3.1645
3.2836
3.0757
3.0923
3.081
3.1307
3.2329
3.0993
3.0917
3.1271
3.5403
3.2722
3.092
3.0901
3.0891
3.1759
3.0928
3.2566
3.097
3.0566
3.1503
3.5993
3.3355
3.4693
3.1071
3.1623
3.0835
3.2674
3.0664
3.0666
3.2899
3.0635
3.2598
3.0921
3.1158
3.3547
3.4158
3.1033
3.2776
3.0761
3.412
3.2123
3.1102
3.241
3.0762
3.1794
3.0673
3.0631
3.3035
3.4598
3.1591
3.0987
3.0628
3.2777
3.0826
3.1324
3.0777
3.073
3.0859
3.2521
3.0743
3.5968
3.4868
3.1182
3.3041
3.1613
3.0699
3.0608
3.0834
3.2055
3.0741
3.1661
3.0852
3.0794
3.288
3.4614
3.5061
3.0958
3.0803
3.3313
3.2117
3.4705
3.0738
3.0914
3.1443
3.2801
3.0892
3.14
3.483
3.0788
3.4619
3.0931
3.0813
3.1044
3.212
3.5703
3.4273
3.0761
3.0839
3.062
3.7851
3.5352
3.0565
3.0959
3.0934
3.3367
3.0665
3.0632
3.0603
3.0632
3.4135
3.0658
3.0798
3.0822
3.0941
3.1307
3.2111
3.0654
3.0613
3.0894
3.0743
3.7574
3.0888
3.0604
3.0807
3.1292
3.824
3.0835
3.0614
3.1006
3.1688
3.2571
3.0774
3.0858
3.0792
3.0779
3.1573
3.2502
3.1438
3.4262
3.1119
3.6262
3.2632
3.0774
3.0946
3.8644
3.8719
3.5346
3.1259
3.0957
3.173
3.1266
3.6288
3.0905
3.0644
3.8996
3.5696
3.6545
3.4004
4.3516
4.3748
3.7542
3.1565
3.2295
3.2496
3.45
3.2672
3.1162
3.1729
3.1054
3.1042
3.228
3.0983
3.121
3.1151
2.9863
3.0193
3.2143
3.7034
3.0642
2.9912
2.9927
3.1921
3.0692
2.997
2.9751
2.9822
3.1709
3.0991
3.0689
3.0495
3.3368
2.9945
3.1989
3.0853
2.9867
2.9815
2.9905
3.1754
3.4154
2.9915
3.0076
2.985
3.2624
3.4154
2.9939
2.995
3.0076
3.0031
3.3183
3.0011
2.9916
3.0055
2.9929
3.2145
3.1899
3.0496
3.3447
2.992
3.1562
3.4837
3.1009
3.0018
2.9852
2.9827
3.2319
2.9867
2.9808
2.985
3.0573
3.7906
3.0005
2.9921
2.9839
3.0058
3.126
3.1476
2.9824
2.9872
2.9836
3.2594
3.2692
2.9888
2.9785
2.9829
3.0034
3.266
2.986
2.9876
2.985
2.9871
3.2764
3.2865
3.0861
3.2675
3.7478
3.1268
3.2947
3.091
3.1463
3.4306
3.305
3.236
3.086
3.0753
3.1493
3.0794
3.3364
3.4776
3.1004
3.5699
3.1599
3.475
3.3279
3.0921
3.1679
3.1005
3.1496
3.18
3.0798
3.7264
3.6152
3.1783
3.1853
3.0828
3.1605
3.1835
3.0851
3.2562
3.0899
3.3273
3.0856
3.1003
3.3293
3.4313
3.1392
3.112
3.0914
3.3041
3.0839
3.1607
3.0634
3.1091
3.1026
3.213
3.1766
3.1103
3.4365
3.1182
3.264
3.6103
3.0692
3.1162
3.0963
3.2536
3.2661
3.0931
3.0554
3.2347
3.2849
3.4982
3.0839
3.1198
3.0803
3.236
3.1595
3.087
3.0868
3.084
3.0803
3.796
3.0733
3.139
3.4654
3.0811
3.354
3.0671
3.1628
3.0867
3.094
3.2859
3.0823
3.0608
3.1099
3.0565
3.4163
3.4278
3.0903
3.1121
3.0875
3.8552
3.1054
3.0958
3.0907
3.0863
3.1583
3.231
3.0698
3.1522
3.457
3.2581
3.2577
3.1009
3.0806
3.1107
3.1545
3.2511
3.0961
3.0853
3.0865
3.6569
3.2505
3.0874
3.0842
3.0859
3.278
3.1393
3.2269
3.0784
3.0976
3.2231
3.101
3.3151
3.1395
3.4407
3.2478
3.0652
3.2579
3.0869
3.0667
3.6205
3.0944
3.2808
3.087
3.0842
3.1438
3.2028
3.5672
3.0838
3.0978
3.2111
3.1069
3.0751
3.2279
3.0816
3.1577
3.0945
3.0784
3.2668
3.1209
4.0703
3.1443
3.0773
3.2388
3.2249
3.1918
3.0776
3.0768
3.2241
3.0654
3.2179
3.1105
3.1314
3.6057
3.0968
3.1818
3.08
3.0805
3.0701
3.2374
3.5379
3.0837
3.092
3.0731
3.196
3.2044
3.4856
3.0845
3.091
3.2407
3.171
3.0799
3.0902
3.101
3.2113
3.1946
3.1835
3.0831
3.1596
3.4662
3.6602
3.1841
3.0825
3.0954
3.0797
3.4359
3.1121
3.0692
3.069
3.0731
3.2787
3.1283
3.4646
3.0867
3.0785
3.32
3.0774
3.0732
3.0794
3.0754
3.8176
3.105
3.0821
3.1056
3.1419
3.5144
3.2505
3.1078
3.2209
3.0853
3.6778
3.5673
3.4768
3.4314
4.4411
4.2409
3.6513
3.2674
3.5168
3.2693
3.1807
3.0612
3.0509
3.0914
3.2065
3.264
3.0854
3.0813
3.1348
3.164
3.1302
3.2272
3.076
3.0986
3.1521
3.0783
3.2741
3.0769
3.0889
3.6997
3.1058
3.2223
3.1647
3.4912
3.1623
3.1007
3.2663
3.0965
3.0851
3.1728
3.1099
3.224
3.0875
3.074
3.1758
3.1558
3.4738
3.2735
3.0723
3.6725
3.1006
3.0864
3.2876
3.1057
3.1635
3.0762
3.0834
3.2444
3.1249
3.5668
3.1103
3.1833
3.2275
3.0713
3.4788
3.0893
3.0791
3.2357
3.1249
3.6021
3.0918
3.1233
3.505
3.2084
3.1527
3.0768
3.0964
3.0815
3.2391
3.3101
3.0785
3.0602
3.0722
3.2869
3.2505
3.5744
3.0797
3.0823
3.2216
3.9092
3.0836
3.1486
3.0788
3.3375
3.1516
3.073
3.0792
3.1344
3.7599
3.2816
3.1156
3.0593
3.0895
3.0817
3.5569
3.0847
3.1094
3.1085
3.0778
3.57
3.1493
3.4966
3.1131
3.0864
3.4779
3.0893
3.0773
3.0887
3.0822
3.3302
3.0886
3.1513
3.2379
3.1277
3.7307
3.1966
3.0992
3.0853
3.0554
3.6858
3.2558
3.1987
3.0764
3.0722
3.1925
3.2548
3.1394
3.4349
3.1065
3.1632
3.2561
3.0827
3.0785
3.0676
3.1521
3.304
3.0983
3.0915
3.0568
3.5606
3.1433
3.2077
3.0945
3.0555
3.133
3.0745
3.2561
3.2359
3.0905
3.1356
3.0768
3.3192
3.4564
3.0749
3.1783
3.0775
3.2237
3.0836
3.0885
3.6231
3.064
3.1397
3.156
3.1266
3.1986
3.4489
3.0856
3.311
3.0793
3.1497
3.0772
3.0929
3.234
3.0857
3.2516
3.0959
3.0793
3.295
3.432
3.7616
3.0963
3.0603
3.3066
3.0808
3.173
3.0787
3.0813
3.0697
3.214
3.2077
3.1341
3.4328
3.0875
3.2265
3.1574
3.0974
3.0977
3.0752
3.2713
3.8633
3.0905
3.0824
3.0589
3.3664
3.4388
3.1039
3.0877
3.087
3.4157
3.3265
3.0845
3.1558
3.0802
3.1009
3.3876
3.0784
3.1563
3.4611
3.2281
3.5892
3.1287
3.0689
3.0901
3.1614
3.2468
3.0793
3.0749
3.0751
3.0791
3.421
3.4177
3.0815
3.0941
3.1511
3.2654
3.0894
3.0785
3.0724
3.1126
3.6755
3.2409
3.079
3.1351
3.6298
3.077
3.2664
3.0889
3.1021
3.1696
3.0787
3.2472
3.0801
3.074
3.087
3.1718
3.317
3.4253
3.107
3.0809
3.7045
3.2642
3.0896
3.0665
3.165
3.0916
3.0727
3.2587
3.101
3.0691
3.1776
3.0632
3.2708
3.0608
3.0964
3.2697
3.1727
3.3174
3.0858
3.0783
3.611
3.1501
3.6395
3.0862
3.7358
4.548
3.4474
3.3071
3.1098
3.2011
3.0766
3.117
3.2784
3.0767
3.2207
3.4817
3.0947
3.2245
3.0711
3.6481
3.0991
3.073
3.141
3.1757
3.2175
3.0803
3.0835
3.2446
3.7383
3.1171
3.0681
3.0802
3.0619
3.2243
3.7704
3.517
3.4103
3.6178
5.2754
4.5327
3.4799
3.4993
3.2793
3.1451
3.1249
3.0557
3.0583
3.2775
3.104
3.0995
3.0887
3.1028
3.2857
3.1433
3.481
3.1005
3.0695
3.3112
3.2106
3.067
3.1166
3.0787
3.7107
3.281
3.0902
3.0806
3.1524
3.5688
3.2529
3.0916
3.0754
3.0993
3.1515
3.2433
3.1358
3.076
3.0789
3.141
3.2006
3.1615
3.4771
3.0815
3.5822
3.2553
3.0884
3.0683
3.0746
3.453
3.1004
3.2932
3.1426
3.0977
3.203
3.4793
3.2707
3.1076
3.0828
3.2839
3.0808
3.2646
3.069
3.0938
3.7567
3.0801
3.2914
3.1217
3.5644
3.1755
3.0878
3.2454
3.08
3.0951
3.1898
3.1249
3.0913
3.2261
3.1048
3.2662
3.0942
3.0928
3.2836
3.0962
3.6814
3.0993
3.0816
3.2476
3.0763
3.5317
3.0784
3.0796
3.2904
3.6197
3.2258
3.0822
3.0749
3.2703
3.1149
3.2806
3.0774
3.0983
3.063
3.2516
3.2421
3.3945
3.4516
3.0914
3.34
3.0748
3.0774
3.1134
3.084
3.2957
3.1682
3.0859
3.169
3.0812
3.2757
3.5234
3.0992
3.0693
3.1021
3.1474
3.7386
3.0961
3.0789
3.086
3.0805
3.4686
3.0888
3.1391
3.4151
3.0872
3.3787
3.0818
3.094
3.0687
3.0994
3.378
3.0726
3.0803
3.0824
3.0807
3.84
3.4222
3.0933
3.1055
3.3144
3.2425
3.0839
3.0876
3.1007
3.1514
3.1745
3.2693
3.0856
3.1326
3.4251
3.2784
3.161
2.9619
2.9581
2.9747
3.5396
3.168
2.979
2.9864
2.9817
3.0857
3.0385
3.4919
2.9699
2.9579
3.0466
2.9813
3.1656
3.0098
2.9815
3.0738
3.1158
2.9879
3.1864
3.0632
3.6902
3.1751
3.0019
3.2056
2.9861
3.0961
2.9824
2.9839
3.1584
2.9845
2.9834
3.1669
3.0524
3.321
3.2161
2.9835
3.0769
2.9859
2.9999
3.1738
2.9532
3.5607
2.9935
2.9887
3.1594
2.9783
3.2829
2.9993
2.9761
3.1152
3.1548
3.1019
2.9909
2.9848
2.9865
3.1476
3.0441
3.0548
3.348
3.0108
2.9888
3.3844
3.0713
2.9841
2.9869
2.9827
3.1576
3.1444
2.9851
2.9949
3.1111
3.5224
3.1
2.9917
2.9938
2.9853
2.9986
3.3506
3.0139
2.9891
2.9918
2.9973
3.2376
3.1614
3.3304
2.9957
2.999
3.5114
3.0005
2.9853
2.9867
2.9856
3.1071
3.164
2.9754
2.9935
3.0571
3.4253
3.1817
2.9904
2.9953
2.9899
2.9841
3.1594
3.1591
3.0059
2.9798
2.9824
3.3776
3.2373
3.3567
2.9944
2.9875
3.0653
3.1739
3.0041
3.0908
2.9896
3.0667
2.9822
3.1718
2.983
3.0625
3.4111
3.0041
3.1643
2.9891
2.9853
3.2621
3.1518
2.9849
3.1658
2.9906
3.0059
3.0827
3.0408
3.5584
2.9957
2.9915
3.2899
2.9958
3.1653
2.9893
2.9847
3.0927
2.9855
2.9863
3.1449
3.0672
4.0548
3.0014
3.0284
3.1795
2.9996
3.0716
2.9887
2.9807
3.1522
2.9997
3.4812
3.54
3.6067
3.9637
4.3624
5.2282
3.8031
3.3864
3.2945
3.2412
3.0745
3.0566
3.2585
2.9916
3.2608
2.9901
2.9919
2.9886
3.1983
3.0677
2.9992
3.1463
2.9861
3.1875
3.1244
2.9816
2.9879
3.0485
3.4067
3.6911
2.9875
3.0154
2.9811
2.9817
3.2832
2.9829
2.9963
2.9851
2.9965
3.4782
3.0473
3.3367
2.9808
3.0003
3.1652
3.1857
2.9829
2.9767
2.9782
2.9811
3.6621
2.9929
3.0036
3.1365
3.4905
3.2957
2.9935
2.9875
2.9863
2.9832
3.091
3.1548
2.9858
2.9808
3.0039
3.0929
3.2654
3.4645
2.9964
3.0087
3.4363
3.1941
2.9978
2.9874
2.9944
3.0485
3.0021
3.1666
2.982
3.0474
3.4426
3.0733
3.1818
2.9936
3.0008
3.0002
3.1744
3.059
3.1116
2.9991
2.9913
3.3747
3.0468
3.5307
3.0046
3.0072
3.0654
2.9836
3.1899
2.9965
3.5275
3.2092
2.9905
3.144
3.0383
3.0439
3.4764
2.9936
3.0018
3.1879
2.9859
3.3167
2.9887
3.0042
3.1981
2.9871
3.2409
3.0774
3.1687
3.7406
3.0931
3.1686
3.0828
3.0622
3.0745
3.3396
3.161
3.0687
3.0982
3.0912
3.2321
3.7577
3.4538
3.08
3.0984
3.2
3.1532
3.0773
3.1019
3.075
3.2817
3.1632
3.0803
3.1015
3.0748
3.0758
3.2921
3.0787
3.1065
3.0837
3.1038
3.9554
3.0917
3.066
3.0863
3.1102
3.3494
3.4759
3.0954
3.0678
3.0948
3.3565
3.0857
3.0894
3.0619
3.092
3.1661
3.2639
3.0741
3.1205
3.478
3.6526
3.2921
3.0757
3.1026
3.0643
3.2269
3.2571
3.0866
3.1016
3.0852
3.1408
3.2915
3.5774
3.0741
3.0784
3.2561
3.2782
3.1265
3.0746
3.0593
3.6043
3.1628
3.1933
3.0758
3.1419
3.5245
3.0784
3.2506
3.0705
3.0899
3.5327
3.1034
3.2692
3.0783
3.0779
3.1623
3.0699
3.3084
3.4164
3.0841
3.5942
3.0701
3.2319
3.0679
3.1543
3.3079
3.0793
3.0971
3.2556
3.0748
3.3384
3.4619
3.0975
3.2473
3.0794
3.2496
3.0786
3.1353
3.2256
3.0887
3.549
3.0962
3.0922
3.3066
3.4879
3.1623
3.088
3.0848
3.2473
3.0901
3.3042
3.0687
3.07
3.1057
3.2352
3.2402
3.3033
3.4292
3.0824
3.27
3.6683
3.0775
3.0871
3.0884
3.267
3.2843
3.0766
3.0818
3.0678
3.3058
3.5583
3.0815
3.0753
3.0783
3.2451
3.1885
3.0956
3.1108
3.0752
3.0759
3.6654
3.085
3.0779
3.0616
3.1024
4.4167
3.5485
3.1631
3.1717
3.0595
3.3712
3.0784
3.0768
3.0716
3.1545
3.8059
3.1178
3.0824
3.0656
3.0789
3.7775
3.0817
3.0994
3.0764
3.075
3.4051
3.0795
3.1556
3.4272
3.1902
3.2638
3.0637
3.0632
3.0766
3.0801
3.2072
3.2592
3.0926
3.0732
3.1192
3.8015
3.6024
3.072
3.1286
3.1345
3.0951
3.2221
3.0743
3.0759
3.0809
3.2401
3.2837
3.0739
3.1505
3.9638
3.607
3.5009
3.4562
3.5656
4.8329
4.1482
3.357
3.0608
3.1476
3.0842
3.0829
3.3056
3.4991
3.2019
3.1017
3.0928
3.4363
3.0823
3.1611
3.106
3.0724
3.2401
3.0613
3.536
3.1573
3.4348
3.2668
3.0927
3.4913
3.112
3.0851
3.3157
3.0909
3.1615
3.1033
3.0817
3.0993
3.2948
3.5627
3.0775
3.0892
3.0787
3.2424
3.619
3.0784
3.062
3.1139
3.3413
3.1507
3.0768
3.1177
3.5963
3.2701
3.2118
3.0993
3.079
3.0873
3.341
3.1602
3.0758
3.0801
3.0729
3.095
3.848
3.5494
3.1004
3.1123
3.085
3.513
3.1451
3.0769
3.0697
3.0723
3.422
3.0801
3.0888
3.138
3.0908
3.3182
3.1646
3.0958
3.0839
3.0988
3.7733
3.0651
3.1442
3.2378
3.087
3.2083
3.5482
3.1259
3.0833
3.0664
3.16
3.2489
3.085
3.0931
3.0583
3.2511
3.2678
3.0648
3.1161
3.4588
3.2465
3.2486
3.0972
3.0816
3.08
3.1826
3.1161
3.2793
3.0779
3.1845
3.1376
3.1301
3.6194
3.0965
3.0643
3.6634
3.081
3.2585
3.0831
3.0814
3.1852
3.1066
3.26
3.0823
3.1203
3.5626
3.0805
3.2168
3.0791
3.0935
3.277
3.1203
3.1035
3.2022
3.082
3.6234
3.0722
3.1227
3.6317
3.1136
3.2301
3.1436
3.0834
3.2534
3.0855
3.1964
3.1004
3.0796
3.2295
3.0698
3.2411
3.4668
3.0954
3.1659
3.185
3.6766
3.0621
3.0932
3.0734
3.2369
3.1348
3.0942
3.0934
3.152
3.561
3.3287
3.0864
3.0997
3.0778
3.2315
3.175
3.077
3.0799
3.223
3.2374
3.5615
3.1447
3.4341
3.0952
3.1458
3.5276
3.1005
3.0781
3.0783
3.0975
3.3963
3.092
3.0645
3.0722
3.1423
3.6491
3.1031
3.0885
3.0795
3.0812
3.6048
3.0849
3.0783
3.0632
3.0889
3.3583
3.0664
3.0684
3.0838
3.1206
3.2249
3.2551
3.0772
3.0656
3.0872
3.264
3.2798
3.0771
3.0731
3.1424
3.9773
3.2694
3.057
3.1214
3.0996
3.1339
3.2325
3.0768
3.0892
3.084
3.1598
3.1217
3.2571
3.4296
3.0818
3.2815
3.0887
3.2394
3.0828
3.0674
3.6364
3.0739
3.3309
3.0986
3.0978
3.231
3.4315
3.2596
3.0704
3.084
3.1864
3.1018
3.1431
3.1948
3.0765
3.1561
3.0728
3.0773
3.3332
3.4142
3.6107
3.1108
3.0859
3.2347
3.0958
3.1613
3.1212
3.0772
3.2453
3.0962
3.2448
3.1675
3.4609
3.2195
3.1791
3.1523
3.1211
3.0785
3.0596
3.2398
3.551
3.1373
3.0773
3.0928
3.3537
3.5499
3.087
3.0748
3.0706
3.2444
3.1487
3.0609
3.0762
3.102
3.2898
3.1366
3.0945
3.1434
3.4577
3.1145
3.6888
3.1331
3.0686
3.07
3.0862
3.4066
3.171
3.0945
3.0968
3.0925
3.3717
3.4585
3.0961
3.0756
3.0784
3.3374
3.0846
3.0864
3.0904
3.077
3.7575
3.0992
3.0961
3.1506
3.4315
3.7563
3.4922
3.4722
3.4118
4.7233
4.8186
3.7519
3.201
3.1791
3.1484
3.1223
3.0736
3.1433
3.0611
3.8179
3.1696
3.081
3.1131
3.1631
3.1068
3.2676
3.078
3.0754
3.1394
3.5886
3.2145
3.074
3.0757
3.0679
3.2092
3.2242
3.0713
3.0958
3.1024
3.6622
3.1274
3.2588
3.5631
3.1672
3.0808
3.0814
3.2041
3.0824
3.0879
3.3049
3.0819
3.2671
3.0886
3.0772
3.3513
3.5693
3.2612
3.1327
3.1517
3.5477
3.0629
3.2576
3.0986
3.3493
3.3627
3.0767
3.2808
3.1319
3.5379
3.08
3.1024
3.0842
3.2595
3.2402
3.0946
3.0789
3.0832
3.2516
3.2432
3.5023
3.3256
3.4055
3.2632
3.3052
3.0703
3.1027
3.068
3.2939
3.1784
3.1393
3.2418
3.0968
3.2317
3.2222
3.4668
3.0817
3.0788
3.1008
3.8008
3.0934
3.0784
3.1072
3.0756
3.4848
3.0793
3.0867
3.1449
3.422
3.3324
3.0617
3.0799
3.0663
3.1856
3.4028
3.0809
3.0794
3.0618
3.0779
3.354
3.1443
3.4591
3.0837
3.0893
3.135
3.2299
3.0781
3.0995
3.1019
3.2729
3.6758
3.0978
3.0616
3.1451
3.4965
3.3039
3.0675
3.0952
3.0752
3.1631
3.2155
3.0824
3.0834
3.0907
3.1572
3.1728
3.2269
3.1109
3.0758
3.0754
3.7022
3.2915
3.1182
3.0713
3.275
3.0832
3.2393
3.0689
3.1303
3.5129
3.0875
3.2506
3.0809
3.0685
3.0908
3.1612
3.1036
3.244
3.0768
3.0826
3.6863
3.1368
3.6237
3.0849
3.1508
3.0843
3.082
3.3385
3.0968
3.1535
3.3553
3.0626
3.2473
3.084
3.1176
3.5657
3.0826
3.219
3.0749
3.0854
3.7025
3.0804
3.2613
3.089
3.1528
3.0817
3.0687
3.1221
3.6579
3.1574
3.0694
3.0964
3.0799
3.2244
3.063
3.163
3.0589
3.0791
3.2628
3.1257
3.7237
3.426
3.0683
3.2935
3.242
3.0862
3.0751
3.0858
3.0716
3.305
3.1358
3.0644
3.0741
3.1275
3.8135
3.1081
3.079
3.0725
3.0778
3.8348
3.0903
3.0916
3.0792
3.0964
3.2928
3.0817
3.1561
3.404
3.0882
3.329
3.0789
3.0889
3.2045
3.0591
3.1747
3.2521
3.1167
3.0748
3.0816
3.7055
3.5921
3.0766
3.1001
3.0669
3.1653
3.2747
3.0729
3.0818
3.0775
4.1085
3.5585
3.2174
3.2048
3.4267
3.2022
3.2812
3.0685
3.0686
3.0747
3.609
3.2409
3.087
3.0665
3.1715
3.141
3.1248
3.2863
3.0768
3.1062
3.1859
3.0936
3.2544
3.068
3.0765
3.1493
3.083
3.23
3.1682
3.4783
3.6825
3.0812
3.2474
3.0879
3.0916
3.2548
3.0884
3.1404
3.2406
3.0988
3.1493
3.1314
3.4775
3.2049
3.0794
3.1429
3.1663
3.0911
3.2831
3.0787
3.6618
3.0607
3.1145
3.269
3.1183
3.5219
3.1292
3.0818
3.2287
3.0671
3.1671
3.098
3.0798
3.0752
3.3413
3.3337
3.0933
3.1243
3.4643
3.193
4.2188
3.4543
3.5093
3.5021
4.6703
4.6759
3.4556
3.2057
3.2557
3.1588
3.18
3.4574
3.0619
3.2722
3.0962
3.056
3.08
3.0758
3.9678
3.0831
3.0813
3.0874
3.1042
3.3704
3.5644
3.0857
3.0772
3.0868
3.3331
3.0676
3.0736
3.0746
3.0893
3.2225
3.2612
3.096
3.1351
3.6065
3.6424
3.4417
3.1009
3.1006
3.0628
3.9079
3.2599
3.0793
3.0849
3.1338
3.1109
3.2866
3.4422
3.1
3.1397
3.0755
3.267
3.0784
3.0792
3.0742
3.7131
3.2014
3.09
3.1209
3.3243
3.4572
3.1837
3.146
3.107
3.1612
3.0647
3.0829
3.3791
3.0786
3.0985
3.2102
3.0822
3.2022
3.0746
3.0857
3.1567
3.1052
3.2453
3.0626
3.0743
3.6341
3.0779
3.1023
3.2501
3.1268
3.5063
3.1139
3.0752
3.247
3.0748
3.1759
3.0798
3.0749
3.262
3.0887
3.3036
3.0774
3.1281
3.6406
3.0978
3.9013
3.0994
3.0856
3.2583
3.1059
3.1906
3.1074
3.0951
3.0835
3.2249
3.2597
3.4538
3.0872
3.1002
3.2497
3.1366
3.087
3.1066
3.0931
3.2122
3.7246
3.1057
3.0842
3.15
3.5719
3.2852
3.0958
3.1098
3.0927
3.2635
3.3509
3.2248
3.0958
3.1032
3.0929
3.2708
3.1809
3.427
3.1288
3.0841
3.6392
3.0732
3.083
3.0578
3.0647
3.3837
3.0848
3.0609
3.0791
3.1337
3.6828
3.0954
3.0846
3.0782
3.0903
3.6654
3.0838
3.0689
3.1112
3.0633
3.7234
3.2484
3.1417
3.5987
3.2211
3.0823
3.2359
3.0875
3.0988
3.0861
3.1723
3.2258
3.0682
3.0785
3.0875
3.2064
3.6316
3.082
3.0776
3.0842
3.6947
3.1889
3.0738
3.0869
3.0711
3.1355
3.1066
3.2194
3.1933
3.4212
3.1983
3.1025
3.2455
3.0981
3.0751
3.1899
3.1533
3.2408
3.063
3.0779
3.6232
3.0984
3.2503
3.0801
3.0796
3.1507
3.0825
3.0804
3.3046
3.0999
3.2746
3.0923
3.08
3.2917
3.4411
3.1883
3.0707
3.084
3.22
3.113
3.7632
3.087
3.076
3.2745
3.0785
3.1842
3.149
3.479
3.4077
3.0891
3.2556
3.0835
3.1096
3.0737
3.2273
3.6685
3.1233
3.0788
3.0722
3.3278
3.931
3.0838
3.0774
3.0987
3.3602
3.0829
3.0808
3.0782
3.0655
3.2234
3.1901
3.091
3.1682
3.426
3.26
3.2103
3.0792
3.0815
3.1006
3.0811
3.7181
3.086
3.0798
3.1089
3.0847
3.5985
3.4436
3.1398
3.0944
3.0887
3.4058
3.0878
3.0791
3.0829
3.087
3.3408
2.9828
2.9856
3.0353
3.331
3.7037
2.9985
2.9958
3.0013
2.9742
3.0905
3.1691
2.9877
2.9777
2.9829
3.1014
3.1915
3.4865
2.9842
2.9831
3.0644
2.9934
3.1865
2.978
2.9953
3.1435
3.2718
3.1861
2.9827
3.0496
3.4585
3.0089
3.18
2.9873
3.0077
2.9823
3.0891
2.9892
3.1589
2.9802
2.9846
3.2671
3.0493
3.5337
2.9978
2.9815
4.0843
3.5568
3.5541
3.542
5.1631
4.6076
3.4892
3.1599
3.1916
3.1345
3.1356
3.2252
2.9948
3.1411
2.9899
2.9799
2.9798
3.1963
3.3946
3.1281
2.9837
3.0486
3.64
3.1126
3.0329
2.9866
2.9871
3.1425
2.9798
3.0858
2.9892
2.9922
2.9833
3.186
3.1824
3.5551
3.0047
2.9912
3.1783
3.4629
2.9818
2.9976
2.9886
3.159
3.0498
2.9907
2.9884
3.0389
3.3491
3.3019
2.993
3.6189
2.9935
2.9852
3.2469
2.9978
2.9894
2.985
2.9899
3.1942
3.1802
3.3326
2.9929
3.0064
2.9914
3.284
2.9917
2.9895
3.0887
3.0088
3.3
2.9892
2.9856
3.0447
3.3349
3.5144
3.098
2.9896
2.9893
2.9868
3.0714
3.1615
2.9932
2.9834
2.9876
3.1323
3.2375
3.3464
2.9981
2.9955
3.0699
2.9956
3.1878
2.9927
2.9906
3.0038
3.5006
3.1706
3.0007
3.0564
3.335
3.2554
3.197
2.9865
2.996
3.0123
3.082
2.9824
3.1777
2.9779
2.9716
3.1655
3.0176
3.4974
2.9674
2.9592
3.4752
3.0038
2.9899
3.1874
3.0029
3.1534
2.9854
3.0097
3.1623
3.0458
3.4223
2.9827
2.9935
3.1741
2.9786
3.0462
2.9781
2.9915
3.1209
3.1973
2.9811
3.4916
2.9901
2.9947
3.1609
2.9878
3.0504
2.9815
2.9791
2.9757
3.138
3.0362
2.9577
2.9499
3.0064
3.5075
3.3472
2.9888
2.9843
2.9827
3.0607
3.5444
2.9972
2.9835
3.0048
2.9826
3.2821
3.0436
3.3419
2.9875
2.9857
3.3172
3.0955
2.9904
2.9938
2.9851
2.9995
3.2663
2.9926
2.9741
3.041
3.3569
3.7107
3.0969
3.0844
3.081
3.0864
3.3422
3.095
3.1283
3.087
3.0684
3.4896
3.1725
3.4373
3.1057
3.0863
3.1363
3.2757
3.089
3.0789
3.08
3.1553
3.257
3.1552
3.1104
3.1479
4.0312
3.2599
3.098
3.0821
3.0715
3.1769
3.2756
3.0669
3.0786
3.0599
3.1451
3.1465
3.2142
3.4662
3.0902
3.2179
3.0868
3.2933
3.0733
3.0866
3.9615
3.0876
3.2784
3.0875
3.0878
3.1958
3.4662
3.2569
3.1833
3.0861
3.2846
3.0875
3.272
3.0738
3.0902
4.2997
3.5078
3.3032
3.2103
3.7357
3.3041
