6.95176e-310
6.95176e-310
357.305
280.853
260.637
255.622
250.531
242.908
251.987
230.159
225.177
213.848
215.738
203.73
188.034
184.602
180.514
182.147
177.402
168.749
166.15
162.969
160.469
161.232
157.736
152.886
152.561
149.962
147.652
145.602
147.909
144.727
140.778
138.612
136.397
135.226
133.086
131.946
137.097
132.68
129.633
127.368
126.065
125.734
124.508
124.862
128.261
120.2
119.97
118.287
117.498
117.065
115.654
117.304
118.431
119.793
111.693
112.16
110.825
109.223
107.75
106.694
105.854
108.332
110.033
102.341
102.425
102.303
100.288
100.15
100.345
99.255
99.7239
98.2501
103.874
96.6198
96.7093
95.9857
95.9125
93.8552
93.9901
93.1127
93.7787
95.1448
98.9167
96.0674
93.1715
92.4405
92.3917
89.7544
88.5923
89.2182
88.2694
88.7087
87.6865
90.4747
93.476
89.5259
86.8006
85.8539
86.5328
88.1145
87.0956
88.7513
87.4484
85.2601
85.4551
88.788
86.7164
82.7337
82.5902
82.3562
81.3329
81.9484
80.393
79.9672
79.5599
79.2832
78.7207
78.5053
82.6545
81.6717
77.6291
78.4459
78.105
77.7853
77.9153
77.5001
77.4532
76.1488
76.2647
77.9264
75.7863
80.4688
80.4302
75.8267
76.0082
76.043
75.0502
75.6395
75.3313
75.2413
75.2693
75.5631
74.5681
74.5939
78.3639
78.8403
74.5818
75.0413
74.1533
74.3204
74.2147
73.529
73.3112
73.5193
72.7414
73.5641
71.4393
71.5358
75.0839
75.9409
72.1465
71.9514
70.8215
70.8069
69.5029
69.3004
69.3313
70.3485
69.3928
68.7707
69.3405
69.231
69.2498
71.3949
72.2319
69.571
68.764
68.3126
68.7145
68.1291
67.9991
67.9032
68.2332
68.5903
71.004
69.8073
69.4103
72.0588
68.9808
72.5159
67.1347
66.8098
66.6629
66.3322
66.2751
65.7452
65.6516
65.894
65.0061
65.4057
64.9197
64.5725
65.0188
67.3361
67.7733
64.4914
64.6405
64.411
63.4395
64.0201
63.7428
63.5899
63.8284
63.0379
64.7653
63.1848
61.6763
61.6553
61.8931
64.3166
65.1671
60.7048
60.1825
60.9107
60.3006
60.2703
60.2732
59.9068
59.9888
59.7692
58.9523
59.9238
60.0163
59.1268
58.5479
60.2118
61.5591
63.2476
58.455
58.4954
58.334
58.3099
57.6191
57.6381
57.5767
57.1797
56.2255
56.7291
58.6388
57.0603
57.5854
56.5257
55.5928
58.5191
55.2706
59.0526
54.4006
54.4885
55.0094
55.0748
55.2518
55.1105
55.1783
54.9711
56.1268
56.7196
57.1293
57.0367
57.5639
56.983
55.9665
58.782
55.8993
57.7828
54.4859
54.4106
55.041
55.9511
55.9012
55.7284
55.1936
55.5691
54.994
54.922
56.923
54.4919
54.9574
55.0796
55.6741
53.7147
56.9412
53.9273
55.816
52.5859
52.9253
53.0015
53.0783
53.4661
53.6562
53.1251
53.2231
53.6962
53.0247
53.3029
52.536
53.3633
53.1662
53.6573
53.4225
57.1742
54.5417
56.5963
54.009
53.8318
53.9103
52.8176
53.4148
53.9883
53.5121
53.2935
54.2491
55.503
53.94
53.8916
53.7398
53.6344
53.5994
53.8407
57.5121
56.6438
55.0855
53.7624
53.4618
53.0006
52.6871
53.1698
53.1898
53.1588
53.077
52.3232
51.9666
52.2514
53.0711
52.7661
51.9095
51.7969
50.8112
55.7104
51.3993
54.9251
52.7007
50.836
50.6727
50.685
50.2244
50.8627
49.7682
50.9097
50.8913
53.1945
51.549
51.8165
52.0116
51.5741
51.0163
50.0812
49.4272
53.2482
50.8216
53.27
49.0201
49.9072
49.6186
49.4299
49.1029
49.0178
48.9196
51.3827
50.1301
49.6723
49.0131
48.7314
48.7555
47.8392
48.5224
48.7702
49.1551
49.7245
51.6877
51.1886
51.3049
48.9902
49.2409
48.3852
48.4819
48.2739
48.5083
47.603
49.3522
51.2233
49.4144
47.4313
47.7938
47.7482
47.8401
46.9692
47.4183
47.7842
47.2938
50.4471
48.4571
50.3812
47.1096
46.8597
47.4359
47.8246
48.1115
46.9113
46.8366
47.1247
47.1356
47.8268
48.8348
48.3808
48.0487
47.8195
47.2605
47.2209
46.9113
46.523
50.6689
47.4275
50.7209
46.8514
46.7386
46.5283
46.9101
46.562
46.8078
46.3811
46.927
45.9665
48.5661
46.9871
47.3247
46.5236
46.9193
47.1183
46.5553
46.1013
46.4564
46.8183
50.1733
47.4165
49.4103
47.0104
46.4863
45.3452
46.1456
45.8938
45.0919
44.7089
45.2297
44.6554
44.2433
43.8197
44.023
44.1892
43.1297
43.3572
43.1624
43.5879
42.8829
43.6238
43.9281
45.8987
46.5883
44.3994
42.8134
43.8724
42.8339
42.6401
42.5032
42.477
42.7816
42.858
44.6248
42.1317
43.1513
42.8259
42.2683
43.5534
43.13
42.577
42.3268
42.4609
41.9336
42.7382
46.4883
44.1472
47.0377
44.0326
45.7192
43.8036
44.1947
43.6934
43.0764
43.3589
43.3578
42.3657
40.7955
41.3985
41.4997
40.6506
41.7103
41.3477
40.9321
42.0243
40.5025
41.6966
41.1387
40.5958
44.7521
41.7402
45.0237
41.7616
41.9701
42.2042
42.3677
42.7642
41.1585
41.8094
41.609
42.7345
42.3064
40.9134
40.4372
40.7168
40.3091
40.1317
40.3861
40.0134
41.2308
40.7016
39.9845
40.18
40.2098
43.746
40.3501
43.9402
39.4498
39.8447
40.7524
40.5437
42.1452
40.3098
39.956
40.1467
38.8017
39.8632
38.9032
37.9938
39.1314
38.3116
39.6266
39.1797
38.3452
39.4269
39.1757
39.6087
38.8499
38.8572
40.3781
41.5187
39.186
40.902
37.9646
38.805
38.0593
37.7193
38.3224
37.2377
38.3263
38.2465
39.5431
37.7695
37.1388
38.0611
38.0057
37.676
38.7386
38.1757
38.5788
37.7043
38.5863
38.2304
38.1826
38.6471
37.743
41.0584
39.4532
39.2008
40.6415
37.7284
38.1695
37.6864
37.1385
37.4387
37.7206
37.6872
37.9276
36.8722
37.621
37.5562
37.3617
37.5435
37.3314
37.8306
36.8726
37.7482
36.8732
36.6208
37.7907
37.0872
37.142
36.1716
37.5656
39.1235
37.4479
39.9119
36.5829
36.6392
36.6525
36.9216
37.2966
36.3225
36.3755
38.1169
36.8049
36.5005
36.4274
35.9325
35.9279
36.1156
35.8826
36.2442
35.9259
36.9026
36.7528
36.4291
36.2178
35.9821
36.3275
36.0027
39.3456
36.9671
36.3437
39.1125
35.6226
36.2084
35.4803
36.1236
37.1762
36.1532
36.8034
35.9454
36.7743
36.629
36.6511
36.7813
36.1276
37.1468
36.1049
36.235
36.0007
36.1736
36.2974
35.7866
35.7593
35.6222
35.4908
35.0552
35.9253
39.3541
35.4402
38.7281
34.8713
35.5156
35.1688
35.8541
35.4028
34.9314
36.8876
35.0537
35.8569
34.7892
36.1435
35.5135
35.5118
36.439
35.1451
35.7064
35.7808
35.9973
35.4587
35.9199
35.5461
36.5981
35.911
35.6323
35.8829
39.6022
38.1317
40.6693
38.0542
37.2903
36.7642
36.1692
35.5829
36.0049
35.0123
35.5807
35.1368
35.0972
35.3395
34.9198
34.8807
34.6739
34.6234
34.7662
34.4451
34.9834
34.4607
34.8607
34.5186
34.9652
34.8408
34.6127
34.598
34.641
38.2981
34.8616
38.4435
34.28
35.3651
34.7547
33.9057
34.4483
33.6538
36.5402
33.4387
34.0692
33.5601
33.7128
33.8184
33.6889
33.7729
34.0981
32.941
33.3539
32.7985
33.1896
33.4051
32.6305
33.3051
32.1981
32.8741
32.7232
32.5992
32.4319
35.5011
32.0876
34.1635
33.6364
32.6494
31.6694
32.3595
32.1619
31.7963
32.5788
31.6402
31.7522
31.8165
31.9109
31.7743
31.8531
31.3356
32.5502
31.984
32.791
31.8541
32.591
32.3108
32.8498
32.2533
32.5306
31.7359
32.383
31.7604
32.2865
31.6133
32.4255
34.758
31.9942
35.2855
31.6837
31.6428
31.8376
31.4766
31.0808
32.7149
31.8819
32.3059
31.7601
32.0605
31.2779
31.8927
31.7182
31.764
31.5409
31.6755
31.5883
32.5078
31.6594
32.4242
31.1589
31.7834
31.8048
32.0942
32.0044
32.0728
31.8711
32.5305
32.803
34.7851
31.7552
35.1453
32.3861
33.6863
33.1687
33.5365
33.1962
32.4655
32.4967
32.3302
32.4582
32.2054
32.9995
33.3554
34.2159
32.7367
33.5739
32.5626
33.2388
33.1807
32.6618
31.4027
32.6505
31.7219
31.9966
31.6147
31.6896
31.215
32.0713
31.2454
35.0211
32.1728
32.215
34.8789
32.1036
32.2287
32.055
34.8126
31.7302
32.0012
32.2827
32.2931
32.0338
32.991
31.7726
32.4815
31.9655
32.2947
31.9898
32.6701
31.9064
32.6855
32.7845
32.3004
32.0564
32.7931
32.1929
32.2446
33.0921
31.8758
32.5194
33.031
35.0489
31.9474
36.1299
31.6936
32.1016
32.4706
32.6391
31.732
32.5766
31.636
31.9139
32.008
31.8368
31.6344
32.593
31.5562
32.0457
32.014
31.781
31.4506
31.9773
31.3706
32.0698
32.1856
32.1947
31.5956
32.4994
31.8215
32.0882
31.6625
31.5756
31.3965
35.6026
31.6508
34.1624
32.3061
30.7342
32.5431
33.0333
32.2222
31.4457
32.1098
31.2682
31.9421
31.7188
31.5427
31.1267
31.7322
30.4665
30.627
31.5697
30.2595
30.9305
30.5673
30.0966
30.0146
31.2498
29.9717
30.4607
30.0053
29.9252
30.0651
30.5282
29.7206
30.7359
33.4877
30.1106
34.1241
30.6844
30.6843
30.2557
30.8871
30.1713
30.4971
30.3696
29.773
30.2875
29.8761
30.2261
29.997
30.8842
29.6062
30.0089
29.5045
29.7479
29.1965
30.0147
28.8845
29.3153
29.4691
29.6628
30.2273
30.1935
30.3137
29.6036
30.1351
29.2607
28.7868
31.0919
30.9448
28.9256
32.7611
28.7258
29.9063
29.4099
28.0895
28.6299
28.7811
28.931
28.9686
28.8395
28.4019
28.6735
28.4923
27.8042
29.4262
28.472
28.9392
28.7323
29.9208
29.0745
29.7451
29.6685
29.5959
29.3773
29.9131
29.9341
30.7913
30.0853
29.7761
30.5355
30.4004
29.8596
33.1275
29.9798
30.4841
32.2449
30.5213
29.2024
29.0246
29.8276
29.6107
29.7874
29.8573
29.7149
30.0361
30.1265
28.6362
29.7363
29.9963
30.4455
30.0279
30.166
29.2334
29.097
30.0169
28.601
29.1377
29.1669
28.9588
28.6381
29.2693
28.8851
29.4746
29.1009
28.0169
29.0978
29.3058
30.8137
28.1863
31.6779
28.4738
30.6713
28.5484
28.5738
27.7642
27.9495
28.3755
27.9339
28.737
28.236
28.7046
28.4605
28.0098
27.8165
27.9351
28.0685
27.7111
28.6881
27.3353
27.834
27.7013
27.3371
27.0718
27.0646
27.6509
27.0844
27.8434
27.1516
28.2597
27.7584
27.6197
28.4701
27.7365
30.0007
28.6015
28.8617
30.8756
27.391
28.5528
27.5568
28.1818
28.3916
27.9231
26.7341
27.3415
27.2763
26.4932
27.9642
27.7718
27.741
27.4004
26.8899
27.5862
27.2156
27.3165
27.2179
27.6947
27.2606
27.3717
28.3382
26.861
27.557
27.2108
27.4396
26.9634
27.5013
27.6251
27.5592
27.8048
27.1175
30.4453
27.4715
26.8579
30.0656
30.1346
27.6295
27.2011
27.934
27.1176
27.3211
26.9618
26.4862
27.4091
26.8379
26.5565
26.4434
26.4189
26.7399
25.7894
26.8105
25.9751
27.0111
26.6391
26.2941
27.4145
27.0465
26.7407
26.2804
26.3292
26.5929
26.1031
26.5269
26.4089
26.789
26.6999
25.9352
27.7347
27.3285
31.1265
28.1026
28.9908
31.4612
28.4689
27.6766
27.6188
28.0345
27.7006
27.7628
27.0114
27.1414
27.3964
27.0356
27.6112
27.0924
27.4337
27.7322
28.1197
27.5169
27.1273
27.8563
26.9125
27.2509
27.131
26.7732
26.183
27.1913
27.2032
26.3932
26.5819
26.2996
26.1176
26.5511
26.6676
26.1971
27.1848
30.1555
28.0845
27.6689
27.8677
28.539
26.598
26.5209
26.1499
26.2748
25.7575
26.1225
25.0599
26.0017
25.464
25.6514
26.0954
25.8911
26.5408
26.3647
26.0611
26.4052
25.9924
26.0498
25.5517
25.4343
26.2747
25.2933
25.723
25.4128
25.8097
25.8432
25.5013
25.7842
25.3676
25.6849
25.4899
25.3352
25.7251
25.4614
28.6104
25.9325
26.1508
26.6802
28.8582
26.204
25.6797
25.5678
25.9624
25.7778
26.1535
26.0004
26.0542
26.6327
25.8931
26.0511
25.7929
25.9075
25.6089
25.3747
25.9919
25.8021
25.7743
25.3026
25.1419
25.8574
25.3371
25.6433
24.8966
25.3901
25.4079
24.9007
24.453
25.3676
24.6091
24.9581
24.5544
24.8697
24.9812
24.3249
28.468
24.6961
24.5394
26.2533
27.684
24.3603
24.7031
24.1699
24.4181
24.0263
24.7655
24.6352
24.415
25.1665
25.1384
24.5494
24.9483
24.6725
24.7821
24.7456
24.4638
25.0853
24.2424
25.9452
24.9909
25.1856
25.132
24.6445
24.786
24.5375
24.8491
25.778
24.8139
24.9677
25.023
24.5944
24.9429
24.4175
24.1018
24.8327
24.0119
28.1957
24.2992
24.1333
25.4165
27.9846
24.5402
24.5795
24.5235
24.8291
24.0198
24.746
23.8994
24.0968
24.2201
23.7208
23.7592
24.2214
24.2783
24.2761
24.078
26.0201
26.4559
24.0584
25.0161
24.619
24.0953
24.1966
24.0778
23.328
23.9518
23.6155
24.218
23.7709
23.5301
24.3939
23.5029
23.2112
23.613
22.8084
22.7737
23.2114
24.9529
26.2309
22.7467
23.128
23.3959
23.9148
26.5197
23.5945
23.018
23.6537
23.4279
22.9493
23.5087
22.6428
22.7468
23.5754
22.4871
22.7529
22.6512
22.428
23.3091
22.5408
22.4925
23.0758
22.2748
22.3961
23.1879
23.1551
22.4431
23.4473
22.6533
22.7326
22.4559
22.3404
23.5267
22.5593
22.4943
23.0654
22.5896
22.879
23.1064
22.5783
22.5844
23.147
22.9609
25.8085
23.0851
22.491
23.3465
22.7542
26.6554
23.4861
23.6827
23.0044
22.4324
22.0318
22.6834
22.321
21.9414
22.6811
22.1557
23.0668
22.019
22.2127
22.6506
21.7775
22.0616
22.5083
21.9382
22.2918
22.2439
21.469
21.768
22.1317
21.6647
21.825
22.4198
22.3453
22.9983
22.1488
22.1266
22.5394
22.1533
21.9426
23.0635
22.3801
21.8521
22.4516
23.9448
22.4764
22.9473
24.9159
22.5572
22.0852
22.0939
25.4173
23.5617
22.2811
22.6911
21.9842
22.7203
23.0032
22.6304
22.7022
21.6691
21.5112
22.5175
21.8264
21.8051
22.2328
21.5005
21.9582
22.7785
21.6812
22.0416
22.4431
22.1938
21.8558
22.9011
22.0525
21.7931
22.1966
21.8701
22.2903
23.0906
21.8988
22.6565
21.8901
21.8951
22.2985
22.0279
22.5633
21.7698
21.5717
22.3664
21.9727
25.4214
22.5775
21.5607
22.267
21.6783
24.9681
22.9062
21.652
21.7954
22.2902
22.2613
21.8613
22.8079
21.9057
21.7925
22.3176
21.835
22.1596
22.4033
21.636
21.5754
22.5766
22.2711
23.1069
22.5895
22.2269
23.0681
22.7902
22.3291
22.5829
22.0351
22.0499
22.4317
22.1625
22.1265
22.8734
22.1582
21.9081
22.9687
21.8364
21.8115
22.1542
23.5233
22.1147
22.0805
21.533
25.4806
21.6711
21.522
22.1435
22.129
23.3223
25.2305
21.8903
21.5465
22.3516
21.9246
22.4045
22.8794
22.7562
22.8473
22.582
22.008
22.4294
21.952
21.7429
22.097
22.3449
22.2957
21.931
21.7169
21.5032
22.2571
21.774
21.6408
21.3992
21.8454
22.6942
22.3844
21.8016
22.6094
22.0635
22.0422
23.6214
22.2457
22.5941
23.0446
22.1143
22.9147
22.0313
22.3294
23.443
24.7753
22.1662
22.5956
22.3109
21.9178
25.4926
22.5582
22.7699
22.1903
22.0618
23.0708
21.9747
22.064
22.9086
22.1712
22.2377
22.7505
22.1066
22.2213
22.9516
23.0392
22.6711
23.0786
22.3142
22.5502
23.1071
22.4397
23.1183
22.0676
22.4643
22.4364
22.4959
22.3238
22.1675
22.9169
22.0395
22.0493
23.2109
22.3598
23.1027
23.9616
22.2214
22.4884
22.1459
23.3511
25.3392
22.049
21.5942
21.6907
22.1573
24.0869
23.6432
21.7587
21.6702
22.4798
21.7262
21.6077
22.1654
21.6929
21.4236
21.9451
22.4235
21.7111
22.0571
22.3212
21.3629
22.002
21.6156
21.8075
22.382
21.8387
22.2076
21.958
21.1736
21.5646
22.5751
22.0365
22.5498
22.3311
22.184
22.6814
21.9215
21.8769
22.522
22.5296
22.7688
22.9518
22.6809
22.6014
23.4623
23.1374
25.9367
23.2192
23.5263
23.3443
22.6617
25.4784
22.2645
21.9731
21.7098
22.2887
21.4136
21.821
22.3335
21.7401
21.9897
21.8149
21.3378
22.2376
21.988
21.0819
21.6507
21.2777
21.1938
21.7629
21.2419
20.9591
21.7051
20.8503
21.0008
20.9471
21.2949
21.697
21.4345
21.0755
20.8722
20.8296
21.2889
20.8838
21.4353
22.8975
21.2896
21.7624
21.6784
21.1411
21.9526
21.593
21.1944
25.3176
22.3245
21.702
21.9483
21.3666
25.0927
21.845
21.5086
21.5699
21.5587
21.5619
21.1988
21.8777
21.5504
21.5673
21.8125
21.6472
21.8689
22.6241
21.7008
22.1189
21.714
21.7137
22.3957
21.7977
22.2924
22.4695
22.391
21.8658
21.9896
22.3137
21.9528
21.6548
22.2749
22.0544
22.6936
22.4689
21.6836
21.7625
22.3302
22.1653
22.6034
22.5693
22.1666
22.7507
22.1278
25.1328
22.4646
22.1339
22.2973
22.4771
23.217
26.1853
22.3628
22.3048
22.7131
22.0748
21.6556
32.07
22.8626
22.4609
22.0057
21.993
22.3749
22.2111
22.3977
22.6796
22.4275
21.8521
22.7373
21.6322
22.3811
22.0696
21.7455
22.4849
21.902
22.1557
22.3628
21.6724
21.7737
22.4453
21.7812
23.4138
22.5865
22.1122
21.8146
22.6598
21.6804
21.4797
22.4529
21.8704
24.4649
23.563
22.2594
22.4993
21.6424
21.6937
25.4664
21.7986
22.3636
22.5309
21.8763
22.1395
23.0747
22.2956
21.7024
22.606
21.748
21.6403
22.343
21.6382
21.1397
22.05
21.372
21.4581
21.3213
21.298
21.347
20.9186
20.8746
21.6552
20.6958
20.4947
20.8629
20.6067
20.5626
21.0833
21.0982
20.727
20.7984
20.7599
20.455
21.0077
20.293
20.5341
20.3928
20.5006
21.1687
21.9078
23.8158
21.0879
21.0433
20.5707
20.7096
21.7361
22.7425
20.5852
20.9649
20.2737
20.4276
21.4319
20.3442
20.4688
20.8925
20.8625
20.6621
21.0555
20.9509
20.4689
20.8907
21.6749
21.2101
20.7467
21.4345
21.0903
20.9359
21.3928
20.7484
20.7735
21.4041
21.1973
21.7874
21.6621
21.1352
20.9493
21.5422
22.968
21.3328
22.0073
21.0872
20.9874
21.3958
20.7271
20.876
21.405
20.8871
20.8361
25.2225
21.8191
22.0452
21.4486
21.1838
22.1924
24.4237
21.3829
22.2073
21.8246
21.4178
21.7243
21.5695
21.8303
21.5981
21.3165
21.4479
21.9868
21.9117
21.8612
21.8417
21.5623
21.7509
21.8521
21.6609
21.9579
22.525
21.6511
21.3975
22.0949
21.3155
21.0725
21.673
21.2267
21.1845
22.0396
21.6785
21.0065
21.5128
21.0318
20.5389
21.4813
21.1328
20.7906
21.5527
20.6494
20.703
23.9389
20.8841
20.5764
21.238
21.1336
21.717
24.9806
20.3251
20.3699
20.7921
20.3358
20.4357
21.0693
20.8241
20.356
20.8438
20.3367
20.394
20.7134
20.876
20.1627
20.7813
20.6625
20.6287
20.4822
19.9988
20.0066
20.277
20.3897
20.6163
20.7741
20.1654
20.0332
19.9011
20.6474
19.95
19.8375
22.4049
20.1238
20.2521
20.5203
20.2503
20.0536
20.5578
20.1521
20.4691
21.3255
20.3517
20.6974
21.9355
22.8733
21.0125
21.0074
20.6859
20.4831
22.1126
23.5748
20.8462
21.2242
20.4336
20.6533
20.9077
20.514
20.9254
21.1167
20.2228
20.651
20.4422
20.4953
20.2346
20.7338
20.6756
20.4692
20.9969
20.5505
20.0277
20.1112
20.8253
20.3228
20.3427
21.6827
21.0846
20.7423
21.11
20.8163
21.271
21.5108
21.3058
21.1039
21.5134
21.5614
21.0169
21.6554
21.2013
20.8956
21.1833
21.2381
22.0271
24.2494
21.8823
21.2508
21.8282
21.3718
20.9528
24.7064
21.8552
21.8159
21.6684
21.2131
22.1924
21.2368
21.4855
22.1968
21.3388
21.9265
21.8847
21.2863
21.2726
21.7529
21.6738
21.146
21.1868
21.647
21.2727
21.4992
21.8383
21.233
21.3209
21.8608
21.475
21.5734
22.2025
24.0086
21.115
21.1192
21.4414
21.6857
21.1559
21.3911
21.8048
21.2231
21.7617
21.5255
21.122
21.2624
22.7819
23.1753
21.3681
22.1497
21.3034
20.9546
24.3144
21.8534
21.7941
22.4113
21.2511
21.2409
22.0224
21.8567
21.2889
22.5086
21.379
21.9193
21.5478
21.8095
22.2862
21.4182
21.3195
21.989
21.0976
20.9962
21.8031
21.0101
21.0546
21.3364
21.4596
21.0603
21.5573
21.6234
21.2697
21.5306
21.0928
21.6338
21.3398
20.7891
20.7138
21.2137
20.6565
20.7271
21.6861
20.6975
20.9383
22.7713
24.0394
21.3418
21.7209
21.321
21.1847
22.5091
24.2542
21.7887
21.8383
21.2636
21.35
21.5653
20.9854
20.6537
20.7151
20.6421
21.5977
20.9189
21.3249
20.8697
21.0228
21.2682
21.2421
21.0863
21.1682
20.5794
20.698
20.7978
20.3528
20.0316
20.3581
19.9995
22.0337
21.2455
19.906
20.3435
20.7904
20.4213
20.0522
20.7437
20.557
19.9592
20.4115
20.091
19.8942
19.9268
20.6796
19.9496
20.8776
22.9603
20.5468
19.6894
20.3648
19.8764
20.7878
22.9707
20.3214
20.3263
20.4056
19.6207
20.2052
20.6495
20.0895
19.9496
19.7243
19.5389
19.9199
20.1732
20.5102
19.6906
19.6047
20.0292
19.5414
19.8985
20.5262
19.6467
19.7211
20.2303
20.0444
19.6759
20.2185
19.6946
19.4691
19.8334
20.913
19.8403
19.7798
20.2078
20.4636
19.8236
20.3067
20.2503
19.6868
20.28
19.1567
19.072
19.2739
19.5573
19.2986
21.1438
21.9484
19.8719
19.5918
20.3473
19.5344
20.4696
22.6671
20.0519
20.2319
20.1738
19.5779
19.767
20.0822
19.9191
19.9355
20.8085
20.1156
20.2737
21.0849
20.1477
19.8776
19.8311
20.7044
20.2185
20.2799
21.0482
20.502
20.0401
20.5677
20.3282
20.2668
21.1247
22.5602
20.7953
21.5518
21.1723
20.5376
21.0559
20.5934
20.5487
21.0201
20.8719
20.9864
20.5457
20.0296
20.0237
20.5221
20.038
20.164
23.2335
20.7489
20.2063
20.3424
20.6641
20.1701
23.1596
21.3276
20.3764
20.5717
21.3681
20.5619
20.4548
21.0805
20.3925
20.2775
20.3674
20.8873
20.1556
19.8106
20.6492
23.9034
20.5887
20.5397
19.836
19.6258
20.5745
20.5967
19.4673
20.2253
19.684
19.9371
19.5207
19.487
19.5661
20.1971
19.9447
19.8972
20.0485
19.5482
19.7222
20.085
19.9868
19.9408
20.7502
19.4972
19.3898
19.2982
19.8309
19.305
20.0755
22.4106
19.2041
19.2398
19.9613
19.6391
19.6871
22.0198
19.4645
18.8294
19.8032
19.4119
18.8237
18.7808
19.1932
18.9601
18.6765
19.2163
18.6106
18.6338
20.2602
19.3683
18.6519
18.5972
19.0389
18.673
18.7425
19.5146
19.2909
18.9203
19.2932
19.3953
18.8863
21.6047
19.7649
18.9479
18.8781
19.3542
19.2111
19.1158
19.0514
18.6443
18.6733
18.501
19.334
19.0767
18.5869
19.494
19.0214
18.7899
19.302
18.8075
18.6986
18.7742
21.5271
20.6114
18.6312
19.1571
18.8216
18.4873
22.288
19.0795
18.7814
18.5506
18.5377
18.2342
18.2681
18.8081
18.2309
18.2399
18.1312
18.6689
18.6698
18.2869
18.4008
18.9351
18.7537
18.3096
18.7559
18.7994
18.4628
18.2375
18.7788
18.694
18.3869
18.9958
18.3487
18.452
18.748
19.6858
18.7763
18.657
19.0411
18.3533
18.4747
19.0829
19.0505
18.5131
18.5242
19.0268
18.7287
18.3155
18.7806
18.5964
18.6602
18.3009
19.3818
18.5119
19.1955
21.3505
18.415
18.4612
18.992
18.6894
20.3925
21.4052
18.5823
18.6327
18.5607
18.7464
18.5533
18.6822
19.1854
18.8132
18.377
18.2776
18.7841
18.4947
18.4905
19.4261
19.3393
19.0862
19.7387
19.0473
18.9208
18.6954
19.4764
19.044
18.5875
20.8537
19.0377
18.4986
19.0382
18.621
18.4321
18.6683
19.1907
19.5746
19.174
19.6074
19.0429
18.6999
18.5293
19.2881
18.6344
18.7218
19.3949
19.2302
18.925
19.3704
19.3666
19.17
22.1585
19.8805
19.4605
19.105
19.179
18.972
22.0016
19.5553
19.1018
19.5093
19.3178
19.5931
20.1708
20.1468
19.9424
19.6999
20.0799
19.7978
19.4866
20.2892
19.4704
19.4234
20.1239
19.7374
20.2771
19.8546
19.7516
19.2757
19.701
20.2795
19.6032
19.6121
20.179
19.74
19.7341
20.0499
20.061
19.635
19.7861
19.4047
19.8741
20.1301
19.8547
19.5832
20.4607
20.0653
20.4734
20.2216
19.9177
19.6972
20.4257
21.1937
22.3917
20.8378
19.7427
19.8253
19.7784
23.9826
20.0168
19.9014
20.3737
20.143
19.8328
20.5448
19.8142
19.5097
20.0702
19.2705
19.4483
19.8403
20.0104
19.6379
19.6898
19.7902
19.7584
19.5088
20.3431
20.1691
19.835
22.5111
20.5933
20.73
20.0244
20.1583
20.5469
20.0534
20.264
20.8619
19.8711
19.7756
19.7951
20.2906
19.5232
19.4558
19.8628
19.5316
20.1743
20.6075
19.5347
19.8121
19.8704
19.7659
21.6942
21.9755
20.9943
20.1281
21.5628
20.6712
22.3093
19.5978
19.6179
19.7554
20.3205
20.0192
19.7963
19.8867
19.6601
19.7211
20.2371
19.7216
19.7613
20.69
19.6254
19.7913
19.6087
20.5017
19.7243
19.3082
19.6644
19.6397
19.7847
20.6726
19.9267
19.9824
19.8954
19.4142
19.1316
19.4021
20.155
19.348
19.2329
19.6915
19.145
19.1621
19.7152
19.1356
19.2709
20.1016
19.4512
18.8147
18.4288
18.8515
18.3088
18.9645
22.0794
19.0785
18.7143
19.0049
19.1919
19.8204
21.4397
19.3045
18.7487
18.5678
19.3182
18.9198
18.5167
19.0909
19.1647
19.038
19.1355
19.7187
19.5893
18.7237
19.1997
18.8773
18.8772
19.2072
18.7288
18.7855
18.8925
20.9569
19.341
18.8878
19.8913
18.8908
18.4842
19.0292
18.4024
18.5423
18.3484
18.7113
18.3299
18.7986
18.7629
18.3752
18.2311
18.235
19.2543
19.0553
18.3228
19.0824
18.3226
18.6296
18.3717
18.7534
18.608
19.0471
21.1781
18.1498
18.1655
19.2246
18.3773
19.3369
20.8437
19.123
18.8526
18.6366
18.8777
18.5927
18.3861
18.3687
18.8179
19.0334
18.4582
18.9075
18.4121
18.668
18.9874
18.4401
18.8832
18.5614
19.1467
19.2538
18.6956
18.9217
18.5007
18.5868
18.6449
19.7716
19.4107
19.2845
19.3815
18.6518
18.801
18.9576
18.744
18.3846
18.2536
19.0312
18.9252
18.4563
18.6997
18.3821
18.0992
18.267
19.0347
18.6498
18.0693
18.5579
18.0769
18.1201
21.1317
18.7599
18.1479
17.9608
18.55
18.4741
20.9937
18.5283
17.9541
17.9651
18.237
18.1999
18.3182
17.6911
18.225
17.8827
18.0006
17.9203
18.2921
17.8909
17.8134
18.4984
18.4693
17.8788
17.9874
18.542
18.1644
20.1251
18.8524
18.6486
18.2637
18.2038
18.6402
18.162
18.0443
18.3706
18.2351
18.3169
18.253
18.6025
17.9604
18.0317
18.2988
17.9958
17.9602
17.9573
18.7782
18.2906
17.9146
18.4048
17.9925
17.8012
18.1161
18.3589
17.8085
19.0916
21.2068
18.1221
17.892
17.7464
18.4507
18.3814
20.8082
18.6296
18.0753
18.0588
18.3263
17.6091
17.5095
17.5071
17.9679
17.777
17.7602
18.2539
18.1984
17.3861
17.5558
17.9528
17.2956
17.5865
17.6629
17.1088
17.0911
17.3099
17.5052
17.566
17.3219
17.3882
17.8231
17.5716
17.7046
17.2655
17.1915
16.9879
17.655
17.5392
17.5266
17.8
17.5787
17.3844
17.1046
17.4344
17.5607
17.0764
16.895
17.6624
17.5884
17.3718
17.0412
17.6204
17.0375
17.0772
17.0617
19.045
19.5612
17.1512
17.3867
17.3338
17.2744
17.1537
18.1752
19.4251
17.2697
17.3925
18.3392
17.4383
17.4708
17.8381
17.2875
17.1618
17.1667
17.8889
16.9028
17.0659
17.4337
17.7914
17.6387
17.4483
17.8561
19.011
17.2097
17.571
17.5799
16.9852
16.793
17.0852
16.9298
17.0068
17.1714
17.467
16.7583
16.6658
16.6957
17.4156
16.8913
17.1262
17.1879
17.7075
17.2452
17.055
17.2501
16.8708
17.1009
16.9097
17.3837
17.4571
17.0495
17.1289
17.5592
17.0797
17.1473
17.2789
20.4907
17.7726
17.3749
18.0426
17.0226
17.2269
17.0402
20.1199
18.6898
17.2663
17.3971
17.728
16.7576
17.0595
17.3211
17.6212
17.185
16.8756
16.843
17.4331
17.2596
16.8995
17.3558
16.7752
16.6345
16.7155
17.2061
17.2843
16.7977
16.6561
17.0642
16.4326
16.3786
16.5227
16.9605
16.6578
16.5346
17.0535
17.1586
16.6782
16.5711
17.3585
16.5675
16.6866
17.1228
17.3008
16.499
16.6821
16.818
17.1141
16.5012
16.5771
16.4054
17.278
17.0605
16.6691
16.5104
16.565
16.4869
16.8558
20.4056
17.1917
16.8608
16.5097
16.282
16.4572
16.8775
18.062
18.7088
16.4345
17.0779
16.8969
16.334
16.6812
16.1963
16.0797
16.0357
17.0362
17.0585
16.3031
15.8965
16.571
15.8923
16.0667
15.8151
17.8719
16.0448
16.0586
16.2678
16.352
16.0422
16.0569
15.8522
16.4752
15.9284
16.3294
16.0439
16.5101
15.7564
15.6971
15.6601
16.3235
15.831
15.8535
15.9235
16.8957
15.8192
15.9966
15.7383
16.6744
15.9978
15.9944
16.2103
16.3869
15.8241
15.9737
15.8602
16.2558
15.6965
15.7929
15.723
16.0473
18.7175
17.749
16.3478
15.8134
15.6046
15.7611
16.3259
16.1368
18.9514
16.7894
15.7361
15.8308
15.6926
16.0922
15.3488
15.2928
15.4066
16.4608
15.8599
15.8051
15.9114
16.4148
15.7659
15.8089
16.0421
16.374
15.642
15.7062
15.6901
15.9071
15.847
16.0383
15.7844
15.8167
16.5548
15.9358
15.8691
16.2826
16.1441
16.1111
16.0395
16.8007
15.7938
15.8605
15.8607
16.4375
15.932
15.9795
15.9885
16.7189
16.2353
16.516
16.2255
16.6616
16.0312
15.9696
15.9612
16.2639
16.1895
16.0474
15.9445
15.9526
15.8598
16.3989
16.6772
18.4159
16.1015
16.532
16.1234
15.6017
15.4608
16.0608
17.8907
17.8635
15.7588
17.0357
15.2735
15.2884
15.6307
16.2097
15.9005
15.6634
15.8246
16.1977
15.839
16.5325
15.884
15.7013
18.1634
15.3072
15.9272
15.3142
15.6555
15.5442
15.8425
15.3863
15.3162
15.7255
15.993
15.5377
15.5142
15.7318
16.0756
15.9393
15.7198
16.1911
15.7979
15.9173
16.1477
16.7019
15.9688
16.066
15.9483
16.4382
16.1199
16.0284
16.0484
16.4169
16.0219
16.7747
16.5586
16.5559
15.9029
15.5316
15.8857
15.9735
16.1359
16.2433
18.7196
16.0591
16.2561
15.7929
15.6573
15.9132
16.4516
16.5441
19.5098
16.2762
16.6307
16.1724
16.1341
16.0456
16.5664
16.6247
16.2637
16.3485
17.0088
16.3701
16.2693
16.2094
16.6243
16.555
16.735
16.8526
16.6492
16.3346
16.2686
16.6267
16.4652
16.4074
16.7606
16.8966
16.205
16.2194
16.4458
16.8851
16.1194
16.4952
16.2573
16.3337
16.792
16.7971
16.5965
16.459
16.3137
16.8298
16.5712
16.8507
16.416
17.1236
17.1629
16.4606
16.8426
16.8683
16.6912
16.4178
16.8824
17.0082
16.4853
17.2904
20.0773
16.631
16.3879
16.5076
17.135
16.3717
16.5321
19.554
17.3123
16.4619
16.3623
16.9113
15.9355
16.1794
16.3417
16.5165
15.9856
16.0938
15.8559
16.3524
17.5709
16.4534
15.9323
16.3333
15.7064
15.9264
16.011
16.38
16.1891
16.2827
16.3561
17.2483
16.1927
16.061
16.0553
16.5979
15.9805
16.3053
16.2342
16.3177
15.7033
15.7763
15.5767
15.7154
15.0611
15.3641
15.2279
16.0727
15.7727
15.3143
15.3874
15.4221
15.1724
15.2298
15.2345
16.3294
15.223
15.2006
15.5362
16.1694
15.6694
15.389
16.2271
19.3518
16.255
16.3507
15.8539
16.3342
15.911
16.0391
16.6748
19.3491
16.3978
15.8987
16.2232
16.4163
15.7693
15.8777
15.8608
16.4143
15.9878
15.789
15.8987
16.1227
15.6467
15.3046
15.3503
15.8919
15.6045
15.6835
15.1893
16.3662
15.7322
15.5496
15.463
16.0556
15.6729
15.6565
15.8486
15.9739
15.735
16.0084
15.3736
15.2574
15.1431
15.6514
15.778
15.235
15.3746
15.6465
15.2197
15.2342
15.1958
15.1182
15.1666
15.081
15.5271
14.9816
15.2829
15.3614
15.2589
14.9665
15.6502
15.4126
15.0592
15.3054
15.8204
16.6235
18.9709
16.2352
16.6476
16.0592
16.274
16.7883
16.8314
18.515
16.6919
16.4749
15.7129
16.0109
16.1316
16.1469
15.6212
15.0957
15.0833
15.1401
15.5498
17.6853
14.9625
15.1866
16.0666
15.0907
15.3094
15.2433
16.1275
15.2948
15.6748
15.7559
16.3693
15.947
15.7305
15.3605
15.8195
15.0048
15.0553
15.1128
15.7184
15.526
15.1284
15.334
15.7604
15.2894
15.3089
15.427
16.2967
15.3228
15.3636
15.2555
16.08
15.1904
15.1589
15.2159
15.2926
15.4968
15.6474
15.4665
15.7992
15.5813
15.366
15.6282
16.4109
16.3582
15.6707
19.3513
16.8801
16.0362
15.797
16.2358
15.5658
15.5835
16.0067
19.7033
16.4445
15.5885
15.883
15.7635
15.7224
16.0548
15.9043
15.431
15.6777
16.5905
15.739
15.8749
15.6953
15.8762
15.6464
15.985
16.409
15.7486
15.3312
15.2744
15.3946
15.4053
15.6213
16.0443
16.1321
15.4065
15.1213
15.1306
15.3998
15.9994
15.3051
15.5908
15.3629
16.3011
15.4701
15.2969
15.3591
15.8967
15.3244
15.4986
15.849
16.0233
15.6962
15.5223
15.6155
15.8223
15.4675
15.5699
15.5529
15.9394
15.6526
14.9868
15.041
15.4786
15.0536
15.5503
18.1043
16.5327
15.3735
15.1549
15.1459
15.6426
15.3426
14.9804
15.4638
18.1447
15.5612
15.7716
15.1113
15.3779
15.2001
15.0787
15.4184
17.327
15.5691
15.2351
15.3973
15.1497
16.2122
15.2652
15.6171
15.5488
16.097
15.8523
16.2182
15.5489
16.4484
15.6576
15.7514
15.7317
16.1915
16.8547
16.0732
15.9577
16.3957
15.6359
15.6318
15.3293
16.148
15.406
15.6978
15.7278
16.1572
15.4925
15.61
15.686
16.0728
15.8956
15.8372
15.585
15.3898
15.4861
15.4612
15.4885
15.811
15.5485
15.5896
15.7611
16.7221
16.0537
16.7142
18.5127
16.4559
15.8121
16.3686
16.8475
16.7539
16.007
16.0914
19.9273
16.6459
16.2333
16.0922
16.4884
16.1194
16.4288
16.0704
16.6553
16.1021
16.0829
15.9866
16.4898
16.5429
15.9711
17.3754
16.7164
16.0989
16.0163
16.2353
16.8452
16.3661
16.2123
16.5401
16.3346
15.6988
15.7636
16.2198
16.609
16.2305
16.4226
16.0208
16.5554
16.047
16.0833
15.9905
16.2752
15.991
15.755
15.8504
16.7667
16.3608
15.7652
16.0215
16.2446
15.6879
15.9765
16.2126
15.7962
15.6992
15.9292
16.2741
15.9998
16.0631
19.6066
16.6423
16.1026
16.5535
16.56
16.4737
16.2934
16.1076
17.43
19.2093
16.6714
16.0666
16.5003
15.6887
17.6143
15.5819
16.1626
15.7796
15.4792
15.7603
16.4191
15.2713
15.2782
15.3686
15.9103
15.2187
15.3194
15.4773
15.7708
15.3963
15.6518
15.435
15.9231
15.1991
15.4858
15.6134
15.8792
15.7447
15.3392
15.325
15.9638
15.5118
15.3253
15.2395
16.0823
15.2712
15.3799
15.2279
15.729
15.6363
15.7145
15.6075
15.6322
15.8726
15.8792
15.5749
15.7589
16.3814
15.8296
15.8126
15.8961
17.0385
15.9236
16.1148
19.1923
16.1934
15.8216
15.5874
15.933
15.8488
15.7479
16.2833
16.5162
17.0366
19.0717
16.1189
16.3452
15.9451
16.1045
15.6646
16.096
15.7227
15.6411
15.7047
16.1767
15.7098
15.4281
15.7276
16.882
15.6757
15.6373
15.6635
16.0622
15.6418
15.7748
16.0453
16.0255
15.6269
15.1609
15.2091
15.4022
15.6299
15.5273
15.5977
16.0463
15.8762
15.607
15.655
15.8781
15.4281
15.5526
15.6926
15.8548
15.5745
15.8137
15.919
15.5518
15.422
15.5526
16.0543
15.5654
16.073
16.0889
16.0775
15.5619
15.6834
15.7358
16.5434
18.6827
17.2936
16.6442
16.075
15.8491
16.0098
15.7525
16.4281
16.0545
16.9165
19.0367
17
18.7997
16.2462
16.1722
16.4638
15.413
15.5912
15.9434
16.2075
15.7616
15.3884
15.2548
15.8453
15.6382
15.6198
15.7034
16.2538
16.1624
15.6031
15.6456
16.1732
15.7514
15.4133
15.4453
15.9796
15.246
15.755
15.5747
16.1786
15.6703
15.6774
15.5952
16.5643
15.7646
16.311
15.2744
16.0579
15.5069
16.3089
15.7698
16.3753
16.171
15.6665
15.6026
16.1918
15.834
15.5802
18.535
18.1688
15.6874
15.8827
16.4453
18.7783
16.8372
15.5892
15.4913
16.2372
15.6081
15.9984
15.7657
15.6785
15.5008
15.5069
18.6426
16.7882
16.2618
15.764
15.866
16.3986
15.4265
15.1703
15.1141
14.9523
15.5422
16.1578
15.8314
15.2185
15.6809
15.2583
15.192
15.0127
15.2686
15.4922
15.1402
15.5989
15.7469
15.7593
15.2354
15.1868
15.2621
16.0108
15.4251
16.0466
15.2474
15.3003
15.9381
15.2108
15.375
15.4951
15.5261
15.6127
15.7861
16.311
15.7246
15.7725
15.5056
15.9568
15.3905
15.3552
15.7412
15.5464
15.3505
15.7819
15.2796
15.1473
15.2937
15.74
17.3367
17.0502
15.5463
15.6812
15.2025
15.0666
15.3482
15.5506
15.3437
15.3986
15.1107
17.0334
17.6271
15.1226
14.9193
15.2775
15.1985
15.459
15.6998
16.3023
15.3094
15.2262
15.2649
15.5344
15.1067
15.337
15.6134
15.2893
14.9169
15.0486
15.2956
15.4928
15.9505
15.3956
15.2792
14.9583
15.6155
14.555
14.5585
14.801
15.0956
14.5358
14.6299
14.9617
15.2302
14.539
14.4841
14.6537
14.2633
15.1255
14.6829
14.7465
15.0381
16.3393
15.0905
14.9339
14.783
15.2256
14.453
14.8056
15.109
14.5942
14.8625
14.6094
14.4516
14.696
14.9056
15.8713
16.8425
14.528
15.3625
14.3836
14.238
14.3618
14.889
14.3156
14.295
14.7621
14.3685
14.9711
16.3503
15.9361
14.5039
14.8286
14.8802
14.4467
14.407
15.7756
14.9985
14.9063
14.6376
14.5814
14.4239
15.3682
15.1085
14.6014
14.2725
15.0145
14.7899
14.6458
14.3923
14.9438
14.4518
14.5407
14.5617
14.3796
14.918
14.6683
14.6373
14.4152
15.064
15.0374
14.4787
14.6342
14.6118
14.9924
14.5468
14.4024
14.5228
14.6003
15.2227
14.8536
14.641
14.6576
15.0834
14.7429
14.6297
14.5009
15.3572
14.4396
14.281
14.4161
14.747
14.9276
14.3736
14.4054
15.4037
17.6181
15.155
14.387
14.567
15.1028
14.644
14.6512
14.6633
14.7215
17.3015
14.3322
14.4045
16.6575
16.6037
14.3042
14.4294
14.6632
15.287
15.158
15.0073
14.8885
15.4732
15.178
14.6826
15.0064
15.8045
14.9278
14.8477
14.8721
14.9031
15.3322
14.9912
14.9507
15.1231
15.3117
15.5976
15.054
15.4258
15.5172
15.0858
14.9559
15.0151
15.2753
14.8653
14.9082
14.6526
15.4438
14.9197
14.8247
15.0269
15.287
14.9706
15.2819
14.9579
15.6551
15.05
15.2383
15.4131
15.9708
15.6589
15.3313
15.3593
15.6598
15.2004
15.2614
15.1408
15.3519
18.525
16.006
15.9122
15.7162
15.3536
15.0848
15.2127
15.0447
15.0902
15.9057
15.2839
15.1791
17.3035
16.4139
15.0604
14.8238
14.7729
15.2558
14.7502
15.273
14.8507
15.3805
14.8511
15.0755
15.1226
15.7395
15.9919
15.0648
14.885
15.3793
14.7696
14.8939
15.1137
15.2365
15.637
15.5343
15.7138
15.0967
15.3943
15.3567
15.2674
14.9499
15.2539
15.1452
14.8229
14.7359
15.4826
14.9231
14.9137
14.8916
15.0536
14.8754
15.1719
15.4863
15.1502
15.6939
15.1406
15.0336
15.3854
16.7178
16.2891
15.7783
15.5833
15.6096
15.3664
15.163
16.592
17.8109
15.4055
15.338
15.7592
15.8237
15.5479
17.5475
15.5218
15.9603
15.3708
15.3359
16.5969
17.9771
15.4274
15.4651
15.564
15.9067
15.3884
15.5877
15.5127
16.3046
15.4215
15.3561
15.098
15.7833
15.9061
15.9792
15.9402
15.5758
15.1637
15.1871
15.176
15.3215
15.3709
15.0271
15.1582
15.7917
15.7139
15.3895
15.2815
15.235
15.3111
16.115
15.236
15.8836
15.5524
16.0593
15.2982
15.2051
15.1093
15.7164
15.0016
15.1149
15.1152
16.0805
15.1254
15.2669
15.0543
15.3886
15.3401
15.4665
15.4064
15.475
14.7063
15.2987
18.2972
15.992
14.9503
14.8874
14.7654
14.8424
15.9666
14.9204
14.8496
14.913
15.4459
14.785
16.5014
18.0204
15.4628
14.9833
14.8298
14.8398
15.2645
14.7803
14.9033
14.8251
15.2838
15.4455
14.5115
14.8734
15.0616
15.2559
15.0843
15.3474
15.5934
16.1305
15.4691
15.6475
15.5924
15.8376
15.2498
15.1745
15.2756
16.0673
15.7722
15.1849
15.2178
15.584
15.2233
15.0435
15.3851
16.1148
15.225
15.2051
14.8943
15.7336
15.2053
15.2921
15.3029
15.1865
16.2115
15.9065
15.4126
14.8933
15.5361
14.9728
14.889
14.9765
16.1324
15.2548
16.5459
17.64
15.5969
14.8313
14.9276
16.7773
15.8116
15.2711
15.4564
15.0743
15.4495
14.7334
15.8435
18.2973
15.6869
15.3702
14.9014
14.9002
15.3705
14.925
14.993
14.8795
15.3365
14.8375
14.8921
15.1058
14.6209
15.3598
14.6753
14.6516
14.6419
15.3243
15.4699
15.0046
14.9138
15.2355
14.6161
14.825
14.6392
14.5015
15.3777
14.8384
15.1281
14.6189
15.1157
14.4564
14.5351
14.7016
15.344
15.1942
14.7245
14.6319
14.5058
15.1083
14.4178
14.6851
14.8804
15.2758
14.8372
15.1022
14.7205
15.3263
14.5829
14.4794
14.7197
15.2315
15.1452
14.9233
18.0674
15.9324
14.7189
14.5415
14.6576
14.5328
15.0498
14.7783
14.9285
14.5413
14.939
14.5359
15.083
17.4673
15.2643
15.0592
14.4473
14.2859
14.2729
14.8851
14.5577
14.753
14.2486
14.7273
14.2101
14.3791
14.186
14.641
14.1216
14.0703
14.1442
14.3686
14.9716
14.2523
14.2294
14.5758
14.4249
14.2749
14.1377
13.8102
14.5307
14.3045
14.7802
14.1061
14.4941
13.9712
13.8903
14.0393
14.0596
14.9503
14.2509
14.0967
14.2205
14.4537
14.1788
14.1633
14.6086
14.4995
14.2787
14.5111
14.0808
14.37
14.2879
14.3361
14.7116
14.2707
14.6095
13.9572
14.106
14.6401
16.6092
15.6325
14.5962
17.1332
14.3647
14.3886
14.8528
14.8793
14.1175
14.2919
14.3404
14.63
14.3275
14.4025
17.0933
15.5187
14.7692
14.0077
14.3106
14.0703
14.6859
14.2837
14.3819
14.6217
14.623
14.1152
14.2637
14.1222
14.2845
14.3006
14.6026
14.1062
14.3368
14.7486
14.4018
14.3865
14.1549
14.2076
14.0468
14.6835
15.4459
14.3581
14.2241
14.1569
14.5989
14.1697
13.9591
14.7442
14.237
14.8309
14.282
14.2334
14.1201
14.6513
14.5076
14.2181
14.3325
14.6844
14.7198
14.161
13.9809
14.1756
14.5881
14.2539
14.6767
14.1689
14.1962
14.7459
14.0916
14.358
14.0874
15.1873
16.8922
14.4811
15.4289
14.4338
14.1443
14.0018
14.1959
14.7175
14.2501
14.5452
14.0797
14.6707
14.9242
16.7848
14.4296
15.0114
14.1346
14.4185
14.2427
14.4385
14.8253
13.9706
14.0846
14.1057
14.4503
14.1767
14.5001
14.1011
13.8755
14.5874
14.0607
14.2853
14.0751
14.4484
14.0139
14.2436
14.5846
14.6062
14.1026
14.5245
14.7212
14.5262
14.8485
14.7234
14.2964
14.1455
14.7221
14.1026
14.198
13.9434
13.9323
14.5981
14.5245
14.5376
14.2487
14.7727
14.187
14.423
14.3998
15.0369
15.0389
14.3786
14.6243
14.4338
15.2749
14.3305
14.553
14.4758
15.0592
16.2369
16.0641
17.2898
15.1923
14.4908
14.5517
14.5208
14.8974
15.0869
14.3748
14.3246
14.3636
14.7262
14.2485
15.3372
17.2592
15.1539
14.5634
14.9253
14.4115
14.9033
14.3812
14.2201
14.1042
14.1589
15.2232
14.3765
14.3258
14.4454
14.8249
14.6653
14.5549
14.3562
15.1919
14.8147
15.0735
14.6257
14.6077
15.2011
14.6364
14.8184
14.6259
15.8511
15.0686
15.088
14.8712
15.3152
14.9124
14.7884
14.7275
15.2726
14.9818
15.0459
14.8169
14.7139
15.3372
14.8071
14.8144
14.825
15.8409
14.8427
14.9033
14.8564
15.4206
14.8936
14.9295
14.8322
15.2921
14.8353
15.2723
17.8222
16.0747
14.5737
14.6828
14.4278
14.7481
15.697
14.6627
14.6757
14.8141
15.1636
14.5554
14.5731
15.0365
18.0123
14.989
14.8789
14.627
14.3568
15.1186
14.4099
14.5171
14.4056
15.1803
14.3286
14.3788
14.5419
15.087
14.459
14.2766
14.178
13.99
14.9502
14.7095
14.293
14.3672
14.8655
14.3522
14.4537
14.2003
14.7782
14.959
14.2819
14.5393
14.7232
14.9188
14.3969
14.209
14.6076
14.935
14.808
14.4334
14.3674
14.1526
15.0227
14.0407
14.4381
14.5703
14.8373
14.4464
14.3658
14.2918
14.7025
14.1974
14.2658
15.2095
17.0464
15.3293
14.4393
16.4838
15.8941
14.9498
14.2934
14.3403
14.8004
15.026
14.3224
14.231
14.2401
14.0918
15.1176
14.474
15.2488
14.6159
17.3993
16.6073
14.5078
14.5648
15.0191
14.5109
14.5445
14.6128
14.7129
14.4825
14.4915
14.7408
14.4833
14.8804
14.319
14.196
14.3767
14.7711
14.4984
14.704
15.1468
14.5552
14.5391
14.4869
14.8528
15.0293
14.6084
14.6873
14.6726
15.0219
14.6766
15.121
14.6263
15.6108
15.3502
14.8127
14.6605
14.5028
14.5863
14.7653
14.722
15.7037
14.5131
14.5444
14.5496
15.1838
14.7322
14.5529
14.7657
15.0506
14.5954
14.8434
14.536
14.6964
17.0724
16.9746
14.8225
14.7622
15.7339
14.6265
14.8187
14.6121
15.3829
14.6742
14.7916
15.0039
15.2096
15.2049
15.3884
15.4156
17.5812
14.8371
14.5134
14.4672
14.5853
14.9725
14.4564
14.4241
14.6024
15.0108
14.5687
14.364
14.0933
14.7685
14.4317
14.7907
14.273
14.4976
14.8658
14.4487
14.2145
14.6078
15.5232
14.5855
14.6217
14.5926
15.0297
14.5725
14.2226
14.6542
14.5985
15.277
15.1496
14.82
14.5096
15.0741
14.4995
14.3992
14.6001
15.3811
14.5159
14.3669
14.3134
14.5161
14.9999
14.5218
14.5551
16.4931
15.1708
14.9588
14.4023
14.6688
15.0329
15.1717
17.5587
15.0464
15.697
14.5308
14.5892
14.7223
14.767
15.1349
14.7411
14.5838
14.3488
15.1131
14.7588
14.4853
15.1861
17.3589
15.0142
14.5811
14.5716
15.9027
14.5432
14.5402
14.3944
14.3068
14.1614
13.9219
14.1292
14.4665
14.2219
14.3139
14.1043
14.1925
14.5617
14.2193
14.0449
14.234
14.8869
14.1616
14.1156
13.8418
14.266
14.5887
14.0731
14.2227
14.2724
14.7735
14.5817
14.1251
14.099
13.9545
14.4645
14.357
14.5071
15.0646
14.7838
14.0305
14.1312
13.8433
14.5047
14.0883
14.0108
14.0872
14.1867
14.9652
13.8374
14.0255
14.0782
14.3134
13.9278
14.2606
16.4848
15.9735
14.6069
13.8813
13.9764
13.9894
14.5569
14.2442
14.1029
13.8682
14.491
14.5236
14.1651
14.2541
14.1531
15.3277
16.9956
15.0022
14.1129
15.0274
14.2894
14.205
14.3797
14.1308
14.6785
13.9127
14.2612
14.5341
14.4957
13.944
13.8537
13.8073
13.5891
14.5281
14.5572
13.9509
13.8958
14.2753
13.6578
13.9025
13.9542
13.9319
14.5088
13.9063
14.217
13.6995
14.3344
13.905
13.7944
14.0234
13.9416
14.625
13.8006
13.8996
13.9352
14.0151
14.7809
13.9308
13.9571
13.7672
14.4993
14.1951
15.281
14.3652
14.1105
13.5446
13.7623
13.7158
14.1471
14.2272
14.1408
14.2808
16.5874
14.9013
14.1188
13.8423
13.9373
14.0103
14.6042
13.9911
14.0163
13.9392
14.3243
13.8271
13.8824
14.1351
13.8936
13.8941
14.6956
16.8276
14.1045
14.5872
14.1019
14.177
13.9509
14.1766
14.5987
13.7947
13.8815
13.8584
14.3373
13.9673
14.4613
13.8008
13.9816
14.3068
14.0072
13.8656
13.8183
14.2198
14.0154
13.8172
14.1158
14.1221
14.5352
13.7328
13.8259
13.7193
13.8093
14.4855
13.8595
14.0879
13.7469
14.283
13.6419
13.7646
13.6738
13.774
14.5196
14.2139
13.7086
13.9417
14.529
13.8172
13.8755
13.8031
14.3789
14.2698
13.803
13.7601
13.7816
14.176
13.9927
13.7287
13.7788
16.7257
15.8793
14.1491
14.3385
13.7578
14.3693
13.53
13.8128
14.0848
13.5418
14.156
13.7293
13.7659
14.0077
14.3321
13.8171
14.0214
16.7139
14.9468
13.7739
13.9116
14.2177
14.2014
14.0872
14.0121
14.8288
13.6363
13.7401
13.8197
13.5913
14.2818
13.6299
13.5084
13.6226
13.8991
14.3704
13.8696
13.5092
13.6834
14.1339
13.6354
13.727
13.9018
13.3771
13.9848
13.5986
13.4719
13.3656
13.2602
13.3902
13.595
14.1447
14.0057
13.4456
13.3168
13.4315
14.1664
13.5452
13.6583
13.8086
15.1901
14.9059
13.8429
13.4404
13.714
14.0718
13.3753
13.6156
13.624
14.3768
13.6103
13.4166
13.3814
14.808
16.398
14.122
14.0767
13.7198
14.2709
13.5362
13.6723
13.6382
13.7274
14.1582
13.8147
13.6755
14.2842
13.627
14.2803
13.8156
14.738
16.3692
13.7813
14.9088
13.7744
13.6301
13.6686
13.4944
13.9376
14.0855
14.0067
13.8156
14.2578
13.8852
13.4228
13.5439
13.6036
14.0459
13.7897
13.7386
14.2978
13.8095
14.2285
13.6587
13.8986
13.9476
14.1483
13.6686
13.6329
13.5663
14.0122
14.1769
13.5814
13.7354
13.7011
14.1604
13.952
13.9346
13.5903
13.7024
14.4049
13.631
13.7389
13.6986
13.4571
14.1274
14.077
14.251
13.6923
14.0043
13.4046
13.5296
13.4022
13.5302
14.4768
13.6114
14.542
16.8537
14.6085
13.6605
13.5908
13.469
13.8702
14.21
14.0652
13.7337
13.6919
14.048
13.7205
13.5664
13.8393
14.3488
14.3709
14.8256
16.4625
14.0852
14.3204
13.8647
13.8573
13.7006
13.9673
14.7361
13.6542
13.7807
13.8803
14.4213
14.1359
13.8671
14.3542
13.5273
14.3426
13.8221
13.9553
13.5331
13.7291
13.6564
13.7359
14.3396
14.2296
14.0817
13.6174
13.3909
13.561
13.3842
14.2986
13.8645
13.63
13.6005
14.0298
13.5912
13.5012
13.4514
13.5473
14.1123
15.4652
14.1379
13.5787
13.3279
13.9477
13.5329
13.7053
13.5306
14.3229
13.7405
13.3597
13.7035
13.6157
13.8543
13.9059
13.5402
13.9557
16.8545
14.5547
13.5714
13.4309
13.5158
13.9097
13.7069
13.6829
14.006
14.1566
13.462
13.6351
13.8223
13.7508
13.6353
13.597
13.7972
16.5959
14.8074
13.8049
13.6519
13.6492
14.0351
13.5773
13.4335
14.0649
13.609
14.1376
13.485
13.9861
13.4303
14.7554
14.1694
14.1195
13.5334
13.6846
14.0176
14.0106
14.1098
13.6941
14.0463
13.8359
13.3072
13.5738
13.5513
14.087
13.5881
13.6651
14.0585
13.6673
14.1042
13.7133
13.5835
13.6917
14.3006
14.1602
13.714
13.7088
13.5793
13.9884
13.5839
13.6002
13.4624
13.6015
14.1184
13.778
13.5076
13.5863
14.1577
13.9308
13.4476
13.62
13.8982
14.7859
16.0919
13.7015
13.5203
13.8953
13.5758
13.3967
13.4764
13.6185
14.4894
13.4316
13.7311
13.6193
13.9819
13.4016
13.349
13.8705
13.466
14.9017
16.3413
13.9364
13.5184
13.3487
13.906
13.6804
13.6845
14.119
14.351
13.5635
13.6919
13.6135
13.6928
14.3703
14.3091
13.907
14.4301
14.3422
13.8796
13.602
13.5133
13.4138
14.1229
13.8606
14.0721
13.6522
13.495
14.0846
13.7246
13.6777
13.8391
14.3741
13.6731
13.4158
13.4336
13.5624
15.7046
13.7528
13.5851
13.4887
14.2542
14.1108
13.496
13.6043
13.5748
14.0333
13.647
13.7424
14.1526
13.5965
14.0915
13.4491
13.8073
13.8863
14.4637
14.2606
16.9249
14.5308
13.769
14.0665
13.5509
13.55
13.4356
13.439
13.652
13.7808
14.0147
13.61
13.451
13.3017
13.9867
13.5766
13.307
16.0263
15.2477
14.6541
13.5202
13.5576
13.4722
14.0517
13.5064
13.6097
13.8825
13.6648
14.1794
13.8614
13.5995
13.6448
13.3025
13.6436
13.9436
14.089
14.1365
14.0916
13.4059
13.5145
13.7049
13.7454
14.2237
14.0065
13.6563
13.7736
14.2025
13.7057
14.0552
13.6543
13.7884
14.256
14.0054
14.1989
13.7496
13.6681
14.0267
13.7718
13.6364
13.8379
14.4182
13.7802
13.4366
13.8785
13.9672
14.2403
13.7258
13.6523
13.8774
14.4336
14.3279
14.1223
14.231
16.1237
16.8827
14.0814
13.8413
14.4971
14.4519
14.1393
14.042
13.8051
13.7679
14.5043
14.1707
13.8346
14.0531
14.6025
13.7613
13.7285
16.608
14.8557
14.0489
13.8429
14.2422
13.5922
14.0694
13.5985
13.7843
13.5975
13.7471
14.1557
13.7145
13.7407
14.1044
14.1871
13.9011
13.5656
13.429
13.9553
14.5764
14.2919
13.8444
13.8427
14.0283
13.7977
13.9007
13.83
13.9021
14.2356
13.9008
14.0407
13.6804
13.5523
16.1228
13.8722
13.7171
13.6373
14.9175
13.9283
13.9845
13.8832
13.878
14.4407
13.9827
14.1763
14.3375
14.6043
14.3373
13.9054
13.7648
13.8278
14.6389
13.7367
13.9689
14.2743
15.1441
16.8413
14.0483
14.3553
14.5138
13.8632
13.7805
13.5722
13.562
14.68
13.7461
13.7186
13.6631
14.0331
13.2065
13.6266
13.7549
14.4382
16.2896
13.6727
13.4359
13.2611
13.3611
14.0423
13.4858
13.9763
13.8103
14.0923
13.5404
13.4342
13.4909
13.5107
14.0249
14.1214
13.6664
13.6381
13.3205
14.5308
13.4223
13.7017
13.8431
14.321
13.7844
14.0402
13.2816
13.6164
13.9948
13.5676
13.6877
13.6832
14.2765
13.8148
13.5985
13.6219
13.535
14.1204
13.6485
13.7889
13.5633
13.7931
14.592
13.6035
14.1711
13.786
14.2183
13.9085
13.6895
13.9632
13.6518
14.3164
13.7251
13.7251
13.7766
13.5003
16.7509
15.0248
14.2237
14.6868
14.7799
13.8772
13.9193
14.0939
14.4491
13.9246
14.1334
13.8216
13.6921
14.5031
13.6245
13.7907
14.2819
16.9985
14.2782
13.9875
14.041
13.6991
14.4572
14.2416
13.9066
13.8724
14.1265
14.1204
13.7166
13.857
13.8628
14.4773
14.0524
13.9528
13.8787
14.5235
13.8957
14.4233
13.97
14.1048
14.2101
14.176
14.1667
14.0346
14.5215
13.9433
14.0486
15.9123
13.6704
14.3793
13.7317
13.8096
13.7472
14.3546
13.9054
13.8549
13.8085
13.8599
14.3055
13.8497
13.6651
14.5027
13.6834
14.5629
13.6992
13.7274
13.4315
13.7516
13.9006
13.5896
13.6675
14.2171
15.0922
17.1609
13.9988
14.1109
14.3202
13.9652
14.4531
13.8772
13.6393
14.5486
14.3335
14.1413
14.3171
14.5302
14.0714
14.0119
14.5155
17.5272
15.0859
14.1114
14.3321
14.2877
15.2769
14.9576
14.54
14.5043
14.6294
14.17
14.1498
14.0652
14.1992
14.048
14.3389
14.5663
14.2412
14.634
14.1635
13.9668
13.9573
14.8891
14.6433
14.0741
14.1426
14.9159
15.1684
14.3168
14.4529
14.097
14.6139
14.1171
14.6174
13.9979
14.0652
14.4221
14.2112
14.0963
14.4395
14.8818
14.0997
14.0761
13.9546
14.0404
14.3975
14.0687
14.208
14.4441
14.6426
14.2397
14.1374
13.8741
14.2495
15.9181
15.657
14.0687
14.6447
13.9084
14.4348
13.9679
13.8935
13.8472
14.1407
14.3705
14.7033
14.2446
14.3803
14.5841
13.9526
13.9814
14.0729
16.9259
15.2376
14.5684
14.0658
14.0343
14.6267
14.075
14.3086
13.8604
14.4445
14.049
13.8918
14.5682
14.0366
13.9561
14.5485
14.094
13.9497
14.0461
14.4381
14.2356
13.9157
13.9836
14.0219
14.3554
13.9936
15.5661
14.5167
14.5215
14.7606
14.0858
14.361
14.1953
14.5612
14.1718
14.2744
14.5948
14.7296
14.4008
14.1696
14.1548
14.0606
14.821
14.0337
14.1495
14.3185
14.7688
14.2616
14.3175
14.2881
14.2666
14.4303
14.4595
14.6962
15.6683
16.5961
14.3829
14.2642
14.3438
14.4809
14.5165
14.2295
14.518
14.5711
15.1779
14.6608
14.5879
14.321
14.8755
14.444
15.5389
17.1064
15.2586
14.5837
14.5804
14.636
14.4819
14.0111
14.0446
14.2526
14.5434
14.6109
13.9393
13.6473
13.6895
14.4389
13.7708
14.1378
13.8449
13.4828
14.1007
13.7351
13.8136
13.5989
13.5687
13.9635
13.7931
14.0528
13.6901
14.1147
13.6995
13.3784
13.7118
14.0849
14.8122
13.6662
14.1188
13.7296
14.2374
13.6122
13.7436
13.6874
13.6336
14.0938
14.308
13.7945
13.7686
13.654
14.3274
13.5567
13.9239
14.4346
14.4973
13.9137
13.8512
13.6032
16.0862
15.7875
13.8512
13.8309
13.933
14.5498
13.6474
13.3721
13.5407
13.6294
14.3569
13.7901
14.2159
13.5244
14.4174
13.9623
13.7785
17.1483
14.9017
13.8233
13.7772
13.7585
14.1677
14.1418
13.8293
13.6124
13.5129
13.6371
14.273
14.0406
13.7221
13.6102
14.2211
13.7084
13.6142
13.5879
13.5903
14.1165
13.5651
14.0084
13.6438
13.4589
15.8507
13.7372
13.4447
13.7778
14.9139
13.5903
13.5606
13.426
13.436
14.1115
14.224
13.8157
13.7932
14.0851
13.8599
13.5805
13.5309
13.5779
14.2829
13.9991
13.9274
14.3223
14.1349
14.3071
14.1058
14.2028
14.1545
14.4211
14.1511
14.1171
14.5926
17.4753
14.6781
14.1428
14.0532
13.9864
14.7099
14.2241
14.5339
14.29
14.4145
14.4016
14.0674
14.0897
14.1416
14.7826
14.4937
15.6157
17.7813
14.9389
14.2202
14.2886
14.3552
14.8782
14.5878
14.7546
14.2705
14.1414
14.6232
14.1731
14.0445
14.1101
14.7719
14.2001
14.1849
14.5958
13.473
14.2591
13.6345
13.7695
13.7482
14.325
14.0082
13.6627
13.6254
13.667
14.1715
13.8184
13.5652
13.7398
14.1736
13.8709
13.971
14.1568
13.6877
14.5614
13.8627
13.7707
13.7613
14.1762
13.3844
13.8048
13.7136
13.9656
14.3858
13.7318
13.4978
13.8249
13.9164
14.8029
13.9278
13.8238
13.7565
14.8402
16.7654
14.1761
14.1664
13.7157
14.0408
13.9657
13.7762
13.7876
14.3221
13.9576
13.8218
13.8781
14.179
14.4566
13.7427
13.6864
14.6595
17.0961
14.4185
14.3177
13.6706
13.6479
14.793
14.3552
14.1102
14.1326
14.7566
13.9541
14.1873
14.8876
14.4696
13.7354
13.8233
13.6732
13.584
14.5518
14.1329
15.1181
14.5206
13.8775
13.9643
13.884
13.8439
13.858
14.3584
14.2271
14.5819
13.7337
13.7236
14.4686
13.7575
13.8521
13.7995
14.5785
14.0291
14.658
14.1486
13.8489
14.2886
14.0696
13.7221
14.0113
14.6001
14.0659
13.8021
13.5273
13.5039
13.7907
14.3965
13.8786
15.5692
15.6232
16.6888
14.2692
13.6521
13.7423
13.7636
14.2046
13.5686
13.5405
13.768
14.1357
13.6706
13.4721
13.5103
13.6826
13.5868
14.0058
14.233
16.9031
14.5089
13.9908
13.9423
13.7827
14.6558
14.1909
14.0148
14.179
14.2879
13.8355
13.619
13.8528
13.867
14.5072
14.5005
13.7861
13.7406
14.2783
13.8958
13.6211
13.9625
13.7579
14.2676
13.9157
14.2521
13.8493
13.6715
14.59
14.0334
13.8378
14.0731
14.8785
13.959
13.813
13.8002
13.6191
14.3835
13.7547
13.6062
14.1808
14.6742
14.0663
14.1686
13.83
13.7839
13.7487
13.6613
14.1049
14.1422
14.025
13.7168
13.6406
14.3421
13.5739
14.8069
17.3
14.549
14.0703
14.2222
13.8463
13.9697
13.5001
13.7811
14.1972
14.2438
14.9594
14.2553
14.0663
13.8308
14.5666
13.9745
17.0487
15.2364
14.0908
14.6167
14.4294
13.8727
14.2503
14.8816
14.3646
14.1874
14.3525
14.7823
14.4599
14.0124
14.4873
14.368
14.8187
14.3734
16.5628
14.4688
15.0433
14.8398
14.2815
14.4464
14.6508
14.4552
14.4576
14.7761
14.8586
14.8969
14.1646
14.3579
14.3472
14.6663
14.1412
14.4363
14.1763
13.9353
15.0401
14.3035
14.3519
14.1531
14.4864
14.3691
14.0741
14.7122
14.0588
14.7074
14.2176
14.284
14.2641
14.4246
14.1953
14.2593
14.8101
18.1443
14.9809
14.3038
14.0684
14.1125
14.4949
14.7853
14.574
14.3197
14.6699
14.0915
14.0321
13.9141
13.938
14.6577
14.1738
15.8102
16.8829
14.7095
14.079
14.0859
13.8116
14.6319
14.2259
14.827
14.2528
14.153
14.4336
13.8683
14.1638
13.9972
14.3467
13.827
13.7169
13.9694
13.7972
14.3605
13.9761
13.8046
13.6866
14.3304
13.8567
13.7436
13.6722
13.8514
14.0486
13.4609
13.539
13.5045
13.6509
13.8599
14.0292
13.5287
13.6041
14.3029
13.7782
13.6032
13.7661
13.9605
14.3214
13.9352
13.7708
13.9498
13.7937
14.1137
13.7756
13.8992
13.8316
14.6134
13.7528
13.5581
13.6043
15.972
15.5
13.8938
14.0939
14.0786
14.2495
13.7343
13.6592
13.6569
13.8882
14.2074
13.472
13.962
14.0517
14.2654
13.6652
13.774
16.5263
14.9803
14.3209
14.1479
13.6318
13.6792
14.0261
13.7008
13.4036
13.7703
14.1451
14.5103
13.9718
14.4255
13.7203
14.7711
14.9162
13.7409
13.969
13.9846
14.6728
13.7244
13.6371
13.973
14.0488
13.5696
13.6017
13.4404
13.6554
14.19
13.9575
13.7864
13.3201
13.6996
14.0221
13.8002
13.9875
14.2566
14.2048
13.5414
13.6747
13.6283
13.8247
13.7736
14.1168
13.6597
13.9254
14.003
13.9622
14.3662
13.8967
13.7624
13.7634
14.3264
14.097
13.5782
16.8961
15.2887
14.1184
14.1257
13.7102
13.6798
14.1629
13.7462
14.0558
13.8215
13.7283
14.1626
13.6919
13.5383
13.5877
14.5113
13.8459
16.3227
14.3334
13.5504
14.1856
13.3389
13.655
13.6783
14.1935
14.0972
13.4364
13.3662
13.8429
14.0787
13.7449
14.0274
14.2526
13.3551
14.1848
13.5302
13.6097
13.6559
14.1401
13.5074
13.4423
13.6506
13.9016
13.9953
13.241
13.4604
13.3526
13.1891
14.0528
13.4675
13.3574
13.4415
13.8601
13.5085
13.1988
13.1792
13.497
13.8944
13.4582
13.5167
13.0255
13.3186
13.8284
13.3078
13.3888
13.1807
13.6096
13.7562
13.4255
13.76
13.2184
14.2657
13.6019
13.2384
13.3001
14.9777
16.1183
13.4024
13.2681
13.1337
13.3169
13.0214
13.0637
13.7301
13.1867
13.471
13.1859
12.8569
13.1179
13.202
13.6376
13.0625
13.6692
16.5381
14.1534
13.3369
13.224
13.2556
13.2257
13.744
13.7395
13.1643
13.2774
13.0645
13.7756
14.5126
13.9145
13.0173
13.091
14.0592
13.8609
13.3673
13.4721
13.5528
13.008
13.2058
13.2549
13.5041
13.7993
13.0481
13.1357
13.2488
14.383
13.8693
13.1407
13.3565
13.3806
13.7455
14.859
13.628
13.5339
13.3875
13.9597
13.3946
13.7882
13.1536
13.5988
14.0408
13.6269
13.4383
13.1934
13.3923
13.9321
13.4508
14.0796
13.4557
13.6163
13.6903
13.7781
13.7874
14.5413
17.0655
13.6249
13.383
13.3773
13.2294
13.9393
13.2148
13.3233
13.3623
14.0541
13.8873
13.3594
13.1994
13.433
13.9599
13.5217
13.9324
16.6134
14.718
13.2713
13.4858
13.4342
13.4623
13.7332
13.1961
13.2312
13.4629
13.897
13.826
13.3382
13.2857
13.389
13.2142
14.0857
14.1245
13.6752
13.7717
14.1584
13.4079
13.4877
13.2807
13.3426
14.0039
13.7214
13.9477
13.6443
13.2019
13.801
13.5364
13.5905
13.7055
14.2315
13.6349
13.4904
13.6667
13.5844
14.1613
13.4959
13.4504
13.5949
13.7067
14.4545
13.5969
13.2722
13.526
13.989
13.7198
13.6889
14.1304
13.4511
14.2379
13.8671
13.7455
14.2628
16.7497
14.1802
13.3636
13.7212
13.8592
13.8625
13.451
13.3856
13.4911
13.4394
14.1792
13.8193
13.6282
13.38
14.1719
13.7531
13.6497
16.5227
14.6931
14.3317
13.7741
14.1523
13.9566
14.2663
13.8051
13.6639
13.5015
15.8973
14.8587
13.9202
14.0475
13.7111
14.2639
13.885
13.6725
13.6917
13.8386
15.9028
14.8127
14.0949
13.8621
13.6788
13.8225
13.8074
13.9098
14.1021
14.4665
14.182
13.8311
13.7341
14.2036
13.8602
13.6665
13.5588
13.8953
14.6456
13.8316
13.815
13.7618
14.0929
13.715
13.65
14.1369
13.7947
14.2027
13.5006
13.9645
13.6415
13.6272
14.0511
13.633
13.6645
14.1937
15.0074
16.687
14.1058
13.9615
14.4468
13.8417
14.3694
13.8349
13.9763
14.3897
13.8263
13.8265
13.5697
13.8053
14.375
14.1252
14.2322
14.9477
16.745
14.0224
14.2029
14.0561
14.7551
14.4451
13.7806
13.9736
13.6872
14.4436
13.9489
14.4224
14.2669
14.4164
13.9362
13.9915
13.7739
13.7885
14.3054
13.7756
14.0705
14.1629
15.0815
14.0199
13.8098
13.9403
14.0621
14.3101
13.5269
13.7177
13.6103
13.691
13.8793
14.1783
13.8188
13.7421
13.873
14.3289
13.8267
14.0061
13.7366
13.6984
14.0558
13.7636
13.6643
13.5679
13.5663
14.2576
14.2327
14.1081
13.7657
14.0653
13.6779
13.66
13.485
16.2235
15.6814
13.7931
13.5653
13.6808
14.2964
13.7566
13.6415
13.4255
13.3053
14.1549
14.4298
13.6792
13.389
13.806
13.3221
13.6466
15.6591
15.7256
14.1756
13.6055
13.4637
13.5239
13.9997
16.0913
13.5133
13.6132
13.6292
14.4617
13.8863
13.6855
13.7211
14.0496
13.5304
13.6258
14.0064
13.7881
14.5418
13.7933
13.5832
13.4604
13.7012
14.1106
14.2508
14.055
14.5748
13.6328
13.4888
13.6758
13.6911
14.2469
14.0198
14.1397
13.8204
14.4266
14.0084
13.8266
14.0045
13.913
14.3658
14.009
14.0391
14.4331
14.4814
14.1174
13.8974
14.2968
14.02
14.6551
14.2998
13.9959
13.9186
14.2587
17.0574
15.1595
13.8893
13.8654
13.8336
14.0179
15.3864
14.7978
14.43
14.4954
14.8285
14.3084
14.3405
14.7115
14.4828
14.8869
15.9638
16.9611
14.3803
14.8867
14.5558
14.4878
14.4872
15.3781
14.2577
14.4777
13.9953
14.2062
14.9617
14.5171
14.7198
14.1343
14.7472
14.0609
14.2663
14.2803
14.5396
14.125
14.0244
14.2527
14.5576
14.692
14.319
14.426
14.6149
14.7286
14.2987
14.7717
13.9328
14.0433
13.9043
13.8291
13.7446
13.691
14.0945
13.7055
13.7172
14.357
13.779
14.2528
13.6155
14.0249
13.6151
14.4297
14.1097
13.6213
13.4408
13.6282
14.4235
13.703
14.2118
14.0044
16.9733
14.5904
14.0454
13.715
13.6527
13.5748
14.1084
13.5506
13.9303
14.31
13.5095
14.0703
13.6573
13.3551
13.6506
14.1585
13.72
16.0863
14.6755
14.1502
15.5791
13.5391
13.5337
13.6472
13.9998
13.7296
13.7234
13.6411
13.8134
14.255
13.563
13.6702
13.3515
13.4648
13.5718
13.8407
13.9679
13.4031
13.8435
13.5701
13.4111
13.3749
13.5432
13.8351
13.5112
13.9691
13.7016
13.6061
13.3326
13.5474
13.9551
13.7268
13.5958
13.7376
13.1975
14.0172
13.4592
13.347
13.5231
13.7468
13.7826
13.8044
13.4238
13.3064
13.8282
13.2371
13.5582
13.2866
13.4348
13.9211
13.6943
13.3821
13.4473
13.1212
16.5553
14.7642
13.4562
13.6637
13.8477
13.2978
13.2917
13.2736
13.2437
13.7046
13.5653
13.5732
13.4795
14.1114
13.4062
13.3421
13.3706
14.3161
16.4262
13.6931
13.6178
13.3377
13.4009
13.8627
13.628
13.3445
13.3717
13.6748
13.4038
13.3201
13.5012
13.2398
13.7224
13.8064
13.3247
12.965
13.4512
14.3278
13.5077
13.363
13.19
13.7533
13.2763
13.4037
13.4835
13.427
13.777
13.8573
13.2899
13.6204
13.6606
13.9221
13.9901
13.6727
13.7148
13.4227
13.7798
13.3619
13.4467
13.5766
14.0039
13.445
13.1231
13.5196
13.6507
13.7789
13.4389
13.4569
13.029
13.4273
13.9484
13.8461
13.3324
13.2527
13.708
13.5433
16.2252
14.53
13.5145
14.0569
13.3506
13.9631
13.4614
13.2131
13.9104
13.2561
13.3381
13.4902
14.1644
13.7054
12.9692
13.6381
13.2889
15.5331
16.0453
13.5847
13.527
13.8214
13.6752
13.248
13.2038
13.2569
13.6202
13.4524
13.5091
13.7069
13.9108
13.8504
13.1009
13.4195
13.3243
13.2735
13.837
13.1338
13.3672
13.5123
13.7707
13.193
12.904
13.1244
13.2988
13.6818
13.6477
13.0285
13.1248
13.1477
13.7078
13.5454
12.9946
13.4522
13.2407
13.8454
13.5855
12.9753
13.5311
13.9843
13.2635
13.0189
13.1758
13.5102
13.7478
13.289
13.2583
12.8486
13.1566
13.7266
13.288
13.078
12.9912
13.5462
13.9587
14.3367
15.7247
13.4552
13.6211
13.38
13.4796
13.1503
13.3254
13.5812
13.272
13.7355
13.1883
13.2316
13.6695
13.2618
13.7399
13.4396
13.453
16.5388
14.4906
13.4649
13.5373
14.1594
13.2637
13.0986
13.0438
13.2017
13.8029
13.2856
13.3357
13.0408
13.2326
14.1247
13.3752
13.3944
13.3567
13.2945
13.448
13.2431
14.1876
13.3609
13.0623
13.1749
13.6829
13.2408
13.168
13.0912
13.2479
13.8854
13.7202
13.1352
13.0735
13.5063
13.8448
13.2425
13.6983
13.4674
13.9202
13.8886
13.4886
13.5212
13.1621
13.1991
13.1858
13.6837
13.3603
13.4678
13.2976
13.7715
13.2591
13.3191
13.1223
13.3477
14.345
13.383
13.3873
16.0368
14.8606
13.8701
13.3806
13.2889
13.2952
13.8311
13.4775
13.4464
13.3571
13.2457
13.8204
12.9766
13.3372
13.6595
15.6369
13.7468
14.5426
16.3363
13.5605
14.0441
13.5208
13.2705
13.3577
13.742
13.8948
13.7544
13.5424
13.3228
13.1737
13.621
13.9052
13.4726
13.2061
13.5327
13.2248
13.0188
13.2541
13.2084
13.369
13.8812
14.2503
13.3312
13.2524
13.242
13.8153
13.0854
13.4766
13.4777
13.1648
13.6395
13.1232
13.0978
13.1625
12.9039
13.5517
13.0557
13.8165
13.7647
14.1071
13.4563
13.0185
13.2167
13.2449
13.5212
13.7369
13.0199
13.2922
13.1551
13.6551
13.0942
12.9952
13.0165
13.3441
13.9087
14.6643
15.9678
13.1961
13.8269
13.5812
13.2477
13.529
13.7868
13.6449
13.27
13.3193
13.0878
13.1614
13.3543
13.4889
13.2021
13.6889
14.0456
16.0081
14.1796
13.4105
13.6169
14.2272
13.5121
13.7439
13.0813
13.2169
13.5931
13.2532
13.2258
13.1777
13.3881
13.4075
13.072
13.3045
13.188
13.0169
13.0292
13.5982
12.9718
13.1223
13.4778
13.5493
12.8654
12.8511
13.0381
13.1191
13.4576
13.0515
12.7424
13.1652
13.3451
13.6831
13.2408
12.8399
12.9581
13.2069
13.5825
13.2353
12.9853
13.0191
13.2925
13.7807
12.8679
13.2211
12.9828
12.8938
13.7525
13.3402
13.0275
12.9674
12.8294
13.5828
12.934
13.2062
13.4279
14.0532
15.7206
13.9942
12.8462
13.1003
13.5792
13.0761
12.91
13.1642
13.2591
13.5914
12.9799
12.8264
14.2146
14.5028
13.1768
13.777
12.9989
14.0133
16.2409
13.3205
13.2306
13.155
12.8193
13.6067
13.6839
13.7219
13.1458
13.9237
12.9974
13.2841
13.1031
13.0923
13.913
12.8528
12.8784
12.9459
13.03
13.3604
12.9842
12.9121
12.8851
12.9543
13.7805
12.9019
13.1107
12.9186
13.3611
13.5632
13.4692
13.7515
13.3559
13.2546
14.0888
13.6342
13.383
13.2342
13.7226
13.0675
13.2932
13.6771
13.4902
14.0031
13.7116
13.1895
13.6644
13.4642
14.571
13.4654
13.2807
13.4137
13.8666
13.3037
13.4459
13.1282
13.1832
13.5213
13.8986
16.2134
14.0035
12.9438
13.6305
13.0309
13.2384
13.2936
12.793
13.2471
13.2194
13.0964
13.3157
13.256
13.0682
13.0833
13.1541
14.44
16.4691
13.0707
13.0581
13.0088
13.115
13.6455
13.2588
13.0208
13.1315
13.2187
13.9244
13.0504
13.1327
13.0402
13.606
12.9216
13.3966
12.9865
13.1514
13.4506
12.9293
12.9146
13.0606
13.3
13.6116
12.8075
12.8954
13.1711
12.9662
13.4967
12.8827
13.2889
13.0913
13.5427
13.8128
12.9519
13.0883
12.9652
12.9818
13.6315
13.2966
13.1597
13.1682
12.8663
13.6826
13.0443
13.0551
12.932
13.6355
12.8507
13.8341
13.3653
13.1829
13.5335
13.0558
13.0535
13.3167
13.5627
13.9081
13.7185
16.4339
13.5222
13.2045
13.2747
13.1097
13.1267
13.2576
13.9556
13.2991
14.5313
13.398
12.8737
13.5541
13.3513
13.5767
12.985
15.2857
14.918
13.3016
13.3759
13.2992
13.5012
12.8484
13.3288
13.598
13.1129
13.1596
12.9974
13.4328
13.8883
13.505
13.5355
12.9553
13.5927
13.0456
13.3445
13.0624
13.0286
13.5472
13.1649
13.0373
13.362
13.125
13.6977
13.206
13.235
12.7889
13.4855
13.7972
13.1445
13.008
13.1122
13.0315
13.682
13.171
13.0702
12.8665
13.1914
13.3719
13.2817
13.5116
13.0315
13.0603
13.0001
13.1129
14.2883
12.97
13.2558
13.3174
13.7687
13.0224
13.0697
13.0389
13.0595
13.6854
13.5386
15.841
14.0296
13.1746
13.5777
12.9644
13.1204
13.2886
12.9907
13.5032
13.1031
12.8405
13.2916
12.9892
13.7957
13.1134
13.0823
14.4086
16.4124
13.699
13.5092
13.4004
13.5036
13.7286
14.0125
13.5973
13.4383
13.8218
13.1566
13.5883
13.8617
14.213
14.586
13.8743
13.6435
13.7387
13.5006
14.1226
13.4902
13.4944
13.4172
14.4817
13.532
13.4456
13.7455
13.3483
13.8876
13.5926
13.494
13.4664
13.5311
14.2022
13.2538
13.1414
13.1689
13.1409
13.1647
13.2584
13.4034
13.3017
13.6124
12.9749
13.1405
13.2197
13.16
13.9039
12.9482
13.5004
13.4741
13.361
13.6256
13.0969
13.4786
13.4757
13.1765
14.4294
13.0947
14.3714
16.1375
13.9376
13.1241
13.1225
12.9698
15.0977
13.9031
13.596
13.1252
13.1881
13.4263
13.1141
13.197
13.2207
13.6003
14.2574
16.2022
13.4514
13.1673
13.3621
13.664
12.9085
13.2531
13.1291
13.5549
12.976
12.9757
13.2031
13.6266
13.0517
13.1092
13.2354
13.1351
13.8857
13.4166
13.1778
12.8105
13.3367
13.7518
13.1026
13.0652
13.5353
13.1457
13.5695
13.0956
12.8291
13.0335
13.5989
13.3368
13.0234
13.036
13.017
13.6986
12.9535
12.927
12.8635
13.036
13.5581
13.5458
12.8693
12.7766
12.8599
13.1765
13.0181
13.1432
13.3796
13.0027
13.5207
12.9495
12.7107
12.9688
12.8213
13.7148
13.266
13.1388
13.9791
16.4732
13.7463
12.9512
12.9327
13.1843
13.8416
13.3991
13.0297
12.8285
12.7891
13.5371
12.8183
13.1701
12.7148
13.0544
13.5866
13.3855
13.8212
16.1504
13.9087
13.3152
12.9771
13.1012
13.4366
13.4001
13.0933
12.893
12.9924
13.0254
13.3857
12.9791
12.9653
12.8667
13.2118
13.4444
13.2026
13.2648
13.2272
12.7587
13.7144
13.3774
13.2893
12.9057
12.8425
13.3488
13.0673
12.9343
12.8957
12.7359
13.542
13.2608
13.1044
12.7227
13.4666
12.8466
12.9984
13.0674
13.2254
13.4505
13.1974
12.861
12.9751
12.8629
13.6169
13.0819
12.905
12.877
13.7042
13.5934
12.9871
13.0038
12.6818
12.9263
13.3642
13.4072
13.2612
12.7104
15.9258
14.8012
13.442
15.5742
13.0128
13.6272
12.9506
13.328
12.9544
12.943
13.3979
13.069
13.1518
12.9387
13.4612
13.37
13.2806
14.0414
16.3571
13.7794
13.1803
12.6908
12.9619
13.0029
13.4494
13.4784
12.7523
12.9416
13.1507
12.9056
13.4949
13.1038
12.9263
12.8917
13.0734
13.5208
13.017
12.8768
13.023
13.3067
13.3911
13.8668
13.3646
13.2521
13.0523
13.4055
13.0481
13.0389
13.4766
12.8623
13.6113
13.4018
13.0872
12.9766
13.4882
12.7152
13.0801
13.0031
14.0789
13.8014
13.1775
13.127
13.0261
13.1647
13.9006
13.1557
13.2308
12.892
13.0222
13.5418
13.0422
13.0406
13.0217
12.8813
13.7243
13.6051
13.1428
14.0685
16.3728
14.3427
13.9172
13.3547
13.7373
13.7384
13.2195
13.0177
13.0534
12.9911
13.1039
14.0841
13.2706
13.1119
13.6205
13.1008
13.5864
15.0335
15.1103
13.1679
13.6869
13.6086
13.0867
13.0172
12.9617
13.6481
13.1786
13.1448
13.0275
12.8574
13.5846
13.5124
13.1561
12.9754
13.1231
13.6889
13.33
13.1953
13.295
13.4862
13.2762
13.3733
13.4231
12.9491
13.7335
13.2075
12.9615
13.1855
13.2296
13.8659
13.0916
13.0471
12.8722
12.8891
13.8251
13.471
13.166
13.1262
12.7583
13.6094
13.0399
13.0388
13.0308
12.7835
13.6082
13.5225
13.018
13.1401
13.3496
12.9999
12.9889
13.3836
13.3092
13.7996
13.3844
13.5646
14.8083
15.7814
14.2535
13.3497
13.453
13.4654
14.2732
13.4303
12.7996
13.1634
13.0596
13.5776
13.3885
13.4392
13.0464
13.0591
13.5633
13.1826
13.776
16.1503
13.9354
13.1232
13.0031
13.397
12.8774
13.5553
12.9223
13.1483
12.8522
13.0015
13.8923
13.073
12.9059
12.8788
12.9137
13.7208
13.101
13.0621
12.8566
13.0987
13.9379
13.1129
13.4271
13.0001
13.6949
13.2555
13.1948
13.5358
12.9131
13.5864
13.2795
13.0542
13.045
13.0286
13.703
13.1202
13.0285
13.5509
12.9673
13.6777
13.0224
13.1285
12.9344
13.1493
13.8654
13.2697
13.1651
13.1909
12.8249
13.7007
13.2681
13.1312
13.206
13.7764
13.3879
13.0687
13.0881
13.9889
15.8168
13.3256
13.6116
15.3509
13.9738
13.8483
13.904
13.6828
13.5101
14.1107
13.3998
14.1962
13.5451
14.2715
13.4485
13.4146
13.7177
14.2245
16.1425
13.4552
13.6045
13.0671
13.2676
13.5791
12.9735
13.2487
13.0833
12.9549
13.7332
13.0038
13.4992
13.3181
13.29
13.089
12.8604
13.0245
13.1528
13.6993
12.8454
12.9372
13.2972
12.9087
13.652
12.7606
13.166
13.3207
13.2202
13.8376
13.0925
13.0742
12.9799
12.9772
13.5091
12.8555
13.5322
12.8526
13.1068
13.6722
12.8597
12.9728
13.105
12.887
13.4896
13.1332
13.7427
13.0651
13.0928
13.0675
13.0786
13.3989
13.2254
14.8146
14.2914
12.8841
13.1918
13.0562
14.6137
15.8424
13.2611
13.2384
13.7604
13.4003
13.1822
13.2302
13.3672
13.8743
13.3321
13.1621
13.423
12.9657
13.5772
13.1104
13.0467
12.7866
15.4672
15.4596
13.1777
13.2567
13.4721
13.5162
12.7073
13.1713
12.9957
13.0477
13.521
13.8594
13.0038
13.1358
13.0669
13.5179
13.1616
13.0981
12.9342
13.1222
13.5291
13.6167
13.1838
13.2629
12.9751
13.5311
13.1665
13.4372
13.6017
13.7089
13.2922
13.8838
13.715
13.5599
14.0146
13.6519
13.4019
13.5307
13.9354
14.0058
13.3664
13.27
13.5073
13.9429
13.5323
13.9818
13.6065
13.2721
13.5625
13.4068
12.9487
13.1491
13.0984
13.7532
13.1879
13.5223
13.0218
12.9006
14.6264
16.0239
13.2384
13.3527
13.9655
12.877
13.1925
13.0846
13.02
13.5789
13.0705
13.2796
13.2289
13.3507
14.3978
13.5521
13.8665
13.9932
14.1614
16.3311
15.0128
15.6884
20.0255
15.466
14.9857
16.2465
18.5139
16.7326
15.5847
14.5236
14.711
14.6545
13.9469
13.9804
14.4999
13.9701
13.9952
14.1052
15.2124
14.0093
14.0729
13.9785
14.42
14.4963
13.7174
14.2774
14.3665
14.4438
14.1409
13.9278
14.1363
13.2462
14.3847
13.5956
13.5534
13.9108
14.146
13.3363
13.8677
14.0465
13.9918
14.4018
14.0426
14.2763
15.3762
14.7362
13.6834
13.8755
14.1067
13.8983
14.946
15.203
16.73
13.6465
13.5064
13.5207
13.4449
13.2028
13.8678
13.8799
13.4791
13.6314
14.5378
13.4116
13.5015
13.4426
13.4474
13.8905
13.3897
14.6164
16.675
14.2456
13.6787
13.3734
13.3118
13.1725
13.7205
13.4202
13.2385
13.3038
12.9069
13.0879
13.0238
12.9948
13.0629
13.5192
13.5783
13.0465
13.0643
13.4369
12.9305
13.07
13.3202
13.1156
13.4225
13.252
13.4866
13.1088
13.2815
13.6105
13.2912
13.1541
13.1234
13.4289
13.6853
13.0331
13.1252
13.1588
13.0302
13.5629
13.2782
13.2871
13.2086
13.6636
13.1503
13.5671
13.2111
13.0582
13.399
13.0308
13.5255
13.1114
13.2812
13.6903
13.6135
13.2208
13.0568
15.3829
15.1621
13.5482
13.5549
13.1995
13.6326
13.0915
12.9951
12.94
13.1661
14.0055
13.2966
13.0879
12.806
13.0374
13.3765
13.0372
13.1415
12.8725
13.2561
15.7257
15.2495
13.596
13.4437
13.566
13.9435
14.289
14.1925
14.8723
14.3274
14.3116
13.8557
13.8661
14.0768
14.2994
14.0692
13.856
14.8425
13.9662
14.4617
14.3962
14.0384
14.3123
14.6914
14.992
13.9876
13.8179
14.2276
14.5508
14.3483
13.9705
14.0827
14.5109
14.194
13.7789
13.356
13.6422
14.2475
13.5769
14.252
14.2462
14.885
14.0527
13.9765
16.6076
13.6943
14.0349
13.4013
13.8563
14.0999
14.4647
14.729
13.766
16.7081
14.9364
14.1486
14.3521
13.5605
14.1601
13.1332
13.3592
13.2541
13.3105
14.1084
13.2172
13.2962
13.1836
13.2312
13.5844
13.7223
13.3401
13.5793
14.8095
16.8619
14.4993
14.1742
13.1521
13.3549
13.9164
13.4725
14.1347
13.9085
13.9837
14.0804
14.2418
14.4065
14.2755
14.3402
14.304
14.157
14.1338
14.0939
14.3867
14.3588
14.1396
14.3571
14.3102
14.4086
14.2143
14.2113
14.1647
14.6401
14.37
14.0745
14.0352
14.0132
13.9509
14.294
14.0309
14.4755
13.4029
14.1386
13.8804
13.4449
13.5134
13.8621
13.5556
13.5919
13.6054
14.6032
13.6903
13.8813
13.799
14.3271
14.5044
15.1239
17.4906
15.0253
14.2504
14.7733
14.1973
14.6456
15.0449
14.981
18.4443
16.7326
15.7934
14.9418
18.2017
17.7435
14.1772
14.4953
14.7341
15.9823
16.4303
14.5557
14.3546
14.2361
14.2958
14.3566
14.7783
15.1441
14.5261
14.8325
17.6412
17.8368
19.1165
17.6383
17.1551
16.2927
15.0974
16.1924
16.9383
18.3656
18.6265
16.4181
13.777
13.9193
13.9713
13.4507
14.0692
13.5221
13.9887
13.402
13.1402
13.6478
13.6851
14.3314
13.4966
13.4168
13.1894
13.5489
15.8753
13.4701
13.5421
13.4896
13.6572
13.775
13.3037
13.5585
13.7832
13.8858
13.4569
13.5467
14.4781
16.5915
14.1205
13.5429
13.0164
13.5821
14.0807
13.2293
13.4006
13.2192
13.6146
13.8765
13.3585
13.845
13.34
14.63
13.3963
13.5605
13.5086
13.7111
14.8493
16.0192
13.2967
13.4436
13.9985
13.3361
13.4824
13.5692
13.5331
14.1506
13.533
13.6408
13.4916
13.5525
14.3359
13.5107
13.7951
13.6048
13.2893
13.2989
13.4436
14.1033
13.6225
13.6038
13.5097
13.7579
13.4782
13.5077
13.4663
13.1222
13.8171
13.9661
13.4864
13.6812
13.007
13.8961
13.8513
13.4303
13.4832
13.4645
13.354
13.869
13.1567
13.2537
13.6803
12.9495
12.927
13.1762
13.3966
13.7758
13.5151
13.8226
13.5655
13.4681
14.1293
13.2627
14.243
16.6079
13.9163
13.824
13.1001
13.0112
12.948
13.0383
13.6539
13.5593
13.1296
12.8889
13.1396
13.5653
13.0973
12.8139
13.2289
13.7954
13.889
13.5351
13.8793
16.177
13.5294
13.1459
13.1313
13.3788
14.0919
13.0439
13.2423
13.3207
13.0873
13.6656
13.0585
13.269
13.0851
13.6733
13.3685
12.8851
13.0271
12.9568
13.4136
12.9298
13.0797
13.3853
13.0794
13.4589
12.9101
13.061
13.2342
13.0525
13.4898
12.9155
13.2392
13.3454
13.5083
14.0166
13.1889
13.2203
13.2309
13.8042
15.2864
13.0139
12.9585
13.1508
13.3918
13.0697
12.8488
13.1924
13.089
13.7478
13.635
13.0578
13.0109
12.9835
13.5314
13.1823
13.0273
13.7123
16.026
14.3482
13.2576
12.9836
12.9711
13.6179
13.0515
12.8824
13.2748
13.1993
13.5399
12.9232
13.1251
12.7082
13.4255
13.6798
13.8986
13.3645
13.3444
12.8162
15.8504
15.6263
13.2667
13.3143
13.6844
13.0662
13.6082
13.0685
13.2937
13.5368
13.0522
13.306
13.2213
13.4049
13.6947
12.9071
13.1491
13.2143
13.3177
13.3816
13.0028
13.0861
13.2177
13.8801
13.2086
12.8035
13.2908
13.0984
13.728
13.2196
13.3326
13.423
13.212
13.675
13.3735
13.1356
13.5452
13.3316
13.8892
13.2099
13.4705
13.2374
13.797
12.9833
13.1134
12.9228
13.3019
14.1029
13.0992
13.1776
13.1129
13.2029
13.612
13.1236
13.0527
12.904
13.2081
15.1901
15.9622
13.4074
13.195
13.5648
13.1311
13.1997
13.5562
13.219
13.3481
13.1724
13.1525
13.4431
13.1652
13.5274
13.2943
14.9403
15.378
14.1782
13.5917
16.0679
14.6794
13.4329
16.2639
13.9683
13.3794
13.7297
12.991
12.9378
12.9927
13.1742
13.7568
13.0493
13.3647
13.45
13.1038
13.083
12.939
13.1317
13.0608
13.1007
14.1404
13.1708
13.102
13.2192
13.57
13.0699
12.9465
13.4802
13.1182
13.738
13.4331
12.9414
13.2486
14.9249
14.0301
13.585
13.6936
13.9252
13.1838
13.8713
13.178
13.0933
13.389
13.1762
13.0625
13.1866
13.3932
14.0969
13.2133
13.1884
13.0288
13.1424
13.4426
13.2777
13.5217
13.7616
16.1091
14.1097
13.0236
13.1751
13.225
13.6986
13.2868
13.276
13.3928
13.1179
13.4812
13.0143
12.8133
13.0644
13.364
14.0688
13.5015
13.4614
14.1038
16.5017
13.9413
13.292
13.1553
12.9113
13.7318
13.4909
13.0519
12.9668
12.8071
13.6895
13.2263
13.1923
13.2939
12.8299
13.6123
13.3839
13.2255
13.0857
13.246
12.9926
13.0417
13.1835
13.2187
13.1182
13.5857
13.2225
13.3473
13.3297
13.3087
14.0917
13.0562
13.0342
12.8588
13.0502
13.1702
13.1054
13.7064
12.8422
13.447
13.8121
13.3659
13.5951
12.8662
13.0763
13.1405
13.2084
13.9385
13.1304
13.124
13.0564
13.0521
13.5444
13.019
13.128
13.0466
13.2038
13.9413
14.0749
16.2064
13.3589
13.6845
13.1419
13.4339
13.4238
13.2072
13.5257
13.0874
13.2195
12.8324
13.0253
13.7284
13.0973
13.1872
13.3699
13.2706
13.5447
15.026
15.7389
13.7609
13.7169
14.4404
13.3373
13.1635
13.1252
13.6457
13.1546
13.2501
13.2227
13.8266
13.2848
13.2704
13.2448
13.2093
13.682
13.1484
12.904
13.2392
13.5247
13.5421
13.4855
12.9695
13.2195
13.1968
13.6513
13.0454
13.1654
13.4222
15.117
13.5703
13.2699
12.9842
13.0547
13.5697
13.1013
13.4426
13.2154
13.4779
13.5674
13.3992
13.2367
13.0109
13.2531
13.3696
13.3686
14.1248
12.8411
13.129
13.1116
13.1086
13.4825
13.0513
13.4766
13.0693
13.019
14.4751
15.9272
13.1288
13.3335
13.5013
13.0112
12.9594
13.5983
13.1742
13.0289
13.6059
12.7162
13.1632
13.3715
13.5345
13.5673
12.8092
12.8469
12.974
14.0892
15.9079
13.1969
13.4142
13.5178
13.5227
13.1051
13.1164
13.3391
13.098
12.9511
13.0186
13.4323
13.3369
13.0349
12.9816
12.9253
12.787
13.4714
12.9499
12.9754
13.0733
13.2065
13.5478
13.0561
12.9579
12.8872
12.7465
13.523
13.51
12.9831
13.1882
13.8026
12.9397
13.1032
13.0431
12.7405
13.5195
13.0115
13.2743
13.2295
12.7239
13.5329
12.9587
13.0498
13.0846
13.554
13.567
13.1089
12.8638
12.6337
12.8014
13.3577
12.8529
12.8909
12.7544
13.2903
13.4793
12.9068
13.7514
15.6563
14.0595
13.0186
13.4698
12.9464
12.7221
13.5288
12.9
12.8137
13.0134
12.9365
13.5824
13.1177
13.1511
12.9234
12.7401
13.3358
13.5945
16.0171
13.946
13.3679
13.269
12.888
13.156
13.2203
13.2713
13.0957
13.0583
12.9471
12.9348
13.7715
12.8208
12.9045
13.0157
12.9801
13.2124
13.0507
13.172
13.2493
12.6746
13.4344
12.8421
13.0281
12.7505
12.8248
15.3414
13.1295
13.3083
12.9306
12.7607
13.2565
12.961
13.1674
13.054
13.0786
12.8458
12.8706
12.9829
13.3896
13.0805
12.7879
13.2722
12.9543
13.4299
13.4073
13.2567
13.0836
13.056
12.6849
12.9992
13.4922
13.2817
16.072
13.2355
12.9884
13.4917
12.9117
13.2329
15.6554
14.091
13.5129
13.4081
13.0414
12.8983
12.7621
13.4486
13.2195
13.0741
13.442
13.4295
12.8417
12.962
12.8599
12.7293
12.9882
13.6654
15.6286
14.2881
13.3822
12.8031
13.4551
12.9766
12.9345
12.9833
12.9654
14.1101
13.2337
13.0085
12.7245
12.8515
13.4469
13.0382
13.2065
12.7859
12.8814
13.8359
12.8919
12.8986
12.8276
13.0907
13.1399
13.0663
13.1495
12.9432
13.418
12.8166
12.8285
12.9626
13.2566
13.4328
12.9444
12.9956
13.045
12.9128
13.2693
13.134
12.6411
13.0734
13.0777
13.8867
12.9522
12.7212
13.0415
12.9739
13.6594
13.1901
13.0342
12.9921
13.0449
13.9264
14.1985
12.886
12.9863
12.924
13.4643
14.2405
16.3698
13.1364
13.6511
13.0467
12.785
12.9827
12.979
13.7594
12.9295
13.1425
13.0878
13.0225
13.4657
13.1391
13.0837
13.0609
13.3447
15.6996
15.2236
13.4285
14.8432
14.2856
12.9537
13.0377
12.91
12.9865
13.517
13.2905
13.505
13.2424
12.9628
13.6343
13.3303
13.2652
13.315
13.4332
12.697
13.0663
13.0281
12.9577
14.4458
14.0879
12.6623
13.0726
13.3231
13.4235
12.7892
13.0633
13.0638
13.0344
13.6535
13.1511
13.067
12.8389
13.1381
13.6659
13.1142
13.2018
13.3267
12.9999
13.6224
13.2336
13.0765
13.0746
13.0659
12.6719
13.532
13.1704
13.5405
13.7493
13.4683
13.0456
12.9798
12.9907
12.9811
13.2699
13.1842
15.8365
14.6933
13.0365
13.555
12.9414
13.0122
12.8999
12.9602
13.964
13.041
13.0846
13.0207
12.8543
12.8138
13.4805
12.9567
12.8783
13.6681
16.2895
13.7722
13.1666
13.0314
12.9255
13.5144
12.9732
13.2786
13.012
12.8908
13.3561
13.0398
12.7532
13.2827
13.3151
13.32
13.2438
13.6944
12.8724
12.9283
13.3562
13.2937
13.0535
13.0972
13.094
13.3555
12.9222
12.9455
13.0304
12.5963
13.4671
12.9865
13.0011
12.9297
13.6329
12.8092
12.9151
12.8706
12.999
13.1426
12.8507
13.339
12.895
12.7379
13.3314
12.8789
12.7788
12.7712
12.7016
13.2259
13.2792
13.1321
12.7831
13.1496
13.7151
13.1843
13.1125
12.6008
13.5088
14.0249
15.7314
13.1739
13.48
12.575
12.8917
12.8444
12.9705
13.2807
13.4053
12.9317
13.0734
12.7314
13.2852
12.8184
12.916
13.3685
12.8602
14.2205
15.6946
13.247
12.9162
12.6415
13.225
12.8073
13.1967
13.3678
12.8075
13.1837
13.2439
12.8465
12.8162
13.8184
13.1105
13.2935
13.1334
12.9874
13.1967
12.8734
14.4231
12.9667
13.0151
13.2723
13.2973
13.0947
12.7681
12.7518
13.2143
12.9458
13.0111
13.1962
12.5474
13.31
12.8605
12.7335
12.7615
12.6625
13.2819
12.7641
12.8752
12.9486
12.7164
13.3613
12.9044
12.7718
12.6671
12.8286
13.7474
12.776
12.6203
13.234
12.7446
13.422
12.9091
12.8572
13.0388
13.6522
13.1993
15.2178
14.7876
12.8729
13.4118
12.7527
12.9107
12.8498
12.8383
13.3252
12.8289
13.0057
12.5793
12.9029
13.4454
12.8025
12.7197
13.0697
12.6874
13.3763
13.8641
15.8944
12.9439
13.503
13.1439
12.7923
12.8066
12.8806
13.2222
12.8997
13.1279
13.0087
13.2382
13.8384
13.723
13.2225
12.9869
13.2334
13.6261
13.4201
13.4573
13.5465
12.9043
13.4978
12.8968
12.7123
12.6752
12.6639
13.4118
12.924
12.8487
13.2321
12.7349
13.291
12.8775
12.7067
12.8816
12.8572
13.7431
12.6816
12.8694
12.6958
13.2516
12.6626
12.7274
13.0121
13.1147
13.0469
13.0593
12.7948
12.8081
13.5141
13.4845
13.2834
12.918
13.1765
12.8378
13.1045
12.8279
13.7483
17.4365
14.9729
13.2176
13.1696
13.1776
13.5075
13.5513
13.0976
13.1704
13.1521
13.2569
13.6913
13.6047
13.1994
12.9801
13.2109
13.5912
13.2182
13.9652
16.3049
13.8816
13.4659
13.5523
13.6175
13.0116
13.1074
12.8978
12.6902
12.9166
13.1238
13.2565
12.9531
12.8049
12.7282
14.8315
13.1502
13.0803
12.9626
13.2465
13.1896
13.9898
13.0152
12.8039
12.9094
12.4802
13.3803
13.1849
13.0431
12.7914
13.0816
12.8701
12.879
12.7785
12.6724
13.2587
12.8535
13.1816
12.8705
12.6714
13.5161
12.7513
12.8747
13.1294
13.4159
13.4263
12.8557
12.6453
12.7955
12.8368
13.3356
12.8676
12.6227
12.8905
13.2147
13.1333
12.8513
12.5363
15.058
14.9879
13.7232
13.3199
12.8584
12.6769
12.7989
13.3015
12.8607
13.6266
14.8212
13.3385
12.8711
13.2218
12.8012
12.8262
13.4275
12.8703
12.7317
15.4407
14.58
13.5495
13.1427
12.8162
12.8183
12.6179
13.4279
12.7913
12.7975
12.744
13.1979
13.331
13.0417
12.6932
12.7453
12.6767
13.4966
13.2044
12.9704
12.9663
13.4264
12.9185
13.0892
12.8544
12.9666
12.8145
12.8474
12.9295
13.7749
12.8297
12.9852
12.7447
12.6809
13.4609
13.2693
12.8764
12.6473
12.7252
13.3853
12.7678
13.0944
12.8938
12.8308
13.5679
13.2992
12.8343
12.8357
12.7524
13.4398
12.7709
12.7726
13.2112
13.3819
12.6695
12.7699
12.8009
12.8573
13.453
15.7002
13.942
12.8412
13.3483
13.6194
13.0511
12.9342
12.5288
12.971
13.734
13.2972
12.6293
12.7854
13.0107
13.3706
12.7554
12.7894
12.784
12.7718
14.993
15.4172
13.2628
12.8046
13.2582
12.959
12.7189
12.7841
13.5706
13.4125
12.9742
12.7892
13.0846
14.8882
13.2727
13.2167
13.2441
13.3307
13.6967
13.3333
13.9812
13.2135
13.0477
13.1932
13.1034
14.3068
13.7368
13.2284
13.3823
13.6797
13.0351
13.2388
12.9551
13.2001
13.7817
13.648
13.2874
13.099
13.1414
13.7278
13.2484
13.3249
13.6862
13.0503
13.7465
13.2164
13.288
13.1399
13.024
13.1227
13.0429
13.6018
13.9481
13.0956
13.1455
13.1014
13.0034
13.5409
14.2378
16.3464
13.4164
13.7463
13.1273
12.978
13.1687
13.4041
14.1362
13.5656
13.7476
13.8265
13.766
13.788
13.0983
13.2264
13.153
13.2601
14.1577
14.9047
16.271
13.261
13.7781
13.1914
13.2714
13.1601
13.1697
13.3447
13.3451
13.1555
13.2054
13.2986
13.6739
13.2272
13.4014
13.5281
13.6452
13.0753
13.1715
13.3142
13.2174
13.3839
13.2108
12.9798
13.3407
13.7118
13.7356
12.9035
12.7219
12.7243
12.9671
13.3789
13.0669
12.8616
12.8867
12.7726
13.3439
12.6167
12.9069
12.7161
12.7232
13.1775
13.4205
12.876
12.8033
12.4444
13.5534
12.8619
12.9486
13.1201
12.6799
13.2581
12.7676
12.876
12.6219
12.5796
13.3824
14.5088
15.4224
13.4032
13.2313
12.7826
12.7747
12.9182
12.7068
13.6081
13.4562
13.1262
12.8219
12.5961
13.4384
12.9608
12.9097
12.7925
12.9748
13.5139
13.2329
13.4605
15.6676
14.1617
12.6794
13.0455
12.9321
13.2544
13.1567
12.7103
15.5401
12.8981
13.1659
13.4289
12.7232
12.8463
