6.9518e-310
6.9518e-310
2343.85
2283.39
2272.14
2135.19
2110.1
2048.49
1996.97
1990.38
1984
1966.34
1938.72
1893.06
1873.48
1869.16
1738.18
1737.29
1697.69
1689.51
1655.57
1645.83
1627.07
1618.87
1598.62
1599.33
1578.32
1562.54
1542.66
1526.29
1508.72
1487.51
1469.19
1457.63
1443.23
1429.35
1417.28
1402.65
1387.42
1371.09
1360.64
1341.81
1326.99
1316.68
1304.35
1288.76
1273.8
1258.34
1244.04
1236.23
1219.98
1199.65
1199.44
1181.27
1183.09
1174.39
1164.55
1158.65
1156.93
1144.01
1135.16
1127.19
1114.66
1102.48
1096.68
1092.44
1079.47
1075.74
1052.25
1048.48
1068.55
1058.8
1055.74
1050.91
1047.79
1040.06
1038.02
1030.51
1030.62
1022.34
1011.18
1004.55
999.624
990.471
989.417
989.697
984.233
975.233
970.512
962.722
964.758
948.279
947.666
939.955
941.02
936.075
928.116
923.061
865.514
855.184
837.759
843.748
832.892
843.645
833.457
834.235
823.285
829.108
811.207
832.825
823.702
823.981
805.482
821.734
825.103
819.763
816.199
818.236
818.187
820.319
816.993
820.515
814.737
816.635
808.137
804.879
805.326
799.716
798.899
796.06
794.201
795.741
767.348
782.899
792.376
784.146
785.064
783.375
779.392
778.524
775.862
771.506
772.998
769.4
748.433
768.424
763.452
762.695
758.446
749.668
756.291
755.79
754.703
753.726
753.537
748.216
749.063
748.052
747.107
742.097
744.683
737.109
736.721
739.324
730.338
730.409
727.212
722.346
722.055
718.906
714.5
720.332
714.595
692.399
708.77
709.836
704.95
704.7
703.233
707.099
700.879
696.291
694.243
675.931
684.595
682.776
687.568
680.725
676.591
673.447
671.353
673.003
665.38
662.318
664.297
662.348
660.375
651.015
653.68
647.706
635.494
646.206
674.812
647.269
643.863
640.035
637.49
637.815
637.492
633.927
632.111
625.85
624.715
623.884
622.286
612.766
609.833
601.229
600.727
600.819
599.4
598.489
656.231
594.481
591.438
590.897
586.39
571.9
582.604
581.659
582.798
582.825
584.922
585.003
582.011
576.57
573.891
579.84
573.011
572.681
571.306
567.625
568.353
565.087
566.71
555.807
562.306
565.694
562.039
563.149
558.833
560.024
556.19
555.026
557.123
554.859
554.765
555.052
559.655
534.261
546.391
550.155
552.153
551.309
551.691
552.588
551.548
549.847
550.378
551.358
549.456
546.623
545.756
548.683
543.846
579.235
622.37
543.414
542.991
541.692
542.026
538.751
524.902
528.988
544.919
536.468
537.844
536.045
537.853
533.852
525.626
532.737
529.782
528.234
533.111
527.276
527.161
526.406
525.217
524.168
519.36
517.563
509.758
515.362
506.824
519.371
519.454
523.391
519.365
517.711
517.284
518.171
520.08
515.551
515.201
515.665
516.301
513.378
513.123
506.536
494.152
497.609
504.021
508.297
509.849
506.751
506.854
507.15
506.377
502.645
502.429
503.286
504.762
508.139
505.271
502.628
501.758
502.55
502.028
500.841
503.969
499.139
489.497
500.322
502.918
500.999
502.568
500.147
496.98
494.638
498.836
494.145
489.625
493.722
492.577
490.982
491.642
491.586
491.187
490.964
492.573
488.941
489.349
489.869
488.437
488.12
480.325
472.627
483.537
487.512
490.886
490.886
490.328
486.198
488.567
489.955
486.015
487.287
483.225
475.235
485.504
484.783
484.738
487.701
486.265
486.053
487.133
489.011
489.466
489.253
488.689
487.987
489.097
484.935
488.36
480.988
484.902
486.019
483.11
478.935
483.822
480.151
477.118
477.074
476.591
470.88
459.844
461.524
471.274
476.592
472.717
469.738
460.309
468.356
460.372
471.423
457.354
456.696
467.31
475.873
452.008
469.615
463.941
459.081
451.64
449.929
461.301
470.051
465.619
465.625
465.758
464.679
471.976
460.859
464.127
463.451
463.145
461.864
459.947
462.489
457.64
458.913
458.263
453.314
453.822
457.812
455.282
454.804
453.631
449.984
444.998
448.681
439.804
447.907
430.935
441.807
435.787
444.29
446.19
441.647
436.161
435.645
432.28
430.454
428.944
423.694
425.807
425.072
423.395
423.189
422.761
422.422
422.194
397.69
399.633
390.116
397.889
391.907
395.947
390.444
395.546
391.246
386.796
389.825
394.486
388.657
397.807
388.938
392.174
387.057
388.515
389.862
390.314
389.798
388.441
387.654
390.426
385.161
387.478
387.062
388.687
383.036
390.05
387.892
387.515
381.697
384.899
385.439
383.571
382.255
385.111
384.42
384.939
384.659
387.183
384.464
386.806
388.716
379.451
388.467
384.455
384.08
388.548
384.813
388.733
389.164
388.566
419.896
396.159
387.603
384.932
386.517
388.291
388.521
387.903
388.069
387.418
384.973
382.744
377.379
384.07
384.154
381.425
387.519
383.442
383.233
382.367
380.689
384.718
379.242
382.324
383.01
385.052
377.513
381.661
387.802
389.582
387.276
386.853
388.275
383.617
386.27
384.06
385.399
382.654
382.388
382.798
380.027
380.534
383.146
382.101
379.78
381.74
381.079
379.259
380.69
379.368
380.967
379.025
379.289
384.614
380.669
378.39
379.667
372.351
379.48
368.091
366.516
376.91
378.514
377.119
381.118
377.788
376.922
375.031
372.45
413.414
362.767
366.85
372.529
374.363
373.743
372.972
373.359
373.872
371.979
371.86
374.152
374.18
371.063
367.601
371.669
367.052
368.852
371.454
373.058
361.267
373.903
373.56
369.32
371.75
369.043
369.572
379.338
369.001
372.055
367.783
370.472
372.029
370.675
368.275
370.791
368.315
370.236
370.732
372.959
367.246
368.726
364.8
364.661
362.541
362.818
360.292
360.065
364.989
361.038
359.747
360.082
359.513
360.339
360.438
360.626
360.84
361.862
360.991
357.372
361.248
356.893
359.276
356.183
354.513
353.155
354.376
352.214
349.798
350.383
349.602
350.44
354.429
353.287
352.531
353.701
354.165
356.365
354.705
355.611
353.204
354.577
352.678
354.871
354.414
356.005
353.561
354.787
353.053
355.425
353.661
355.187
351.277
355.268
355.989
352.781
353.51
354.609
354.045
353.711
357.501
355.308
356.978
356.514
349.668
351.505
354.978
353.349
354.013
351.995
354.065
357.094
339.025
335.618
347.924
347.113
348.941
351.724
347.139
346.678
348.302
347.633
348.634
352.829
347.426
350.834
349.214
350.291
344.493
351.051
347.569
339.919
347.464
347.573
348.982
351.29
348.655
351.193
349.096
347.067
352.154
349.874
347.704
347.483
345.715
345.295
347.573
346.889
346.215
346.292
345.431
347.202
348.075
345.432
346.759
347.178
346.275
347.269
350.763
346.803
347.965
347.453
347.815
349.479
341.423
348.146
340.079
335.818
331.703
337.09
339.894
345.784
348.221
345.727
347.271
351.381
347.984
348.035
347.567
344.764
347.244
347.973
349.657
345.852
344.533
341.471
341.453
346.948
342.258
344.54
343.472
344.829
342.526
344.922
343.578
342.517
339.765
338.759
339.471
337.215
336.908
336.915
333.347
336.776
336.781
337.823
335.316
335.993
335.126
335.285
331.9
336.394
333.776
333.461
332.452
331.666
331.24
335.623
331.513
334.186
334.406
328.734
331.582
329.767
331.088
331.822
329.414
330.107
330.857
329.203
327.565
328.394
324.958
327.232
320.368
318.986
326.852
326.385
332.336
325.199
328.458
330.224
325.509
329.326
327.846
328.543
327.144
328.768
328.058
327.478
327.343
325.857
326.06
327.439
324.373
322.713
323.463
322.332
320.52
320.585
321.401
323.33
323.888
319.383
322.046
323.45
323.64
323.275
321.977
321.839
328.672
321.792
325.097
321.035
323.337
322.366
320.557
323.819
322.523
322.943
322.867
322.081
317.352
317.372
316.332
320.982
305.83
306.901
313.382
306.975
305.958
312.297
319.717
319.579
316.413
316.057
319.713
322.836
319.8
321.098
322.467
324.241
315.696
320.219
327.663
323.32
325.493
325.55
322.014
321.907
325.716
319.649
320.746
318.071
319.219
318.515
319.477
317.833
315.944
317.397
316.5
317.089
316.713
317.711
315.556
316.765
314.648
317.794
316.096
318.445
315.537
315.394
316.596
316.679
318.538
318.482
317.163
317.821
315.511
316.792
315.827
316.541
318.348
315.372
319.076
315.385
314.522
312.825
314.212
313.147
313.486
313.532
311.08
312.39
313.348
310.041
309.707
314.192
308.668
309.887
310.657
312.352
310.524
310.522
309.911
309.827
310.473
310.826
311.367
309.989
309.358
310.464
360.886
336.661
310.887
311.825
314.142
310.078
309.536
309.963
308.974
308.495
307.796
310.469
307.158
305.63
306.475
307.797
306.923
302.135
300.889
300.362
295.466
297.941
295.426
295.922
296.841
297.348
297.441
298.884
300.057
296.72
299.87
300.488
299.076
299.493
300.246
301.757
298.573
300.295
298.926
300.865
299.187
302.676
300.032
299.224
298.823
297.24
297.148
294.915
296.824
294.482
294.12
293.565
291.954
293.447
291.992
294.94
291.154
291.984
290.5
290.94
290.449
289.84
294.608
289.648
290.406
289.146
291.321
287.28
289.178
288.654
286.727
286.902
287.798
286.887
287.042
288.252
291.709
287.313
287.833
288.54
287.394
285.793
286.985
288.55
287.728
286.531
284.438
285.734
285.846
286.873
290.894
287.969
288.242
285.371
287.005
285.279
285.946
284.903
285.209
286.525
285.278
285.224
284.781
286.023
286.583
282.531
282.281
284.484
274.823
281.774
283.006
283.51
281.87
280.403
282.47
278.832
275.199
270.152
278.908
276.43
276.537
277.399
274.794
275.423
275.862
274.275
277.646
274.649
276.281
272.923
274.39
272.677
272.369
273.331
271.914
271.944
271.375
271.071
268.9
272.772
271.797
272.247
272.422
275.619
273.508
272.985
273.205
276.488
276.927
276.384
274.95
276.245
272.81
272.533
274.452
278.539
275.598
276.867
276.353
276.444
276.521
277.089
280.731
276.268
276.718
279.437
278.414
277.888
278.427
278.705
280.554
278
278.826
284.297
274.928
274.314
274.949
275.421
273.63
272.58
271.191
270.858
271.699
270.207
274.982
269.232
267.827
270.391
267.661
267.628
268.291
266.831
268.594
269.018
266.063
266.737
266.252
267.267
268.089
267.2
275.355
267.219
299.715
299.109
285.615
279.3
278.522
260.833
260.595
274.221
277.356
274.455
262.258
264.276
267.934
266.014
265.788
265.016
265.191
270.786
271.078
272.726
265.493
261.553
274.351
279.394
269.562
264.618
272.414
267.607
277.934
260.264
265.258
260.717
266.757
266.912
267.794
265.388
264.952
263.385
262.05
262.213
262.547
259.827
256.125
253.554
251.647
258.103
261.378
261.403
261.317
259.3
261.48
259.856
262.091
254.744
252.439
252.835
253.46
258.779
253.723
257.137
251.871
251.147
252.684
255.947
251.641
253.544
265.72
263.821
262.312
261.039
260.676
259.924
260.475
263.188
260.743
260.819
263.158
262.145
263.633
262.591
261.335
265.329
261.328
260.374
261.842
261.246
259.582
260.792
260.352
261.897
261.095
259.722
259.89
258.6
258.182
258.401
261.047
259.324
260.157
258.723
258.503
257.883
256.162
256.923
262.665
266.862
266.925
270.381
270.853
267.629
256.373
258.548
262.046
255.045
256.966
257.413
253.801
254.63
257.03
256.476
256.579
253.307
252.946
251.419
247.392
251.062
253.462
249.157
246.037
243.822
246.909
249.74
252.782
252.373
255.318
260.119
270.385
269.049
264.434
267.672
256.085
263.313
264.441
264.802
266.172
258.934
258.798
261.134
258.381
250.004
250.385
251.135
249.393
250.755
262.495
251.253
254.287
248.501
250.125
265.584
257.822
247.073
247.35
247.509
248.276
245.497
246.379
249.055
262.302
263.028
257.612
244.779
246.194
259.968
277.799
248.875
247.735
256.881
259.186
253.406
250.956
242.196
242.969
244.864
244.053
241.08
243.75
242.465
242.395
242.638
245.338
244.852
242.525
243.543
242.076
240.218
235.237
233.459
234.172
236.457
243.251
240.274
235.683
234.857
235.234
233.355
236.769
240.77
242.28
240.758
241.017
242.451
245.419
242.964
242.353
243.656
244.66
241.565
241.855
243.779
240.904
254.504
253.783
248.289
254.309
252.688
251.572
249.537
247.832
250.986
239.721
236.221
236.678
253.915
249.892
245.084
249.961
243.659
241.012
242.121
240.65
240.09
236.979
241.159
253.033
247.333
237.14
238.556
237.182
239.496
238.158
236.78
239.504
241.275
241.977
239.425
237.097
236.583
244.765
245.931
247.538
249.912
247.06
228.386
228.174
233.752
237.435
235.805
236.247
236.713
235.23
234.516
237.16
236.43
234.948
234.357
228.034
234.56
230.398
232.044
229.67
231.148
236.099
236.663
233.826
240.88
248.237
239.675
237.445
227.206
226.377
227.576
248.316
245.081
239.314
234.494
232.531
232.237
235.98
245.65
228.854
222.038
221.847
223.157
242.106
243.869
240.021
231.831
229.529
232.321
234.14
238.442
234.138
232.055
236.776
231.637
242.996
235.58
243.344
234.829
243.502
243.724
238.949
242.671
243.553
237.327
232.742
227.934
241.761
232.057
243.309
228.433
234.165
243.196
241.438
228.32
230.838
235.85
232.058
231.214
229.922
228.672
230.711
233.397
236.411
235.772
229.972
238.82
236.608
239.498
231.696
228.632
230.68
229.491
238.848
232.302
233.702
239.64
231.038
233.64
227.498
227.217
238.446
236.937
225.001
223.657
223.009
224.11
234.321
225.943
230.656
224.939
234.657
227.412
230.001
233.601
230.923
237.01
242.566
238.182
230.945
226.916
225.279
219.35
224.558
225.327
225.558
230.753
221.079
229.768
224.628
226.422
232.129
238.557
231.56
239.994
233.759
226.45
228.396
226.808
241.186
229.103
226.812
224.536
221.62
228.785
223.123
222.212
236.258
234.953
224.711
222.208
227.257
236.102
231.8
222.367
220.871
219.09
216.943
222.351
221.822
225.481
238.118
225.518
232.374
235.315
217.214
225.764
233.207
223.245
215.385
217.947
221.198
222.208
222.394
225.285
220.313
233.609
226.171
224.384
220.071
214.779
224.168
226.46
231.575
227.033
228.524
233.914
235.01
231.578
223.952
232.172
227.82
231.732
229.272
235.822
229.446
231.278
223.935
223.5
224.222
224.718
223.817
224.219
224.589
224.432
226.607
223.626
226.184
237.855
237.226
233.963
224.464
225.045
232.714
228.97
236.184
236.095
229.433
235.194
233.385
225.437
222.322
231.725
234.879
234.233
227.251
234.609
225.016
234.093
234.166
228.257
218.995
220.233
217.837
219.753
219.473
219.294
219.045
219.225
218.206
218.15
223.166
219.758
221.384
218.584
220.063
213.693
214.37
219.393
221.116
215.227
216.56
216.718
216.529
215.448
208.857
206.642
208.134
214.861
216.623
217.033
213.913
214.011
215.812
229.517
226.241
226.303
230.771
228.234
226.286
227.545
233.901
234.324
224.232
223.002
234.419
217.099
225.164
220.47
230.31
217.107
226.988
220.527
220.65
213.57
210.949
213.85
212.987
212.874
219.567
220.524
218.747
219.833
218.154
217.864
217.601
223.72
219.452
220.103
218.975
222.674
222.113
220.018
221.55
219.641
215.012
216.205
215.995
219.059
219.29
220.302
217.594
217.723
217.362
221.122
219.606
219.85
220.149
218.935
218.932
215.682
217.339
217.243
219.514
218.892
217.661
216.819
218.678
216.008
217.277
217.302
217.247
220.505
215.163
216.531
229.954
229.998
215.672
223.688
217.839
216.694
214.588
230.482
222.79
217.423
212.981
214.456
213.357
223.452
225.063
225.978
225.235
214.114
215.462
223.785
214.673
220.986
213.734
219.174
219.546
215.506
211.004
219.235
220.553
220.01
222.512
217.429
217.056
223.921
222.584
211.153
220.126
214.626
216.52
218.055
218.758
222.046
215.217
221.517
220.194
220.707
216.313
221.131
218.977
207.542
207.79
207.324
206.229
209.488
206.785
207.57
208.175
207.964
208.74
208.03
207.953
207.51
208.864
207.135
207.696
207.283
205.794
207.267
220.194
221.301
212.739
218.222
222.004
211.317
216.342
209.383
213.256
206.708
214.654
209.57
208.278
209.223
207.289
206.117
212.653
207.204
217.964
213.001
216.866
208.205
210.26
211.921
206.553
208.413
210.512
208.053
206.712
207.968
208.636
208.408
207.918
210.414
208.983
220.306
222.622
223.027
212.939
219.033
215.69
217.498
216.145
221.347
212.276
217.545
210.917
216.016
215.464
212.095
217.49
219.992
217.216
218.715
214.393
217.644
209.672
206.838
207.578
208.267
207.373
213.635
213.862
214.556
215.468
209.359
211.295
218.165
215.465
217.417
220.815
221.923
212.067
219.211
221.203
210.605
218.006
212.726
213.688
208.471
207.311
206.67
207.933
221.659
237.705
208.55
211.223
207.595
207.91
211.179
208.152
206.579
210.222
206.709
205.417
206.721
204.916
206.867
205.872
207.425
206.252
206.816
206.619
206.448
206.34
206.146
206.226
207.431
218.088
219.678
216.992
215.445
221.88
220.73
220.735
208.257
214.598
222.692
220.338
218.573
220.085
212.988
207.865
207.778
207.148
208.327
209.088
210.914
209.981
209.661
211.459
209.109
203.05
204.785
206.854
205.818
208.235
212.473
209.988
210.29
208.953
209.564
208.626
207.54
201.282
202.397
204.657
202.316
219.161
218.568
220.971
216.969
212.265
209.989
213.147
211.177
214.141
218.66
214.68
221.274
218.521
213.212
214.376
219.222
208.587
210.147
210.707
206.359
202.609
202.202
210.24
206.434
209.896
206.555
204.048
210.34
203.818
210.531
210.554
208.92
211.663
213.75
217.311
209.987
222.808
213.096
220.678
222.449
223.479
219.316
223.272
220.667
206.32
210.081
221.839
212.167
222.629
221.488
215.792
222.512
213.293
214.403
224.086
217.301
214.982
217.902
210.013
210.938
219.567
223.937
211.021
224.07
213.697
215.818
216.226
208.058
211.135
222.434
220.615
223.94
223.11
224.883
217.584
215.794
219.877
212.375
219.004
216.403
221.918
213.134
218.309
216.898
218.453
209.949
221.784
214.498
220.286
216.016
208.59
207.203
209.838
202.377
209.549
210.067
219.599
218.092
209.162
217.545
216.605
206.976
213.332
207.831
214.913
218.64
215.431
206.463
215.552
201.376
212.825
215.341
199.717
203.158
205.583
204.978
214.777
211.688
215.085
217.326
218.306
221.417
218.149
217.386
218.832
209.106
217.82
217.388
217.342
218.84
205.75
212.623
208.87
214.849
216.873
206.682
203.203
200.569
209.375
213.775
213.254
215.905
218.189
213.533
206.053
209.122
218.262
219.338
216.717
210.723
207.562
205.405
200.79
208.381
213.633
210.174
204.25
208.56
214.35
215.298
215.148
216.581
214.51
211.736
210.368
201.742
201.806
201.786
208.923
208.113
202.867
201.048
200.803
200.419
201.913
202.187
204.112
201.511
211.592
211.512
204.685
203.137
209.378
206.868
205.407
212.768
211.048
207.139
205.585
201.376
214.98
202.758
202.255
202.516
207.019
213.395
207.022
214.123
212.184
209.12
200.477
205.225
202.421
209.627
204.403
199.345
203.642
208.635
211.222
207.442
205.93
203.62
201.217
203.479
201.277
200.682
200.148
202.987
201.776
202.527
202.28
208.821
210.777
201.156
203.833
201.057
207.911
216.447
205.017
203.238
213.047
209.798
203.044
210.209
213.058
204.467
205.327
209.469
207.14
212.058
205.004
199.259
203.672
201.43
201.5
200.621
202.5
206.412
203.611
201.071
204.641
204.039
204.226
201.413
245.407
232.023
210.254
200.971
210.644
207.525
206.516
206.768
201.797
208.647
206.293
213.473
206.933
214.589
207.11
206.919
209.715
205.337
216.525
213.388
210.2
204.856
206.007
210.531
207.558
205.892
200.531
204.221
202.232
210.172
211.307
211.482
203.492
210.932
209.007
206.389
225.222
206.639
198.41
210.15
204.015
214.172
205.866
201.016
211.921
206.822
209.652
208.303
202.914
197.614
206.324
207.213
197.649
207.284
205.745
190.424
196.296
193.191
191.529
202.502
203.85
198.416
190.065
186.578
198.532
196.322
206.647
196.195
204.831
203.079
193.696
198.688
196.645
206.777
198.203
201.886
199.927
198.136
205.71
203.215
191.05
200.323
198.864
192.86
189.26
201.414
196.829
192.019
196.873
199.638
192.498
193.781
189.141
188.485
187.857
193.649
200.933
196.951
194.432
200.79
198.037
191.072
201.568
190.363
197.628
189.174
196.096
192.618
194.867
198.74
191.864
201.649
191.944
192.921
193.623
193.415
193.333
193.605
192.91
197.444
187.066
196.717
186.561
184.648
202.015
205.252
197.016
192.974
190.019
199.886
199.746
200.575
194.592
194.904
198.956
192.168
189.875
188.099
187.432
187.763
186.946
185.678
185.976
179.567
178.056
175.238
176.881
176.08
182.298
182.28
185.18
183.791
182.633
183.754
183.721
180.506
181.56
189.825
175.512
184.217
181.7
181.413
185.853
184.927
186.801
175.274
171.84
177.327
174.984
178.755
175.105
178.193
176.876
176.485
175.902
174.045
176.153
175.333
172.446
177.668
173.917
179.002
174.796
176.28
176.988
176.309
176.305
178.095
176.855
178.618
175.165
175.837
177.255
175.888
176.998
178.334
175.237
177.176
179.393
179.332
178.344
176.222
176.681
176.772
173.996
178.956
174.492
176.467
174.735
177.156
180.498
178.465
171.395
177.969
178.849
179.152
178.827
177.811
176.783
179.631
177.277
179.358
197.801
199.454
191.734
180.449
187.253
187.855
184.905
181.664
185.161
177.004
174.545
187.535
186.88
186.332
190.022
182.511
180.008
174.232
183.585
186.458
187.994
183.432
185.174
170.618
176.42
176.179
176.589
180.841
186.47
178.56
182.913
180.23
177.841
177.107
171.063
172.929
176.721
177.97
175.379
171.195
170.602
170.439
173.333
176.56
179.283
176.729
170.974
176.136
177.914
176.507
170.987
171.93
174.858
177.291
178.995
177.308
184.335
187.729
186.309
182.87
177.58
178.128
178.494
182.063
189.33
185.584
187.177
189.681
182.114
181.037
177.054
180.807
185.085
180.919
179.831
179.651
179.009
179.218
181.553
178.446
179.777
177.246
178.883
176.921
179.317
179.119
179.887
177.568
178.698
179.023
178.392
177.996
177.324
178.066
177.293
176.99
178.42
176.536
177.664
176.295
177.877
180.138
177.667
177.452
177.789
178.556
176.798
177.711
180.756
185.481
188.33
188.01
184.732
184.851
187.865
185.095
179.69
179.274
187.578
187.765
186.183
180.875
178.859
180.669
177.022
184.681
187.315
185.874
181.741
178.875
185.471
181.731
174.375
184.444
185.886
178.736
184.61
171.917
180.99
180.449
178.641
178.23
182.887
176.925
177.201
177.248
183.021
176.666
183.408
184.702
176.59
181.557
178.925
175.458
178.729
170.586
177.454
181.422
178.633
175.127
174.915
175.555
173.863
175.066
174.426
174.092
171.938
173.49
176.937
173.38
173.507
175.253
176.418
176.147
174.79
175.651
176.45
174.358
175.588
177.909
176.215
175.238
175.25
176.355
175.004
175.98
174.106
175.734
176.279
175.645
174.518
175.761
175.063
173.265
173.533
173.544
173.339
173.876
173.917
172.953
173.548
173.364
173.979
173.448
172.45
175.122
172.128
171.746
172.811
172.172
172.64
172.379
171.928
167.713
174.184
171.495
171.34
171.478
172.063
171.018
170.065
171.178
170.683
170.198
170.921
172.094
174.363
171.709
172.063
171.019
171.5
171.182
170.88
171.577
171.829
171.605
172.333
174.652
170.945
172.435
171.408
172.323
171.461
172.104
170.808
170.734
171.457
169.553
170.821
172.692
170.174
169.852
169.972
170.704
172.34
170.654
170.413
171.12
170.164
171.019
171.342
171.514
170.865
169.501
170.007
170.359
170.124
169.56
170.914
166.581
164.363
164.865
163.814
167.677
164.912
165.7
169.049
170.703
170.775
170.144
169.686
170.358
168.558
168.726
169.68
170.337
169.086
169.441
167.994
170.273
168.894
168.337
169.263
168.495
169.949
164.073
163.482
169.22
169.163
168.292
168.574
169.522
169.414
168.036
167.989
169.67
169.427
168.547
169.161
169.697
168.02
168.114
168.051
167.44
168.007
167.322
166.775
167.009
166.762
165.857
166.072
167.29
175.647
175.037
176.362
177.03
173.576
173.145
164.919
168.988
165.846
161.105
165.38
163.889
166.326
168.301
168.229
165.723
161.537
161.995
161.08
161.451
172.432
168.446
172.062
176.038
175.989
174.725
171.669
174.318
171.557
161.974
162.31
165.613
166.751
167.561
170.585
166.31
166.797
167.946
166.516
168.04
166.887
168.202
167.633
167.342
165.416
165.89
168.907
163.355
164.355
163.73
166.982
164.782
165.716
164.544
166.626
163.537
165.662
169.42
178.495
178.014
175.557
176.472
173.43
168.682
174.175
175.69
168.904
166.884
165.081
166.945
169.59
167.176
164.287
162.692
163.602
164.999
166.031
164.644
163.834
164.431
161.679
159.38
158.916
163.535
168.256
164.278
168.853
168.726
166.078
166.667
165.926
165.88
165.405
165.444
166.542
168.779
166.006
167.261
165.95
168.139
166.797
169.049
165.736
167.093
165.762
175.047
177.802
175.571
171.587
173.97
168.101
177.128
172.175
178.155
176.558
169.798
178.744
178.422
180.232
174.622
173.664
166.066
166.865
166.619
166.367
169.97
171.292
167.009
165.977
167.629
164.409
168.941
165.443
166.545
168.447
176.589
171.875
165.576
164.309
164.587
163.328
164.773
173.315
165.915
172.237
175.173
168.489
164.181
162.233
166.36
168.228
163.174
169.549
165.861
165.861
170.713
167.571
158.655
166.136
162.193
163.878
161.155
160.623
160.83
160.33
161.626
164.113
159.571
159.877
162.321
167.988
161.931
169.894
168.587
169.769
162.782
158.384
155.067
156.823
159.334
154.76
154.357
153.529
167.745
166.187
169.814
162.384
164.733
160.313
160.612
170.185
163.054
168.374
164.49
161.585
162.472
160.261
161.634
161.776
160.685
161.896
159.781
158.857
162.084
159.829
161.689
160.261
167.3
168.763
165.157
171.015
165.528
155.635
159.356
162.768
158.228
156.431
159.976
161.07
164.693
162.769
155.619
165.957
166.173
160.275
165.86
155.889
160.89
167.416
158.025
163.13
168.344
164.403
166.289
165.716
163.128
165.375
165.989
168.316
162.693
170.597
167.299
166.164
163.073
162.319
165.323
166.911
160.271
158.057
161.714
160.882
158.956
155.812
160.079
157.665
163.301
154.918
161.139
164.547
164.441
165.426
160.744
164.785
163.744
158.146
159.695
164.891
161.291
161.329
163.02
161.226
156.951
157.727
153.224
159.139
150.166
155.938
158.132
157.962
153.483
154.571
155.594
153.981
155.219
161.358
162.811
163.105
164.649
159.463
155.627
156.479
157.155
153.728
160.479
159.484
156.571
152.901
160.221
152.917
152.685
153.852
154.29
153.644
153.924
155.466
153.607
152.888
154.456
154.506
155.636
155.529
155.135
148.691
148.518
149.722
154.834
154.225
153.307
155.57
152.172
152.495
157.332
152.963
153.355
155.204
153.386
156.536
153.89
153.146
155.861
155.489
152.739
153.679
162.935
163.036
156.796
152.917
153.013
153.235
153.446
153.981
152.327
151.845
154.848
152.62
151.71
152.802
152.584
152.682
158.421
162.768
163.353
159.166
155.517
153.666
152.741
155.575
152.908
153.965
153.527
157.294
163.097
162.765
154.484
154.561
160.789
154.911
153.429
155.242
162.179
158.299
160.435
161.489
155.387
154.39
154.738
156.552
154.892
153.384
152.913
153.911
153.599
156.507
154.208
154.189
154.087
154.545
153.557
153.816
153.392
152.753
153.826
155.179
152.869
153.688
153.907
153.343
152.514
153.066
152.794
152.715
152.083
151.37
152.211
151.065
152.822
151.029
152.213
153.113
152.006
150.748
151.78
150.554
151.416
151.478
151.635
152.224
153.16
150.653
151.994
151.267
153.242
151.143
152.652
151.264
152.904
151.611
151.21
150.6
151.784
151.019
151.407
150.268
149.962
152.604
148.427
149.646
151.036
149.773
150.116
150.38
148.888
149.908
148.933
149.857
149.536
150.281
150.264
151.139
149.953
150.156
150.609
148.932
149.52
149.309
149.401
148.232
149.747
149.987
149.091
149.651
150.543
148.966
148.347
149.337
149.109
149.828
153.412
158.004
159.629
157.538
157.79
157.188
156.033
158.05
149.696
145.062
148.192
147.627
148.378
147.47
148.003
148.283
147.448
147.909
148.088
146.844
146.936
149.243
146.845
147.525
146.991
146.677
146.368
146.178
145.473
146.091
145.074
145.258
145.265
143.129
143.8
145.067
144.043
143.75
144.939
144.465
145.241
145.306
145.23
145.412
146.566
146.773
145.044
145.178
145.847
148.11
146.275
146.708
145.551
147.583
145.72
145.257
144.841
145.407
145.412
143.997
144.984
144.146
145.054
143.748
143.613
145.354
143.489
143.022
143.93
143
143.719
143.08
144.241
144.135
139.328
139.918
140.772
144.393
144.371
144.526
144.606
145.822
144.487
144.308
144.356
144.976
144.803
140.28
138.861
143.079
148.39
144.703
143.93
143.687
143.968
144.094
144.281
143.195
142.897
138.006
139.283
136.242
140.818
143.935
143.51
144.487
143.431
142.533
142.664
142.265
143.331
142.679
142.512
142.688
143.505
142.648
142.612
142.631
143.105
144.798
143.363
143.206
142.514
142.133
143.296
142.985
142.05
139.847
142.66
141.242
142.06
142.84
142.329
147.47
143.654
144.336
141.532
140.911
143.21
140.988
138.779
139.671
140.219
139.221
141.566
143.314
143.026
146.441
139.662
141.196
139.554
141.058
144.728
143.035
143.125
143.112
143.708
140.938
136.98
139.058
139.7
147.371
144.523
145.106
146.323
145.266
146.484
145.202
145.086
145.663
145.203
145.93
146.175
145.852
146.606
149.169
147.025
143.638
140.565
141.188
141.355
141.681
141.925
143.375
141.947
141.129
141.02
141.519
141.483
143.517
141.024
141.095
140.179
140.891
141.045
139.481
140.816
145.661
145.321
147.07
146.947
146.986
145.671
147.726
145.717
145.876
146.493
146.417
146.174
144.789
146.477
145.815
145.197
145.336
145.095
145.217
144.32
145.377
139.198
139.948
143.161
144.657
145.561
145.434
146.218
146.535
145.51
145.391
145.656
145.037
145.264
148.703
146.171
146.415
146.337
145.446
146.479
146.635
146.642
146.504
144.688
146.008
145.17
144.105
144.326
146.663
145.18
144.065
145.261
146.963
143.319
139.137
140.524
145.124
144.83
145.017
144.245
144.933
144.114
145.872
145.133
143.66
143.947
145.084
142.299
145.882
144.458
142.451
141.563
141.29
142.793
141.836
142.161
143.609
142.379
141.615
141.62
141.893
142.539
142.44
142.653
141.434
142.607
141.719
142.404
141.268
140.873
144.023
141.093
141.538
140.533
140.376
140.475
139.351
141.066
135.341
135.943
139.224
139.402
139.631
140.392
144.421
139.957
139.509
137.66
135.892
136.015
135.337
139.224
140.188
140.783
139.645
140.24
140.393
139.833
140.774
141.805
140.757
140.789
140.136
141.467
141.612
142.798
139.916
141.036
140.524
140.361
140.174
139.351
140.192
142.054
139.249
138.859
139.829
139.843
139.779
140.091
139.39
139.39
138.897
139.952
139.435
138.484
138.299
140.333
138.155
137.861
137.207
137.373
138.087
137.23
136.766
137.665
137.823
137.281
137.891
137.709
137.075
137.522
139.327
137.726
139.411
138.575
139.399
139.588
139.048
140.226
140.946
139.469
139.507
139.039
139.341
142.466
140.93
138.806
139.881
139.672
139.368
137.844
139.344
139.816
138.968
138.355
138.202
138.143
139.19
138.941
138.943
136.536
138.198
138.975
139.919
139.783
137.274
135.959
139.09
139.113
139.675
138.763
138.205
139.529
140.92
139.431
134.949
134.61
134.054
134.428
138.555
137.82
138.625
138.906
138.733
138.795
140.013
138.56
138.872
139.115
142.426
141.244
139.905
139.116
139.669
139.298
137.875
138.591
137.589
137.568
137.599
137.483
139.364
138.94
138.19
139.672
138.1
138.952
139.263
136.902
137.239
136.74
137.219
135.501
136.806
135.776
135.885
135.481
134.759
137.503
136.172
136.647
135.011
135.765
134.577
138.681
135.227
135.225
135.418
134.875
134.957
134.608
134.519
136.235
136.1
133.564
132.687
135.049
131.462
130.202
132.716
134.226
134.647
134.946
134.323
135.178
134.992
134.873
134.753
137.137
133.349
134.709
133.671
133.36
133.172
133.783
134.04
133.631
132.467
129.319
132.759
133.509
132.928
132.999
135.776
132.942
134.285
132.806
132.139
132.537
133.134
132.683
132.567
132.086
132.697
133.175
132.442
134.186
133.355
135.448
134.191
133.419
133.362
133.599
133.74
133.51
134.376
134.765
135.176
134.866
134.321
134.21
134.458
134.155
136.511
133.785
133.513
134.232
134.003
135.115
135.252
133.537
133.821
133.995
134.103
133.513
133.797
134.352
134.737
137.566
134.892
135.129
134.949
135.756
135.241
138.984
135.483
133.234
130.801
130.967
130.336
129.219
130.4
134.756
137.496
134.423
134.798
134.948
131.568
130.239
131.151
134.227
133.162
134.273
133.753
133.662
136.753
134.332
134.765
137.14
134.829
134.604
134.776
135.211
134.65
135.289
136.451
134.361
134.32
134.218
134.057
133.125
133.939
136.549
135.107
132.907
132.886
133.71
133.048
132.488
133.476
134.269
133.92
133.442
133.443
137.357
132.65
133.039
133.262
135.123
133.333
133.641
134.525
133.723
134.036
133.595
133.859
133.43
133.702
134.067
134.497
134.712
133.601
134.261
136.719
134.745
134.131
134.872
134.403
134.424
134.862
135.488
135.249
135.599
134.947
134.422
134.158
134.92
134.51
136.319
133.832
133.425
134.144
132.789
133.472
133.901
133.02
133.602
133.576
133.392
133.105
132.817
132.457
133.514
135
133.869
132.596
133.124
132.881
133.585
135.281
134.071
133.663
133.911
133.157
133.255
133.258
135.21
133.426
134.902
135.401
129.375
130.025
139.561
141.105
140.562
139.256
142.952
141.363
141.714
141.27
142.404
141.051
137.174
134.876
136.123
132.484
136.412
133.321
132.918
133.323
131.249
131.594
133.24
131.012
130.565
130.47
127.657
128.679
133.037
131.658
130.564
129.362
130.537
129.814
130.468
130.317
129.407
130.088
129.999
129.999
129.568
130.566
127.858
126.693
129.221
127.233
127.281
127.019
129.186
127.237
126.604
127.047
127.045
128.806
131.437
132.105
127.166
127.092
129.972
132.707
130.769
133.452
131.34
131.051
130.595
132.433
129.752
130.284
130.603
130.284
129.505
128.878
130.126
129.971
129.043
132.333
129.844
129.708
130.274
129.892
129.911
129.79
130.498
130.557
129.939
130.75
129.85
130.253
130.91
130.647
132.539
130.495
131.009
130.324
133.047
130.432
131.456
131.372
130.561
130.811
130.566
130.224
130.599
131.196
131.324
131.819
133.207
131.214
130.364
133.351
130.435
133.074
130.962
131.728
131.292
131.967
131.265
131.835
131.694
131.185
131.346
132.942
131.727
132.009
131.927
131.551
132.987
131.725
131.8
131.722
132.025
132.969
131.651
131.88
133.087
131.079
132.174
127.801
127.331
128.037
130.151
132.949
133.579
127.047
129.199
131.339
131.516
132.018
130.965
131.922
131.752
133.052
131.011
131.252
130.314
130.833
130.661
131.262
130.125
129.663
130.802
130.757
130.81
132.004
130.226
130.416
131.318
132.459
132.619
129.94
130.662
129.663
130.229
129.729
129.719
128.653
128.543
128.929
129.65
129.865
129.077
129.139
130.74
129.904
128.404
128.628
129.428
129.436
129.388
128.792
129.126
129.57
128.31
128.205
128.694
129.003
129.079
128.459
131.072
128.478
127.995
128.406
128.673
129.305
128.04
129.325
129.981
128.426
128.538
128.967
129.57
129.145
129.785
130.517
132.667
129.812
129.265
129.627
129.441
130.51
130.655
130.495
129.933
131.026
131.281
130.013
130.613
129.99
131.283
132.186
130.876
130.514
130.677
129.94
129.919
129.946
130.295
129.923
128.858
128.365
129.235
129.413
129.576
128.953
130.002
130.165
128.996
128.973
129.082
129.721
129.825
130.206
128.928
129.783
129.822
128.959
129.679
145.371
163.112
160.927
129.519
128.863
129.603
131.889
131.535
130.476
130.076
129.735
129.741
130.089
126.383
129.256
131.001
130.811
130.196
132.723
129.711
131.254
130.618
130.593
130.683
130.794
130.678
131.347
131.225
131.734
131.754
132.051
132.666
131.564
133.892
132.592
131.516
131.88
132.206
132.029
132.83
132.998
134.027
133.317
133.908
132.509
132.842
132.754
132.781
135.966
132.927
133.153
133.803
133.79
135.768
134.077
133.558
134.628
134.252
138.419
136.646
135.433
134.116
135.384
135.963
133.625
135.468
135.977
133.902
136.491
135.915
133.589
136.928
135.363
135.556
135.63
138.073
135.296
133.352
138.605
143.156
128.43
132.836
134.629
133.214
132.642
132.609
135.556
132.904
131.451
133.337
131.283
135.555
130.925
134.006
132.171
132.874
132.856
131.541
130.201
131.196
131.165
131.386
130.818
131.251
132.523
131.638
132.298
131.975
133.34
132.969
131.562
130.988
131.506
132.114
131.621
132.097
131.709
130.689
132.281
131.637
132.16
131.777
133.038
132.518
134.897
132.194
135.877
132.975
133.16
132.936
131.931
132.179
132.183
132.9
133.015
133.273
132.681
133.616
132.868
134.527
132.989
132.9
133.231
133.229
133.451
132.26
132.91
132.707
132.847
132.12
134.272
131.499
131.734
132.617
131.459
131.218
133.645
133.736
130.545
129.42
132.818
132.508
131.643
132.13
132.546
131.722
133.467
131.739
131.388
135.426
131.353
132.053
132.427
133.343
133.349
132.869
133.027
134.177
132.668
132.258
132.928
132.577
131.008
131.814
134.046
131.621
131.794
131.288
131.178
130.637
131.281
131.232
131.132
130.059
129.537
130.206
130.149
130.594
130.492
130.658
131.884
129.687
129.848
131.223
129.874
130.954
129.321
129.989
130.157
130.203
131.563
130.848
129.962
130.068
130.788
132.775
130.738
133.294
129.634
127.328
130.123
129.439
131.559
128.133
128.984
131.041
133.625
131.671
131.532
132.332
126.939
129.212
126.705
130.409
129.735
128.414
133.077
131.396
130.796
128.018
129.541
130.179
131.039
131.965
131.335
132.477
133.622
130.488
130.87
130.869
130.727
131.313
131.708
131.225
130.246
130.158
131.628
131.881
131.395
131.278
132.207
133.836
131.023
131.609
131.913
132.058
131.555
133.214
132.021
131.978
132.567
133.031
132.856
132.733
133.114
132.901
132.596
134.924
132.009
133.015
132.426
131.596
131.595
130.376
130.858
130.288
130.598
131.472
130.629
130.763
130.512
129.335
132.514
130.643
130.701
131.005
129.656
129.102
130.979
130.434
129.967
130.152
129.867
129.47
130.539
130.486
131.097
133.372
132.094
127.969
130.083
129.379
129.375
128.93
129.786
129.291
129.336
129.094
129.464
129.502
129.721
129.322
129.366
132.074
129.91
130.37
129.218
126.527
125.998
126.611
128.774
129.189
128.981
128.995
129.433
131.988
128.211
128.809
131.118
128.544
128.746
128.999
129.329
129.649
129.639
128.631
128.788
128.673
128.54
128.244
128.372
128.136
128.07
129.359
130.794
127.889
127.433
128.299
127.425
127.181
128.92
128.013
131.113
127.621
128.183
129.618
128.233
128.264
130.201
128.011
131.995
128.358
129.587
128.374
128.258
129.944
128.351
127.988
128.51
128.251
127.385
127.616
127.795
129.255
127.354
128.85
127.915
127.013
127.508
127.397
127.28
128.02
127.944
126.907
127.104
126.866
128.007
127.686
127.24
128.108
127.944
129.546
127.427
128.22
127.511
127.342
125.175
125.878
127.917
127.005
134.976
135.298
134.103
127.55
129.141
125.659
125.41
128.609
125.633
127.393
130.651
126.962
132.823
132.443
132.104
129.23
127.338
125.03
122.979
121.006
121.256
120.976
121.079
123.61
124.328
124.354
124.622
125.027
125.261
124.925
121.042
124.795
125.243
124.428
122.722
121.363
120.905
121.767
121.016
124.095
121.459
120.698
122.28
122.218
122.557
125.88
126.3
125.752
125.81
126.143
126.498
126.505
126.46
125.606
125.805
127.061
125.915
125.317
125.504
125.422
125.049
125.379
125.478
124.663
126.465
124.936
124.47
124.561
123.923
123.827
123.956
126.683
123.088
124.074
123.327
124.044
123.633
123.72
123.997
123.763
123.162
124.402
123.19
123.215
124.149
123.549
123.878
125.221
124.13
124.744
124.573
123.948
124.581
125.216
124.397
124.937
124.833
124.501
125.246
125.278
124.992
124.754
125.001
124.876
127.538
125.436
125.894
126.255
124.931
125.571
125.498
125.971
124.991
125.971
126.258
125.912
125.713
126.401
125.848
126.504
125.692
125.192
124.61
125.219
124.682
125.963
124.104
124.112
124.641
125.141
124.326
124.955
123.97
125.18
125.46
124.934
126.863
125.862
125.514
125.317
125.901
125.954
125.632
125.101
124.93
124.765
124.657
125.467
125.616
124.772
125.743
125.279
126.7
125.803
124.954
125.811
124.717
124.86
124.279
124.126
124.616
125.169
123.746
124.603
124.49
124.501
124.528
125.571
125.425
124.092
124.134
123.764
123.92
124.321
124.716
124.428
124.371
123.875
124.576
124.056
123.488
123.973
123.454
123.902
125.701
124.449
123.912
124.235
123.496
125.71
121.733
120.178
120.041
120.738
120.916
123.53
121.357
119.145
119.541
118.622
121.55
119.957
119.373
119.157
120.952
123.04
125.14
124.707
123.918
123.852
125.124
122.898
123.609
123.542
122.821
123.264
123.338
125.226
123.395
123.01
123.026
122.855
123.203
123.54
122.131
122.795
123.004
122.311
122.842
123.047
122.013
122.731
122.679
123.985
122.301
121.908
122.551
122.381
123.014
123.109
123.42
122.253
123.339
123.354
122.744
122.984
123.022
122.313
122.703
123.275
124.728
122.457
122.53
122.914
122.731
122.413
123.918
122.522
123.061
122.883
122.556
121.668
122.809
122.336
123.677
123.786
124.426
122.242
122.037
121.841
121.298
121.219
122.216
122.623
121.947
121.892
122.255
121.608
121.623
122.448
121.709
120.239
123.609
121.485
121.501
121.905
121.53
121.786
121.218
122.066
121.195
121.372
121.943
121.433
121.996
121.92
120.993
121.523
120.928
122.893
121.549
121.068
122.111
121.639
120.495
122.309
121.423
121.973
122.034
120.94
121.826
122.214
121.919
122.193
121.693
122.239
124.104
120.734
121.302
121.694
120.669
122.434
123.434
121.839
124.168
123.043
121.849
122.019
121.962
121.514
122.426
122.172
123.647
122.13
121.786
121.487
122.331
121.303
123
122.416
122.237
121.954
122.265
121.89
122.776
121.943
121.755
122.266
121.439
123.916
121.686
121.25
122.105
121.914
121.547
121.8
121.17
121.148
120.984
122.059
120.696
120.8
120.97
121.378
120.638
123.507
118.253
116.492
120.644
120.243
120.665
120.672
120.419
120.522
120.34
120.79
120.359
121
120.471
116.333
121.524
117.081
121.424
119.573
120.384
117.228
116.452
117.063
116.767
115.886
121.053
121.275
120.772
119.98
121.254
120.549
121.532
121.233
121.401
123.354
121.415
120.906
120.874
121.007
120.612
121.103
121.199
121.853
123.071
120.893
126.77
119.625
120.498
120.289
120.526
121.807
120.69
120.624
120.648
119.013
116.626
116.031
115.994
118.24
120.64
120.415
120.723
120.247
117.061
117.271
119.128
117.177
121.223
121.573
120.135
119.268
120.437
119.57
122.414
120.055
119.266
121.53
121.191
120.515
119.562
119.826
119.528
119.555
119.473
121.796
119.541
119.376
118.867
119.156
119.286
118.64
118.66
119.677
119.908
118.64
118.968
119.178
120.647
121.376
119.821
121.477
121.176
120.046
119.555
120.082
120.111
120.809
120.584
121.293
120.969
120.15
120.923
121.225
120.475
120.037
121.216
120.599
123.079
120.41
120.223
120.49
120.194
120.713
120.5
121.093
120.997
119.916
121.203
120.288
120.654
120.588
120.656
119.081
120.088
122.838
119.11
119.858
120.186
122.252
119.895
116.488
117.326
119.896
119.351
119.653
119.688
118.74
120.028
119.213
119.659
121.844
121
119.428
119.175
120.976
118.481
119.57
119.184
119.645
119.595
119.396
119.025
118.513
118.798
119.907
120.354
119.885
124.296
130.967
126.576
127.999
127.449
126.661
126.872
130.33
125.519
121.327
124.883
127.923
127.182
124.934
126.585
125.91
119.746
121.154
122.31
127.476
126.922
124.206
124.232
128.362
125.685
127.657
127.917
122.534
125.134
126.649
123.082
128.916
126.301
123.922
129.493
127.049
127.005
130.489
127.126
122.697
121.782
121.225
120.433
120.778
122.995
123.413
126.3
121.674
120.822
128.05
127.497
127.761
123.439
123.078
127.644
128.471
128.26
126.608
127.436
128.066
127.951
128.927
127.837
126.914
121.667
128.758
124.151
125.329
128.048
122.625
121.523
122.561
128.076
123.935
122.477
127.495
128.655
128.831
122.139
125.006
127.567
123.653
120.883
122.274
125.435
122.564
122.09
121.717
123.886
123.716
127.631
129.827
126.056
127.081
128.279
122.218
127.72
130.399
126.538
129.685
129.088
126.258
125.003
125.011
122.054
122.605
121.524
127.681
130.207
130.466
128.295
120.917
123.556
125.533
123.357
123.146
123.198
123.182
123.194
125.143
128.797
129.961
129.4
123.96
127.553
128.392
128.362
128.697
124.982
126.127
128.087
123.272
123.279
124.08
125.894
124.598
123.714
123.069
124.311
124.43
123.617
122.014
123.022
122.576
123.185
126.284
128.006
130.41
128.309
128.97
127.097
125.182
121.886
121.769
122.822
121.713
124.132
122.752
126.565
128.844
125.76
124.213
126.984
129.597
128.883
126.363
121.925
122.478
121.546
121.924
121.757
121.594
121.71
122.319
121.644
122.061
121.868
123.424
122.019
122.055
121.409
122.044
122.058
122.407
121.989
122.033
121.479
122.507
122.626
121.955
121.735
122.892
122.62
121.364
124.755
121.978
121.996
122.182
121.764
122.163
122.453
122.145
122.212
122.235
121.7
122.228
121.877
121.933
122.147
122.043
123.538
122.666
122.315
122.415
122.883
121.081
124.458
121.989
121.622
123.007
119.73
122.085
122.388
122.645
119.026
118.106
118.677
119.659
117.951
119.56
121.659
120.303
119.041
122.351
121.409
117.788
118.239
117.384
118.012
121.145
121.817
118.123
118.568
119
125.326
121.8
122.062
122.85
121.59
122.567
123.109
122.051
122.236
123.179
122.511
123.233
122.438
122.302
123.575
123.24
126.488
122.434
122.522
123.166
122.137
122.596
123.747
122.487
122.303
122.55
122.053
122.287
121.694
121.978
122.617
121.914
121.892
124.749
122.432
121.034
123.707
121.921
124.897
122.345
123.878
121.285
121.255
121.295
121.55
121.505
121.126
121.579
121.466
122.716
122.314
121.621
120.825
121.608
121.518
121.889
122.349
122.331
122.568
122.111
122.301
121.855
122.635
122.475
122.146
122.826
124.294
122.471
121.863
121.964
122.713
122.033
123.044
122.759
122.733
121.87
122.548
122.695
122.61
122.652
121.631
122.602
124.405
122.071
122.631
122.216
121.517
122.328
122.308
121.876
122.316
122.65
120.919
123.802
122.868
122.354
121.974
122.673
124.118
122.874
122.351
122.13
122.188
121.928
122.025
121.836
121.85
122.277
122.257
121.994
121.721
122.119
122.582
121.281
122.062
124.865
122.093
122.422
122.234
122.056
123.134
121.538
118.852
119.008
121.749
122.39
121.978
123.458
122.982
122.94
122.289
123.457
124.222
122.04
123.174
122.473
122.364
122.389
124.399
121.528
121.828
121.486
121.488
122.066
121.699
121.686
122.222
122.527
123.486
122.186
124.992
122.188
122.323
122.064
124.01
122.308
121.842
121.843
121.76
121.634
121.799
121.396
121.89
121.526
123.699
121.75
121.347
121.27
122.347
121.758
122.413
122.362
121.373
121.133
121.875
121.333
121.716
121.988
122.087
122.421
123.513
124.088
121.765
121.369
122.24
122.159
121.887
122.123
121.555
122.466
121.745
120.614
121.16
121.528
121.448
121.101
120.617
125.362
120.494
120.719
121.45
120.965
120.426
121.905
121.685
122.208
120.621
120.961
121.781
121.228
121.558
121.921
121.837
121.024
123.415
121.621
121.971
121.766
121.921
122.319
122.632
121.812
121.538
121.276
122.444
121.644
122.912
121.572
122.274
121.635
123.489
122.101
122.062
121.416
121.948
122.411
121.538
122.288
122.446
120.871
121.762
121.693
121.979
122.396
122.331
121.726
122.26
124.114
121.948
122.562
121.518
123.507
122.309
123.001
123.073
117.52
117.418
119.705
124.948
122.351
121.662
122.087
122
124.456
121.872
122.72
122.7
123.718
122.194
122.335
122.103
122.434
122.652
122.65
122.804
122.738
122.878
122.462
123.727
122.141
124.682
122.45
122.334
124.058
122.044
121.98
121.846
122.187
124.297
118.259
118.32
118.82
118.264
119.865
120.152
121.703
124.863
122.757
120.895
120.896
118.434
120.433
121.702
121.267
123.016
121.495
120.983
120.508
122.17
120.994
121.822
122.148
121.747
123.068
121.313
121.882
121.478
121.271
121.372
121.906
121.343
120.968
120.718
120.716
120.518
120.71
120.36
120.75
120.912
121.003
122.384
120.663
120.84
121.757
121.398
121.861
121.027
121.833
120.817
121.287
121.322
121.17
121.771
121.715
121.504
121.476
123.096
121.393
121.762
121.339
121.303
120.209
121.15
121.944
120.89
120.962
121.576
121.599
121.379
120.849
121.088
120.819
121.668
123.763
122.19
120.646
121.673
122.316
121.966
122.701
122.042
122.194
121.932
121.205
121.571
121.873
121.498
121.409
122.082
123.37
121.811
121.505
120.703
121.082
121.657
121.112
120.951
121.269
121.794
120.946
122.247
122.181
120.988
121.589
121.678
121.169
123.496
121.758
120.905
121.538
121.375
121.43
121.861
120.963
121.205
121.484
122.031
122.196
121.163
121.997
121.38
121.362
123.514
121.815
121.417
121.547
121.168
121.905
121.586
122.281
121.388
120.888
121.234
121.21
121.063
119.827
121.726
121.429
121.037
123.256
121.113
121.158
121.144
120.953
120.525
121.884
121.477
119.873
120.865
121.132
121.038
120.898
120.909
121.304
120.734
121.412
123.887
120.524
121.602
120.986
120.963
121.44
121.715
121.054
120.051
121.175
120.442
120.251
120.788
120.191
120.762
120.355
121.904
120.263
120.826
120.856
120.577
121.606
121.227
120.658
121.081
120.933
120.477
121.814
120.832
121.051
121.602
121.157
121.497
123.013
121.053
121.434
120.495
120.378
120.446
121.665
120.17
120.912
120.511
121.256
121.52
120.516
121.33
120.554
120.13
121.87
120.996
120.603
121.421
120.74
121.148
121.191
120.988
119.969
120.978
120.967
121.256
120.34
120.694
120.91
121.314
120.705
122.106
121.468
121.373
121.8
121.49
121.043
121.638
120.814
121.113
121.555
122.096
121.556
122
121.238
121.091
121.943
121.306
125.521
121.952
121.376
121.556
121.364
120.948
122.237
121.079
121.367
121.902
121.435
121.572
121.404
120.98
121.311
121.022
122.933
121.379
120.807
121.521
121.51
121.628
121.291
121.801
121.499
120.928
121.325
121.322
120.939
121.475
121.174
120.817
120.872
124.764
120.395
121.187
121.043
119.983
120.966
119.387
121.202
121.085
120.765
120.593
119.432
120.299
119.099
119.582
119.589
122.56
120.214
119.488
120.108
120.307
118.981
120.691
120.245
119.74
123.088
119.958
119.541
119.188
119.511
119.431
119.682
119.842
121.6
119.729
119.966
119.829
119.77
119.869
120.762
120.009
120.838
119.822
120.794
119.882
120.592
119.932
119.775
119.881
119.287
121.636
119.604
119.771
117.862
119.213
119.418
119.213
119.381
119.71
119.46
120.624
120.23
119.616
119.653
119.65
120.018
120.201
121.677
119.965
119.079
119.751
120.088
119.758
119.282
119.303
119.523
119.927
119.476
120.299
119.666
120.1
119.212
119.502
122.119
117.973
116.811
120.864
118.602
119.372
119.35
119.417
119.348
118.784
119.162
119.202
118.836
118.205
118.668
117.686
117.963
114.81
116.924
116.404
118.325
118.207
119.717
118.345
118.399
118.986
118.164
118.979
118.776
118.55
118.551
119.067
119.104
117.885
119.699
120.536
119.297
118.613
118.958
119.035
119.033
119.293
119.326
118.884
119.742
118.783
119.579
119.361
119.52
119.015
120.087
121.357
119.434
119.363
118.928
119.105
119.294
119.774
119.275
117.966
115.997
117.158
117.961
119.058
117.239
120.259
121.113
119.498
120.952
118.586
119.359
119.137
118.545
120.914
119.044
118.902
118.155
119.369
118.969
119.042
118.613
118.968
119.4
118.188
118.326
119.014
119.374
118.888
118.805
118.877
118.875
118.491
120.448
122.066
118.717
118.758
119.038
118.99
118.931
119.167
118.824
119.486
120.807
119.762
118.653
119.205
119.241
119.091
119.79
118.832
119.184
120.042
118.735
119.2
118.898
119.058
118.791
119.659
118.441
120.96
119.867
119.336
118.548
119.358
118.753
119.018
118.641
118.464
119.401
118.715
119.572
119.343
120.095
118.886
119.875
119.542
122.344
119.568
119.317
118.727
119.49
119.879
119.405
120.09
120.083
120.145
119.818
119.102
119.799
119.829
120.419
120.301
119.754
122.352
120.399
119.771
119.156
121.289
119.897
120.095
119.911
119.788
119.477
120.233
120.348
120.21
120.335
120.328
120.106
124.055
120.024
119.921
119.922
119.844
119.618
119.647
120.96
119.725
120.426
119.524
119.52
120.032
117.526
119.86
119.551
119.89
121.638
119.925
120.775
119.77
120.24
119.766
120.661
119.598
119.947
120.644
118.728
119.806
120.371
119.157
119.847
120.484
119.772
121.981
119.381
119.959
119.631
120.4
119.166
120.39
119.369
119.847
118.628
119.641
119.34
118.502
118.362
118.257
119.134
119.156
121.465
119.618
119.501
118.867
119.59
118.263
119.827
118.394
119.075
119.748
118.133
118.639
119.416
118.721
118.87
119.489
118.932
120.314
117.977
118.341
118.776
118.496
118.071
119.079
118.868
119.287
118.17
119.487
118.613
118.488
118.532
118.305
117.787
118.919
120.4
118.251
119.233
118.932
118.259
118.109
119.68
118.655
118.785
118.297
118.332
119.224
117.98
118.391
118.284
118.386
118.416
119.185
113.536
113.865
115.264
117.605
118.891
119.414
118.26
119.166
119.249
118.494
118.7
117.948
118.427
118.418
118.074
119.141
120.894
118.466
118.576
118.548
118.418
119.196
119.459
118.76
119.039
119.14
118.545
119.192
118.661
118.907
119.893
118.848
119.552
121.001
119.015
118.927
119.588
119.019
118.529
119.456
119.004
118.604
119.063
119.679
119.257
119.091
118.596
119.635
119.49
121.671
118.831
120.016
119.396
119.752
119.603
120.666
119.996
120.326
119.691
119.708
119.299
119.266
118.973
119.629
119.337
119.635
121.059
119.506
120.245
121.055
120.379
119.888
120.071
117.937
116.318
116.458
117.172
119.71
122.146
119.382
119.927
120.698
120.581
122.754
120.52
120.719
121.39
120.721
119.981
120.989
121.083
120.661
120.849
120.864
120.921
120.888
120.465
120.784
121.493
121.226
122.685
120.236
120.428
120.903
119.756
121.009
121.155
120.486
120.793
120.693
120.761
120.796
120.219
119.401
120.484
120.213
122.065
120.567
119.566
120.668
120.722
121.326
120.144
120.934
120.286
119.806
119.838
120.194
120.094
120.399
120.496
119.755
119.404
122.433
119.326
119.102
119.584
118.956
119.333
119.289
119.458
119.281
119.773
119.629
118.222
119.239
119.22
120.022
119.581
120.158
120.825
119.132
118.876
118.77
118.825
118.913
119.024
118.607
118.993
118.17
118.359
119.986
119.175
118.515
119.511
119.277
118.568
120.348
118.936
119.003
118.907
119.082
121.164
120.27
119.494
120.205
116.028
115.109
114.939
114.696
114.593
115.321
114.726
115.915
116.759
114.609
114.137
116.01
117.766
114.173
114.764
115.306
116.649
116.952
113.867
114.929
114.618
114.598
115.222
117.783
117.619
120.192
118.265
117.984
118.681
117.587
118.205
119.045
119.186
118.574
118.517
118.471
117.542
117.866
118.55
118.386
117.94
118.175
120.165
117.394
118.595
117.729
117.9
115.466
115.392
114.537
119.224
118.765
117.454
118.64
119.428
118.335
117.779
118.278
119.028
120.059
120.996
120.997
118.496
117.993
119.013
118.649
119.397
117.857
121.835
118.296
118.636
118.587
118.517
118.259
118.083
118.048
119.505
117.825
118.283
118.233
117.952
118.706
118.224
117.921
117.65
118.429
117.918
118.541
118.357
117.98
118.604
118.91
119.199
119.646
118.775
118.132
118.526
118.722
119.204
119.085
119.001
118.82
119.405
119.08
118.215
118.964
119.334
118.918
119.054
118.203
120.969
118.466
118.509
117.666
118.205
118.096
118.301
118.427
119.027
117.616
117.965
118.248
118.052
119.094
118.48
118.124
118.368
120.164
118.174
118.871
118.456
118.651
118.275
118.305
118.68
118.537
118.222
118.926
118.961
118.072
118.418
118.805
118.672
118.866
119.773
118.637
118.631
117.947
117.788
118.769
119.442
118.904
118.923
117.709
118.143
118.606
118.924
119.531
119.355
146.438
141.411
121.56
120.943
118.887
118.293
118.203
118.585
120.16
118.226
118.28
119.164
118.269
118.205
119.382
119.304
118.522
117.109
116.934
120.048
119.752
117.728
118.009
117.669
118.18
118.125
118.18
117.316
118.443
117.942
118.11
118.36
118.577
119.036
117.747
117.025
120.368
118.206
117.393
118.266
117.974
117.793
117.92
118.389
117.54
117.948
118.338
117.147
116.838
118.073
118.419
119.24
118.069
119.932
118.14
117.783
118.317
116.757
118.076
118.112
117.832
118.251
118.439
118.327
118.73
118.448
118.73
118.655
118.562
117.948
119.512
118.283
116.975
119.745
117.941
117.486
118.377
117.954
117.252
118.034
117.256
117.754
117.141
117.366
118.277
117.054
117.291
120.142
117.773
119.591
118.276
117.88
117.759
117.58
117.917
117.164
117.484
117.378
117.146
117.378
117.743
117.936
117.637
119.046
119.739
116.048
114.171
114.257
114.32
116.265
118.129
118.031
117.872
118.116
117.985
116.995
118.376
118.464
117.685
117.106
118.329
119.794
118.161
118.33
118.388
118.448
118.346
118.323
127.84
149.935
117.928
114.208
118.843
119.559
118.773
118.482
117.889
117.878
120.916
118.68
117.949
118.915
118.234
118.406
118.183
117.302
118.629
116.75
117.258
118.183
117.485
117.117
117.384
117.8
117.507
120.453
117.647
117.501
118.406
118.252
117.98
117.677
117.765
117.779
121.105
117.406
117.336
117.589
117.114
117.247
117.307
116.7
119.466
117.052
117.193
116.727
119.583
114.696
113.735
115.768
117.63
117.807
117.534
116.866
117.379
117.796
117.606
117.311
117.802
119.842
117.418
117.801
118.06
117.843
117.647
117.503
117.669
116.577
116.928
117.422
117.365
117.667
117.787
117.153
117.446
117.904
119.334
117.995
117.745
118.042
118.359
117.178
116.985
117.793
123.453
117.412
117.323
117.493
117.749
117.927
117.273
117.812
117.609
120.366
116.789
117.6
117.865
117.755
118.247
118.81
117.576
120.107
117.602
118.171
118.195
117.849
117.678
120.698
117.994
118.104
120.019
117.621
116.619
117.93
117.826
118.264
117.211
117.72
119.177
116.522
116.972
117.366
114.403
114.269
113.418
113.858
114.251
116.115
119.427
118.161
118.595
118.592
117.747
117.672
117.968
117.478
117.806
117.104
115.162
118.161
117.388
117.194
114.647
115.991
116.775
118.762
115.515
118.078
114.508
114.468
117.113
118.329
117.093
117.917
118.781
118.151
118.716
118.979
118.12
118.436
117.828
118.992
120.472
115.343
115.43
117.416
116.171
117.237
117.902
119.149
117.93
118.602
118.233
118.525
119.141
118.004
117.847
118.817
118.477
120.243
117.909
117.964
118.342
118.557
117.601
120.9
118.632
117.972
117.605
118.326
118.093
117.948
117.715
118.262
117.914
117.758
120.424
118.013
118.148
118.523
117.407
117.471
117.792
117.655
117.597
117.638
117.806
117.296
117.603
117.485
118.051
117.851
118.688
119.862
119.638
121.156
118.424
117.9
118.052
118.581
118.229
120.088
117.759
118.692
118.998
119.157
118.864
118.609
118.576
118.727
120.535
118.214
118.029
117.836
118.112
118.676
118.445
118.832
117.99
118.193
118.228
118.959
118.98
119.423
114.713
114.35
114.931
118.491
118.923
117.299
119.016
120.046
118.28
118.492
119.623
117.7
117.994
118.565
118.919
118.627
118.425
118.689
117.857
118.733
120.401
117.911
118.352
118.409
117.93
118.651
117.357
117.863
117.589
117.727
120.845
117.763
118.148
120.39
118.071
118.556
118.28
120.122
117.854
118.491
119.018
118.245
118.475
118.435
117.188
119.406
117.647
117.291
117.798
117.804
118.559
117.269
114.109
114.45
119.062
118.192
118.02
119.739
116.45
116.469
119.56
117.289
117.517
117.277
116.978
117.182
118.656
117.466
117.471
116.967
117.62
119.995
117.32
117.998
118.146
118.149
117.422
117.614
125.983
124.81
126.86
119.801
118.7
121.787
124.117
124.834
124.998
123.678
126.401
120.265
122.956
125.587
120.163
124.53
125.21
118.545
125.886
123.282
122.049
120.371
117.763
122.647
118.133
121.353
119.775
120.317
119.784
117.954
121.582
118.605
119.963
118.351
119.59
124.339
123.366
122.4
123.856
124.751
125.568
124.046
125.16
125.987
123.602
125.626
120.966
119.433
119.019
119.543
124.72
126.386
125.07
120.88
119.795
121.797
122.783
126.328
124.542
122.488
125.237
119.434
122.954
124.603
124.741
124.765
123.258
123.838
121.379
124.862
123.572
118.559
119.004
119.899
118.781
119.047
121.72
119.067
118.816
119.038
118.654
118.778
119.906
118.562
119.332
118.585
120.361
119.161
119.192
119.265
119.19
118.989
119.151
122.458
120.051
119.249
119.323
119.136
119.272
120.369
119.388
119.433
119.637
120.068
118.904
119.992
119.806
119.734
119.135
121.782
119.69
119.567
119.639
119.617
119.475
119.843
119.47
119.392
120.854
119.03
117.693
119.178
119.23
119.603
119.251
119.786
121.462
119.279
120.533
119.453
118.922
119.327
119.361
118.998
119.225
119.426
118.626
119.535
119.321
118.77
119.233
119.41
118.902
120.646
118.827
119.187
118.188
119.051
118.387
120.329
118.94
119.507
118.777
119.143
119.85
118.855
118.84
118.873
118.521
119.953
121.425
119.188
119.66
119.342
118.974
118.563
119.148
118.757
119.238
118.888
119.221
119.013
119.236
118.515
118.234
118.932
119.065
120.679
118.811
119.674
118.588
117.947
118.118
118.096
119.396
118.018
118.258
117.914
118.623
118.635
118.806
118.891
118.119
119.489
120.418
118.68
118.351
118.724
118.83
118.7
119.309
118.451
114.949
114.316
114.863
114.383
114.619
114.688
114.456
114.885
114.903
116.947
115.177
116.175
115.53
115.673
115.867
115.751
115.988
116.871
114.826
115.055
115.251
115.379
115.254
115.143
115.342
118.624
121.091
114.621
115.6
117.952
119.402
118.577
119.074
119.14
119.178
119.271
119.634
118.695
119.17
118.612
119.366
119.006
118.036
120.913
118.71
118.026
118.626
119.112
118.57
118.568
119.838
119.95
118.258
118.589
118.066
118.63
118.961
119.033
118.9
118.656
120.553
118.457
118.621
118.697
118.114
119.286
118.864
118.876
118.104
118.194
118.579
118.554
119.644
117.916
119.186
118.494
119.628
121.054
117.743
114.893
114.776
114.252
114.787
114.947
115.425
117.234
120.582
118.503
115.699
115.35
114.819
116.122
114.826
115.588
121.153
119.582
119.153
119.402
119.263
118.368
119.251
119.246
119.715
118.944
119.644
119.488
119.144
117.736
119.054
117.568
120.043
121.033
119.394
117.85
114.406
114.651
114.394
114.647
115.093
114.368
114.605
115.484
117.881
118.582
114.381
114.416
116.057
118.859
119.394
120.936
118.447
118.611
118.571
119.457
118.39
119.308
119.165
118.062
119.117
118.526
118.984
118.43
118.545
118.933
117.578
116.611
120.112
118.865
119.136
118.769
119.161
117.938
119.032
118.662
118.968
119.779
119.768
119.603
119.82
118.644
120.01
119.545
118.888
121.144
115.23
114.614
115.731
118.82
119.091
119.479
119.609
118.548
118.871
119.379
119.635
119.861
119.405
119.554
119.194
121.231
119.022
119.239
119.311
119.168
119.077
118.576
118.848
119.296
119.177
118.87
119.424
118.99
119.346
118.591
119.22
118.071
125.211
118.598
117.588
117.001
118.37
119.035
117.58
115.032
119.369
119.618
119.338
118.811
119.112
118.543
118.552
119.57
118.837
121.765
118.702
119.089
119.369
119.056
118.217
118.797
119.493
118.412
119.876
118.726
118.249
118.775
119.171
118.423
119.131
118.023
120.626
118.951
118.668
122.395
134.154
121.075
118.072
118.776
118.689
119.234
118.806
119.198
119.537
118.374
118.146
117.563
119.187
119.626
118.685
118.493
117.879
118.485
117.807
121.374
115.569
114.094
114.458
115.758
114.473
118.268
117.949
118.129
118.07
118.121
121.133
118.572
118.244
118.185
118.776
118.297
118.375
117.81
118.711
118.438
117.972
118.276
117.881
117.39
118.299
118.088
118.542
119.282
118.088
118.047
117.369
118.893
117.866
118.221
118.146
117.435
117.803
118.301
117.245
118.526
117.793
117.536
117.325
117.474
120.538
117.139
117.782
118.221
118.19
117.974
117.526
117.907
117.555
117.706
117.682
119.397
118.17
113.916
113.453
113.87
114.037
115.868
114.323
118.086
116.18
119.208
118.118
118.795
117.655
117.86
118.548
117.559
118.062
118.235
118.082
117.44
118.202
118.569
118.359
119.044
118.299
117.996
117.914
117.444
118.261
118.432
118.469
118.684
118.153
118.154
118.189
117.876
119.006
118.807
118.312
118.414
120.715
119.139
117.236
120.159
118.726
118.169
118.674
118.583
118.934
118.334
118.508
118.913
117.577
118.428
118.897
117.86
119.746
119.281
117.824
118.912
118.497
117.984
117.79
119.983
119.281
118.525
118.392
118.306
118.653
117.834
119.795
117.874
118.081
120.793
118.412
118.228
119.707
118.737
118.344
121.418
120.555
118.823
118.756
117.903
117.672
118.882
117.955
118.895
118.159
118.513
119.747
120.199
117.929
118.412
118.785
118.654
117.942
118.609
118.635
118.138
117.662
117.827
118.517
118.192
118.596
118.554
118.702
119.225
118.651
118.014
119.084
119.017
117.605
118.618
119.091
118.854
118.483
118.57
117.389
117.834
118.1
118.01
118.279
118.547
120.111
118.621
118.259
117.912
117.584
118.057
118.291
118.313
118.134
117.347
117.712
118.573
118.29
117.361
118.195
117.502
117.59
119.725
117.551
118.245
119.058
117.885
116.895
117.316
118.295
117.256
118.183
117.206
118.009
116.823
117.653
118.15
119.03
117.469
120.243
118.541
117.397
118.232
118.03
117.914
117.842
118.015
118.213
117.688
117.279
117.787
118.059
118.433
118.65
118.699
119.06
118.204
120.842
118.22
118.001
118.267
118.634
118.937
118.994
118.483
118.668
120.057
116.435
116.777
118.325
117.944
118.052
118.841
117.99
119.465
118.108
118.572
117.546
118.918
118.072
117.399
117.444
119.033
116.945
119.995
117.759
116.918
117.775
117.419
118.83
118.655
119.184
117.839
117.465
118.344
120.121
114.317
114.642
117.033
117.995
117.389
118.034
117.597
117.59
117.597
117.92
117.084
117.042
118.878
117.646
117.702
117.477
117.555
117.747
118.253
118.173
123.865
120.54
125.499
125.448
120.354
124.552
123.078
124.885
123.972
120.773
118.969
118.902
117.798
123.217
118.523
118.576
117.781
118.454
120.621
124.621
124.629
125.264
125.153
125.204
123.285
123.763
117.414
120.371
123.409
124.172
117.839
120.437
125.133
120.637
122.98
119.191
118.296
118.642
120.614
123.605
124.813
125.126
121.858
118.642
117.486
121.646
119.247
117.045
118.683
117.683
117.82
117.65
119.253
117.72
117.219
117.65
118.426
117.9
127.776
120.332
120.179
118.581
118.265
124.204
123.208
120.284
121.145
117.539
119.097
120.057
119.048
120.555
124.573
123.881
124.868
122.064
117.662
124.422
123.07
124.003
122.715
121.285
124.507
120.852
118.321
119.698
118.477
121.102
119.46
119.68
119.204
120.582
121.142
126.711
119.531
122.024
119.912
119.501
119.543
118.889
118.956
118.139
118.174
118.163
118.29
118.201
120.513
125.147
124.547
121.007
126.319
126.277
124.688
125.234
127.44
125.516
123.873
122.436
119.964
118.506
126.799
125.505
126.907
124.85
126.019
139.337
132.49
129.088
132.601
126.359
125.011
125.471
120.863
120.622
120.572
124.438
119.917
119.407
120.092
120.632
124.165
119.09
115.756
118.786
119.16
118.396
118.586
119.468
118.387
118.721
119.129
118.726
117.99
117.912
120.96
118.668
117.933
118.761
120.937
119.045
118.623
118.442
118.388
118.605
118.969
118.373
118.91
118.611
118.181
118.201
117.263
117.692
118.094
117.912
118.498
120.809
119.166
118.161
118.297
118.353
118.033
119.787
119.846
118.416
117.633
113.994
114.401
113.389
114.21
114.781
114.369
113.678
117.755
113.326
112.648
113.664
116.769
117.386
119.1
118.693
117.772
117.72
117.187
117.85
118.303
118.353
117.682
117.959
117.689
120.008
117.215
117.61
120.799
117.776
117.586
119.42
118.118
117.678
118.421
117.653
116.98
117.388
117.41
117.449
118.051
117.726
119.592
116.856
117.776
118.384
117.663
117.456
114.377
116.24
117.536
119.482
115.364
113.387
116.775
116.084
114.19
116.445
118.164
119.544
116.998
117.49
117.269
117.24
117.948
116.79
117.671
119.3
117.408
116.87
117.769
118.26
117.932
118.1
117.073
117.672
120.385
117.962
117.166
118.339
116.671
117.956
118.143
117.396
118.221
117.177
117.246
117.457
118.419
117.773
118.218
117.572
117.822
116.697
117.52
117.12
118.118
114.208
114.292
114.443
120.017
117.962
118.303
117.38
117.232
117.239
113.433
114.222
113.057
113.179
116.87
119.657
116.945
117.043
117.541
117.808
118.833
118.196
117.508
116.601
117.735
116.819
116.995
117.373
117.396
116.666
117.286
116.796
119.369
117.095
117.542
117.546
117.132
117.645
116.145
117.445
117.4
117.263
116.614
117.111
116.195
117.813
116.9
117.295
116.978
118.578
117.278
117.5
116.984
116.463
117.279
117.091
116.763
117.136
116.462
116.933
117.485
116.221
117.371
116.46
115.923
116.735
119.219
117.229
117.078
119.159
116.559
117.521
117.539
117.249
117.117
116.759
116.28
115.999
116.729
117.267
116.81
117.153
116.759
116.576
118.574
116.728
116.997
117.187
117.412
116.494
117.288
116.523
117.06
116.422
116.631
116.554
117.499
116.862
116.561
116.272
116.992
118.532
117.679
116.921
116.479
117.134
116.679
116.331
116.349
117.339
116.807
117.064
116.123
117.29
117.024
116.264
117.539
116.796
118.952
117.53
113.542
112.193
113.21
113.157
112.797
112.147
113.103
112.559
112.383
111.827
114.793
117.187
116.045
117.023
116.486
116.216
117.781
116.215
116.677
115.971
116.422
116.379
117.126
117.083
115.814
117.199
116.997
116.256
116.205
116.391
116.14
115.525
116.675
117.845
115.947
116.033
116.297
116.1
117.05
118.142
116.367
115.812
115.882
115.821
115.223
116.035
116.662
115.499
115.525
114.396
117.359
114.783
115.451
116
115.028
115.299
115.997
116.245
115.989
115.874
115.378
115.24
115.988
115.844
115.228
111.486
112.239
116.002
116.955
115.996
115.356
115.183
115.482
115.531
116.475
116.561
111.928
112.241
114.237
113.003
114.365
114.269
116.067
112.738
111.254
113.748
111.427
111.387
111.718
111.701
112.375
115.294
113.638
112.066
110.914
112.542
115.385
115.224
115.783
115.75
115.314
115.294
114.828
117.091
115.802
114.434
115.885
115.109
115.016
113.472
111.223
111.199
111.737
111.601
111.308
112.053
111.562
111.613
114.845
115.425
115.19
117.281
116.762
115.376
116.701
114.922
115.433
115.815
111.691
113.257
112.95
112.23
112.307
112.004
111.364
115.225
115.897
115.814
117.708
115.018
115.394
115.67
115.95
115.488
115.684
116.631
115.141
114.369
115.689
115.002
115.805
115.097
115.936
115.77
115.905
115.221
117.418
115.588
116.364
117.294
114.95
114.827
116.148
115.258
114.954
115.74
115.315
115.579
115.746
115.274
115.625
118.076
115.379
116.712
115.501
116.547
116.271
115.191
115.057
115.394
115.608
115.002
115.59
114.419
115.635
115.26
115.272
115.69
114.911
114.695
116.986
116.019
114.92
113.459
111.221
111.184
111.678
111.897
111.181
111.011
111.645
111.355
114.32
114.353
114.397
114.79
117.185
114.767
115.472
114.432
115.805
116.104
115.212
115.633
115.602
115.442
115.767
115.179
114.712
114.879
115.204
115.318
115.557
115.767
115.833
115.178
117.733
115.614
116.001
114.99
114.747
113.212
112.109
111.365
110.924
111.529
111.874
113.419
110.861
112.316
115.1
115.785
115.66
116.785
114.784
111.585
113.53
116.04
116.815
112.603
112.337
112.123
112.116
111.981
111.819
111.799
111.969
111.756
113.472
115.344
114.715
117.466
115.641
115.116
115.289
112.014
110.808
111.251
111.898
111.379
114.334
114.902
117.522
115.56
114.98
114.947
115.236
115.282
115.129
118.65
114.983
116.109
114.507
114.739
114.997
115.786
116.978
114.625
117.333
112.98
111.985
115.463
116.915
111.664
111.627
111.361
112.7
111.157
111.728
111.581
112.773
111.096
113.961
114.823
114.846
115.621
115.006
115.518
116.636
114.864
114.456
115.224
115.501
114.65
117.238
115.438
115.71
115.153
114.802
115.356
116.262
115.065
114.821
114.059
116.762
115.433
115.086
114.733
115.695
114.868
114.918
119.978
115.314
115.498
115.748
115.859
111.094
111.692
111.507
110.326
111.602
110.716
111.59
113.275
116.807
113.074
114.748
116.573
114.273
116.244
115.003
115.118
114.459
113.794
114.257
115.206
114.682
114.959
113.883
114.97
114.47
113.837
114.679
114.32
114.51
115.153
116.513
114.566
114.407
114.431
114.86
114.446
115.128
115.369
114.698
114.464
135.631
129.016
111.557
112.055
115.007
115.343
114.458
113.957
116.766
114.51
115.008
114.676
115.458
115.473
116.472
112.302
112.32
110.469
114.135
115.489
114.266
114.527
115.214
114.488
115.788
116.719
114.968
114.342
114.829
114.583
113.812
115.851
115.071
115.137
114.116
113.878
115.162
115.133
114.069
115.091
114.637
114.509
114.679
117.656
114.293
114.549
116.15
114.365
114.772
115.104
114.862
116.7
116.366
113.931
114.002
115.625
114.459
115.239
114.462
114.439
117.219
114.61
115.173
114.742
114.572
114.381
117.293
115.319
114.215
114.807
115.028
113.997
114.914
114.809
114.703
113.698
115.816
116.578
117.531
116.822
115.106
114.72
115.389
115.195
113.991
115.237
114.652
114.509
116.309
114.897
115.374
122.516
114.481
114.3
114.732
121.546
116.126
114.793
115.239
114.958
115.407
115.094
114.752
114.716
114.456
114.488
114.578
114.596
114.329
115.994
114.948
114.402
114.461
116.999
114.029
114.442
114.663
114.286
114.574
115.125
114.446
114.281
114.45
114.678
114.874
116.028
114.977
113.466
114.777
114.087
117.186
113.941
114.061
114.797
114.01
114.76
114.572
114.269
113.852
114.297
114.703
114.455
114.678
114.725
113.604
114.581
113.825
114.329
116.635
114.128
114.377
114.303
114.537
113.448
114.494
115.025
114.191
114.886
113.819
115.026
114.234
114.742
113.914
114.295
115.42
115.302
114.937
114.183
113.912
113.905
114.989
114.332
114.93
113.853
114.444
115.058
114.2
113.636
114.587
115.277
114.163
115.108
114.274
116.597
114.436
114.558
114.022
115.097
114.426
114.721
115.586
114.148
114.363
115.76
114.144
114.803
114.572
114.619
114.389
115.131
116.774
114.651
114.053
113.827
113.833
114.718
114.65
115.615
117.959
114.702
114.893
113.723
114.659
114.005
118.277
114.317
114.469
114.92
116.377
113.939
115.627
114.668
115.207
114.678
113.669
115.097
114.964
114.991
114.799
114.73
114.533
114.264
114.534
114.755
114.484
116.488
114.481
114.495
114.922
113.699
114.872
114.266
115.092
115.03
114.81
116.406
110.699
109.874
111.084
110.798
110.354
110.695
113.323
116.473
117.197
114.634
113.916
115.437
114.892
114.502
115.771
114.598
114.935
114.972
114.079
114.082
115.167
115.137
114.595
115.134
115.317
117.13
114.339
115.077
114.366
114.788
113.886
115.882
115.326
114.831
115.333
114.912
115.275
115.061
114.514
114.479
114.776
115.145
116.789
114.917
115.679
114.881
115.648
116.285
115.667
114.637
110.931
111.966
111.287
111.248
112.518
111.594
111.313
111.932
115.867
114.932
117.375
117.492
116.114
115.804
116.001
115.46
115.79
115.688
115.776
115.811
115.845
116.055
116.618
115.442
115.431
115.754
116.216
117.51
115.556
115.113
115.855
116.456
115.801
116.135
116.586
115.674
115.726
115.614
115.796
115.833
115.644
115.479
114.541
115.487
115.668
117.649
114.241
115.407
116.497
114.513
115.516
115.733
116.074
115.828
115.748
115.179
114.874
115.596
115.565
115.107
114.733
115.87
117.402
115.114
116.079
116.228
118.29
116.198
117.299
116.166
117.503
115.287
115.811
115.403
115.542
115.084
114.874
114.929
116.381
117.743
115.471
115.42
114.99
115.757
115.236
114.414
115.939
115.905
116.055
115.136
115.749
115.26
115.131
115.444
115.829
115.772
115.295
117.754
115.719
115.541
116.206
114.93
115.649
116.218
116.288
115.871
114.628
116.195
116.219
115.937
115.342
116.292
115.784
115.883
117.801
115.834
114.965
116.065
115.422
114.598
115.216
118.219
116.013
114.948
114.855
120.165
114.453
115.063
115.363
114.708
115.214
117.196
116.371
115.015
115.62
115.277
115.1
115.752
115.086
115.836
115.483
116.379
115.504
115.566
115.117
115.243
115.547
115.973
116.048
119.16
116.49
116.153
115.331
113.625
115.793
115.301
115.999
115.901
115.804
116.412
115.796
115.875
115.293
115.584
116.372
115.716
116.914
116.409
115.969
115.927
115.313
115.529
115.33
116.936
117.504
115.5
115.525
115.379
115.809
115.243
118.279
112.84
111.938
112.249
115.644
112.488
115.205
115.265
115.355
115.826
116.245
116.097
116.08
115.306
115.35
116.924
116.612
115.15
117.615
115.993
115.722
120.284
115.81
115.436
116.362
114.954
115.23
115.706
115.953
115.721
115.262
114.935
115.753
115.724
115.409
115.678
112.503
114.584
118.667
116.296
116.546
116.675
114.683
116.227
115.442
116.502
116.229
117.849
116.122
116.189
116.56
115.631
116.507
114.156
112.412
113.538
115.149
116.503
117.06
116.359
115.839
115.96
116.146
116.245
115.996
113.344
111.979
115.049
112.967
113.623
111.781
113.032
113.049
114.877
112.367
113.603
117.003
115.399
116.502
115.614
116.841
116.074
116.342
117.098
115.768
116.497
115.793
116.03
116.034
116.851
116.725
118.308
116.156
116.444
116.065
117.044
116.713
117.172
117.296
116.975
116.546
117.047
116.632
116.336
116.793
116.92
131.264
149.813
134.913
116.23
116.901
116.456
115.996
116.213
117.018
116.139
116.332
116.38
116.673
117.074
115.728
117.598
123.393
116.233
116.46
118.6
116.029
116.105
116.448
116.119
116.212
117.812
116.252
116.858
116.243
115.447
115.8
115.841
115.836
116.593
116.709
115.637
118.718
116.117
116.425
116.517
116.134
115.943
119.736
116.549
115.731
115.875
115.335
116.424
115.974
116.933
117.618
116.904
115.945
117.353
115.788
116.483
116.226
115.587
115.811
116.169
115.757
117.033
116.56
115.946
115.949
115.834
116.114
115.122
115.978
115.484
117.533
115.861
115.274
116.692
115.424
116.72
116.705
115.952
116.167
115.845
115.469
115.251
115.924
115.302
115.736
115.6
115.008
115.435
118.156
115.789
115.805
115.727
116.187
115.448
116.338
115.719
116.028
115.829
116.397
116.005
116.295
116.184
115.833
116.42
115.8
118.186
115.838
112.971
111.892
112.108
115.715
115.975
113.598
112.987
111.894
112.358
112.983
112.842
112.154
114.588
116.336
115.115
114.865
114.558
112.965
115.219
113.804
116.121
116.61
116.767
115.953
116.79
116.216
116.119
116.097
116.22
116.055
117.226
116.415
116.797
118.45
116.235
116.252
116.092
117.915
115.664
116.851
116.959
118.02
116.705
116.065
116.787
116.262
114.919
117.302
117.927
116.177
118.522
116.644
116.75
116.439
116.137
116.112
116.274
116.84
116.474
116.485
116.279
115.958
116.361
115.58
116.363
116.257
116.27
116.119
117.788
116.127
116.1
116.573
115.336
116.825
116.442
115.63
116.373
116.465
116.37
116.182
117.685
116.48
116.182
116.377
116.794
118.954
116.83
115.884
117.155
116.172
117.792
117.564
119.21
115.691
116.546
115.808
116.458
116.91
116.338
116.172
116.636
117.273
118.371
116.588
117.023
116.679
116.315
115.33
112.652
113.353
112.281
111.785
112.699
112.702
115.198
115.757
117.705
113.381
113.121
115.757
119.308
116.125
116.184
116.505
116.595
116.974
116.243
117.257
115.846
116.42
116.247
116.368
116.836
115.897
116.673
117.258
114.929
116.568
115.474
116.212
116.556
115.64
115.564
114.734
113.156
112.201
113.199
112.856
111.683
112.153
112.275
112.639
112.902
112.218
113.288
117.659
115.717
115.443
116.169
115.637
116.237
115.625
115.979
115.869
116.041
115.493
115.389
115.891
116.004
115.794
116.298
115.926
117.979
115.826
115.725
116.019
117.957
115.596
113.471
115.976
116.01
115.395
116.761
115.361
115.916
116.377
114.858
115.61
115.506
117.796
115.349
115.486
115.147
115.429
116.278
115.676
116.344
115.817
115.08
115.614
115.849
115.817
116.196
115.604
115.616
115.892
115.627
118.034
115.2
116.365
116.187
116.487
115.939
116.564
116.195
116.56
115.841
115.809
116.228
115.2
116.308
115.602
115.942
115.245
118.645
115.838
115.617
116.072
115.981
116.192
115.637
116.75
116.113
115.94
116.066
115.823
116.103
116.011
116.407
115.836
116.019
116.817
117.863
115.369
117.099
115.975
120.269
116.704
116.815
116.603
115.989
116.86
117.582
116.484
116.898
116.732
116.79
116.503
117.521
118.595
116.128
116.624
116.512
116.323
116.896
117.224
116.903
116.195
116.65
117.036
116.678
116.863
116.895
113.832
116.305
116.671
117.828
116.623
118.059
117.568
117.598
116.7
113.255
115.845
118.368
116.451
116.578
116.372
116.84
116.415
115.948
116.605
116.352
118.685
117.261
116.57
115.799
117.141
117.059
116.408
117.159
117.309
117.001
116.147
118.728
117.073
116.452
117.561
116.628
115.955
117.828
117.409
116.819
115.867
116.799
116.619
116.782
116.971
116.57
116.269
116.522
115.986
116.677
116.85
116.931
116.558
116.489
116.808
117.8
116.962
116.948
116.875
115.89
116.707
116.693
116.111
116.577
116.601
116.494
116.861
116.968
115.938
118.068
116.299
117.605
119.344
116.402
117.213
116.84
115.943
117.625
116.685
116.064
116.808
116.762
116.05
116.147
116.905
116.471
117.464
117.41
116.897
119.15
116.477
116.717
116.913
117.339
116.936
116.779
116.622
117.016
117.103
116.755
116.946
117.111
116.288
116.316
118.428
117.056
118.512
116.182
116.165
116.083
117.665
116.276
116.456
117.901
116.9
117.236
117.294
116.955
117.233
117.147
117.4
117.163
117.631
117.16
118.341
116.881
117.404
117.634
117.839
118.115
117.618
117.337
116.899
117.689
117.209
117.219
117.101
117.012
116.915
117.29
117.768
119.232
116.417
116.138
116.903
117.405
116.674
116.503
115.724
112.814
113.182
113.636
113.801
115.906
115.863
116.665
115.884
116.204
118.964
118.049
116.536
116.633
116.203
116.028
116.354
116.503
115.885
116.001
115.715
116.011
116.414
115.804
115.584
116.438
116.522
117.904
116.533
116.064
116.423
116.725
115.831
116.221
117.535
116.317
116.264
116.219
116.399
117.06
116.421
116.585
116.725
116.52
116.461
118.222
116.909
116.668
116.325
116.187
115.348
116.043
117.349
116.074
116.028
116.361
116.427
115.905
116.078
116.088
115.5
115.756
117.285
115.895
115.985
115.692
115.757
116.59
115.287
115.656
116.157
115.575
115.903
116.399
116.225
116.346
118.144
116.525
115.73
117.983
115.318
115.859
116.316
116.728
116.126
116.187
116.188
116.536
116.689
116.632
117.387
116.383
117.486
116.738
116.948
117.408
116.502
117.028
113.043
113.252
112.146
112.618
112.76
112.586
113.803
114.336
113.933
115.888
112.9
113.497
113.072
112.635
114.804
115.536
118.287
116.685
117.005
117.521
116.215
116.633
116.914
118.139
116.604
117.402
116.34
117.128
118.944
116.955
116.903
117.256
116.444
118.414
117.072
118.148
116.442
114.418
113.738
112.603
113.548
112.666
113.049
112.744
112.962
115.366
116.017
114.809
113.14
113.278
114.839
119.447
117.206
117.425
117.629
116.87
117.973
117.194
117.261
117.741
117.817
118.038
117.132
116.956
117.075
116.348
117.11
116.052
118.388
116.792
117.252
116.861
117.721
113.639
116.861
116.022
114.855
116.78
116.653
113.31
115.451
117.371
117.409
117.476
116.817
118.501
118.036
117.312
117.053
116.312
118.054
117.384
116.968
116.428
115.829
113.355
116.297
117.714
117.381
116.792
117.501
116.588
117.068
119.127
117.171
116.174
116.983
116.388
116.993
116.691
116.04
116.275
116.3
116.163
116.537
116.591
116.689
113.914
113.01
116.28
119.644
117.13
115.941
116.83
117.02
116.539
117.684
117.137
116.376
114.73
113.651
113.668
113.453
116.115
116.349
116.662
117.881
119.504
116.752
117.286
116.202
116.587
116.635
116.927
116.57
116.806
116.108
114.854
114.794
117.132
117.147
116.725
115.868
116.504
116.716
117.964
115.96
115.823
116.147
116.349
116.275
117.168
116.891
118.059
115.937
116.234
117.922
116.619
116.12
116.519
116.39
115.88
118.293
116.473
115.537
115.995
116.544
116.967
116.302
116.86
116.673
117.21
116.753
116.779
116.197
116.018
116.896
116.633
116.885
119.068
116.739
116.496
116.544
116.671
116.26
116.894
117.197
115.795
116.687
116.405
116.253
116.814
115.793
116.617
116.909
117.119
119.141
116.982
116.461
117.138
116.973
116.713
116.835
117.397
117.214
116.448
117.692
