6.95175e-310
6.95175e-310
890.689
877.457
925.218
914.473
917.232
905.587
912.358
898.598
857.239
853.013
871.588
870.563
867.796
856.373
807.744
800.952
813.803
817.498
815.494
832.005
800.263
802.341
798.864
805.199
808.315
806.208
799.804
805.334
810.724
803.33
804.207
803.158
803.687
803.18
804.308
800.887
801.445
799.796
800.412
801.522
798.608
799.765
800.427
799.397
799.467
795.757
796.346
797.895
793.938
795.211
796.655
791.876
787.919
783.17
780.677
784.541
787.918
784.056
779.12
795.586
797.606
800.356
800.951
802.558
785.543
786.794
812.252
793.452
791.112
789.04
777.002
769.182
773.422
774.828
787.374
793.164
816.035
814.159
841.862
790.736
840.046
797.823
795.059
807.275
780.063
789.074
784.801
785.236
789.233
789.864
793.66
789.022
789.708
784.114
786.119
786.265
782.503
768.555
783.48
782.66
783.889
780.728
781.599
782.922
780.308
780.631
780.021
776.949
783.613
822.079
766.3
781.614
796.233
781.784
778.823
779.803
796.282
795.904
785.863
780.124
777.609
777.846
778.962
785.971
794.779
795.666
796.276
785.291
784.419
781.315
779.617
786.604
789.371
792.404
778.101
777.636
802.045
793.447
806.491
796.793
784.367
783.283
761.213
782.481
794.399
788.949
785.178
791.488
795.326
797.122
791.432
793.701
802.136
797.145
785.931
782.883
781.434
788.475
790.795
801.56
793.377
782.356
781.505
798.045
793.785
786.081
785.57
793.474
787.405
792.065
784.387
783.977
794.235
796.398
789.299
787.433
786.389
780.094
757.757
774.313
777.377
780.768
790.64
798.037
786.535
788.546
793.878
781.026
756.652
757.693
774.024
772.879
774.699
771.697
772.839
775.131
772.139
773.116
759.462
789.013
799.178
791.858
778.481
769.939
756.874
772.207
775.956
771.379
760.788
758.287
770.673
774.175
773.258
772.467
770.439
771.376
773.776
772.271
772.737
770.968
770.278
772.711
770.36
770.438
773.199
771.706
771.811
770.024
771.087
773.381
772.296
773.127
770.746
770.594
771.996
770.143
770.528
773.001
764.462
754.82
770.349
769.888
760.393
755.682
761.377
772.383
770.919
770.507
766.992
766.425
772.161
769.564
771.555
753.278
768.666
759.809
764.386
758.626
772.467
769.039
770.426
769.639
768.822
769.69
768.516
772.18
769.029
769.644
770.68
768.594
768.621
754.11
769.21
771.125
768.033
770.051
771.68
767.85
763.035
767.634
765.754
770.019
767.665
769.187
769.803
766.667
769.035
763.525
760.175
769.804
770.504
760.199
772.057
768.246
768.531
767.326
767.385
769.833
766.551
767.097
768.992
767.893
761.312
762.835
767.968
769.821
753.639
748.17
749.523
771.709
753.229
768.918
769.75
752.379
758.04
766.13
769.972
752.136
769.601
767.039
768.281
760.933
767.856
771.379
767.92
754.942
769.23
768.097
768.663
769.194
767.463
770.541
768.305
759.394
756.077
757.593
769.746
766.494
766.773
768.882
765.237
744.658
755.794
764.034
769.887
767.563
758.852
766.064
765.12
766.66
767.65
767.852
767.16
758.682
763.833
770.855
766.826
765.762
767.733
765.677
767.809
751.269
743.773
760.213
765.437
769.075
766.343
766.014
766.573
763.695
748.074
763.868
766.021
775.999
781.972
755.872
769.115
773.304
771.799
781.809
767.755
769.066
765.507
766.727
769.376
766.57
768.161
768.717
768.245
770.536
768.193
761.552
769.288
766.394
767.993
765.634
765.989
768.112
766.569
764.418
766.579
766.268
767.427
761.208
764.078
769.554
769.187
786.568
768.516
785.82
775.668
794.271
806.085
790.196
774.877
783.107
779.46
783.527
782
772.896
790.191
785.308
780.79
781.374
773.461
774.949
779.669
778.729
783.133
783.936
782.84
784.462
816.664
770.997
765.67
765.984
760.106
770.416
790.247
766.87
770.832
828.078
846.325
801.91
811.167
769.634
767.034
762.683
748.083
780.17
781.999
765.367
751.827
759.265
767.147
764.253
765.615
763.243
763.338
764.579
766.509
764.282
771.773
763.59
771.85
764.497
763.816
767.188
763.944
764.625
766.369
764.543
767.043
764.985
764.194
765.723
765.328
766.838
764.538
764.415
767.35
767.045
763.581
767.408
758.97
756.793
763.051
763.561
765.26
763.119
765.066
768.91
764.222
765.275
764.116
764.36
766.318
799.097
769.826
765.578
761.452
766.212
761.739
763.236
765.118
763.71
766.326
762.653
763.024
765.265
764.668
765.033
765.356
763.326
766.268
763.527
763.377
765.404
748.591
759.759
764.705
745.444
761.08
768.445
764.135
767.341
763.287
768.249
764.406
763.89
765.415
764.199
765.333
780.69
771.762
758.662
765.284
761.547
767.014
773.737
769.58
753.452
768.111
767.674
775.517
781.279
773.362
762.737
766.116
764.566
763.377
765.349
763.525
764.495
766.023
763.035
763.164
761.705
762.976
764.427
764.176
763.881
767.85
763.13
765.54
762.504
756.713
757.719
762.643
763.014
766.045
764
766.475
764.261
764.066
767.28
763.469
763.627
751.473
755.589
764.955
762.288
760.393
765.345
763.656
764.963
764.074
764.98
764.926
762.539
762.541
765.609
763.384
766.381
761.976
764.039
764.115
762.149
761.532
765.683
763.266
764.95
763.417
761.682
764.557
763.124
763.48
764.011
764.167
764.386
762.477
761.513
758.751
757.746
765.261
763.604
766.525
759.871
761.676
761.187
763.498
763.929
763.599
761.032
764.397
747.655
751.733
761.972
764.904
764.006
767.822
755.213
762.931
766.144
762.606
748.095
763.213
763.702
762.679
745.82
763.163
765.889
759.444
750.877
741.002
742.779
740.846
755.409
762.811
761.624
762.047
760.722
764.64
761.706
763.898
761.839
760.951
762.676
761.447
762.957
760.714
745.759
755.019
745.427
758.826
755.811
752.07
762.633
760.156
745.88
739.159
738.263
754.166
763.062
763.613
765.365
762.143
762.229
765.265
763.01
762.807
764.693
762.668
764.887
761.783
762.91
757.782
762.34
761.3
764.72
763.725
764.17
760.135
760.513
763.714
761.813
763.858
762.998
750.815
757.446
765.067
755.946
746.266
754.253
762.592
748.337
756.92
765.227
754.853
739.667
762.356
760.803
760.399
748.351
756.81
760.82
750.373
760.82
762.122
760.447
760.366
764.636
762.133
745.763
747.909
758.321
761.549
761.04
759.605
763.191
751.566
748.53
756.276
744.473
748.465
770.153
752.245
750.282
760.648
762.414
763.021
761.28
763.971
761.781
764.259
761.723
761.971
763.623
762.005
762.049
763.123
763.561
763.23
761.818
761.723
763.822
761.539
762.181
756.631
755.549
763.793
761.842
761.814
763.363
761.502
760.628
765.021
762.838
763.673
745.37
761.819
763.326
761.776
763.788
764.084
761.904
761.719
760.558
761.302
764.072
761.49
761.894
745.79
761.51
756.952
743.348
757.26
779.259
779.349
774.649
779.635
770.768
773.949
762.25
759.945
771.231
779.002
773.941
773.189
772.411
776.516
761.554
744.138
744.173
750.713
739.971
758.193
757.979
751.507
761.442
762.512
760.971
760.001
758.331
760.42
761.411
760.582
758.899
763.284
760.317
761.523
764.088
760.503
761.308
755.53
761.485
764.116
760.594
761.609
761.843
760.317
760.862
763.738
761.772
750.748
739.387
760.54
753.649
760.683
760.462
761.153
761.837
762.918
761.806
760.446
763.665
760.324
760.845
762.525
761.304
764.871
775.214
774.771
779.815
800.436
779.794
764.44
771.792
785.793
764.993
767.158
776.779
773.379
767.779
765.621
756.614
754.741
761.084
762.951
760.244
759.927
763.091
759.994
761.178
762.389
762.838
763.377
760.35
759.104
761.51
760.627
759.782
764.427
760.509
762.258
762.504
755.318
740.685
750.917
760.203
763.218
807.631
762.647
762.519
761.434
763.211
761.374
762.322
753.674
758.69
761.858
760.557
760.6
761.847
760.899
762.237
760.755
746.065
754.051
748.996
756.948
740.569
759.097
757.236
757.279
760.759
761.371
758.872
759.449
753.029
742.021
761.072
761.475
759.461
762.055
760.043
760.128
761.826
760.122
762.274
760.731
760.343
762.162
761.837
757.771
747.988
759.289
761.384
760.478
761.612
762.017
760.538
760.468
762.347
760.13
761.525
762.704
759.922
763.162
742.848
750.685
759.608
754.719
754.234
762.601
759.746
761.303
755.476
760.928
762.205
760.747
760.447
759.364
754.777
762.346
759.381
758.462
761.943
760.716
762.885
760.254
765.91
752.772
739.453
747.249
741.486
760.572
751.879
743.498
758.405
761.285
759.236
759.609
762.102
760.781
761.567
759.767
760.272
762.337
760.296
760.906
754.967
754.494
760.662
752.691
763.244
761.207
760.86
761.157
760.429
760.298
761.052
759.27
762.669
760.781
757.923
761.422
759.22
758.161
761.894
759.784
759.216
761.662
760.302
761.114
756.995
760.62
761.39
758.894
759.332
760.643
759.507
761.766
760.083
759.929
749.692
740.454
742.789
760.77
747.561
744.642
758.667
749.962
755.889
748.515
747.114
745.555
750.305
759.65
758.21
759.15
760.368
755.651
750.274
755.439
759.13
758.792
759.351
758.792
761.618
759.998
759.53
760.641
759.647
760.511
759.431
760.838
761.343
759.151
759.036
761.822
758.333
760.636
760.162
759.894
762.729
760.449
758.491
761.69
759.097
761.135
747.439
755.374
762.108
759.524
761.146
759.129
759.274
760.856
759.472
758.739
761.715
759.352
761.544
758.574
759.633
760.927
758.114
758.447
761.203
758.322
761.53
757.32
752.888
761.376
764.628
758.757
761.398
741.288
740.872
758.711
759.935
761.43
759.268
759.949
763.648
760.207
762.267
735.81
757.67
761.568
757.817
760.184
762.042
758.44
761.5
759.366
759.563
759.626
759.785
759.238
761.801
757.136
741.653
748.273
754.746
761.466
759.585
762.472
754.316
758.194
760.342
758.683
758.68
760.404
759.101
759.966
741.25
740.629
761.237
738.216
734.89
749.561
739.884
742.125
756.495
757.828
758.74
759.503
764.828
760.78
757.375
759.643
761.01
759.497
752.691
753.438
751.083
742.052
741.795
754.351
747.124
742.519
749.445
752.386
758.593
761.208
759.325
759.322
760.92
758.316
761.402
747.029
752.446
760.472
760.863
758.68
759.255
741.485
759.455
758.4
748.606
762.524
738.991
747.096
761.737
759.486
753.337
740.344
758.415
761.829
747.69
746.77
755.418
743.582
762.05
758.756
745.519
754.231
758.133
747.469
741.601
734.298
743.25
756.19
758.261
760.25
759.952
745.039
760.543
736.517
744.697
759.449
760.306
759.848
758.696
757.688
758.242
758.035
761.138
780.946
762.549
807.322
752.639
756.755
759.889
754.231
757.929
759.837
757.788
759.612
759.857
759.492
759.876
758.721
760.665
757.464
758.599
759.653
758.249
752.815
759.351
758.447
761.599
757.888
757.151
758.751
738.177
751.615
761.559
759.931
753.585
746.034
759.794
745.344
757.347
754.263
755.129
762.264
757.394
749.437
756.136
757.902
809.207
798.175
758.993
757.432
759.417
759.077
757.948
758.429
757.971
757.08
747.739
756.203
757.211
753.108
758.218
758.971
757.137
763.955
760.02
757.27
757.245
756.865
759.108
746.316
789.603
758.461
748.75
757.577
760.674
756.573
757.314
757.165
754.747
757.673
756.604
758.296
761.523
758.328
760.651
759.601
758.18
781.918
757.909
757.394
758.818
748.706
753.804
759.18
758.176
759.196
756.765
750.128
758.648
757.646
759.944
759.025
757.566
759.148
757.571
746.149
744.939
756.753
760.815
757.018
758.308
759.815
757.054
757.802
759.299
758.41
761.637
758.434
757.963
759.058
758.963
758.024
759.474
758.044
755.063
755.043
758.02
761.283
754.273
740.966
757.397
759.388
759.462
760.432
756.417
735.815
750.069
733.548
742.011
746.072
752.357
755.918
757.955
759.467
739.163
743.777
759.225
756.854
760.075
756.958
756.422
761.316
764.98
759.097
758.778
756.951
760.354
756.905
757.509
758.213
757.321
757.374
758.144
757.357
758.517
757.614
757.507
758.908
757.407
757.534
760.12
758.163
760.678
758.266
758.87
770.402
839.439
781.093
765.866
784.386
772.462
762.278
761.951
759.04
759.263
768.218
769.316
764.675
751.699
779.721
771.538
773.525
771.029
760.788
758.392
760.154
767.907
749.268
761.803
759.371
757.454
758.239
756.685
754.631
754.543
757.346
759.351
758.917
756.764
758.501
756.099
756.73
760.774
755.965
758.268
758.716
758.303
758.789
789.105
785.083
779.624
781.57
790.998
773.45
759.572
758.954
758.843
764.288
762.724
750.793
745.668
758.63
797.679
885.715
787.813
782.794
780.454
805.039
817.097
826.409
779.493
773.831
763.857
774.539
821.161
848.796
798.284
796.015
780.332
792.277
823.121
891.964
792.398
822.813
820.827
779.696
778.266
816.855
804.851
877.783
809.392
818.364
776.138
798.468
816.416
868.484
805.071
831.784
798.726
781.78
808.17
825.554
827.693
804.468
804.997
798.844
786.83
781.986
827.221
852.995
795
798.495
785.502
796.723
783.808
801.312
791.023
789.701
781.18
791.68
819.411
767.498
772.533
765.128
775.504
766.283
768.375
766.835
770.375
760.664
769.325
767.457
794.902
777.512
755.113
749.789
759.13
757.026
751.927
755.475
756.874
764.792
770.26
756.299
745.091
757.724
757.781
761.376
757.261
759.575
755.722
756.097
758.303
755.367
758.1
763.556
774.231
767.566
755.985
765.596
761.394
767.095
765.069
753.443
760.33
770.372
773.351
766.892
758.561
757.951
774.69
797.802
775.853
772.582
765.006
747.302
766.017
762.157
771.352
774.033
770.992
764.494
759.011
767.175
769.187
762.93
753.726
758.797
758.334
756.891
755.577
749.138
751.198
757.507
758.635
756.696
758.974
752.275
754.185
757.486
754.423
755.044
757.086
756.376
756.672
738.264
751.054
758.108
758.107
772.547
764.438
764.083
764.105
776.608
768.35
745.087
771.328
754.884
771.91
770.578
771.718
762.451
763.264
773.642
769.13
764.76
768.036
770.263
758.074
769.619
775.489
780.751
775.878
777.476
767.67
769.255
761.168
774.786
763.575
781.649
758.782
775.717
770.222
760.78
759.982
764.699
770.823
770.271
754.922
770.141
765.021
740.255
737.421
739.195
746.103
759.889
743.983
768.794
774.186
759.436
758.056
766.155
759.426
765.492
756.426
776.568
761.066
761.842
767.335
771.001
761.572
748.653
767.875
763.383
752.161
773.014
749.684
740.435
769.262
775.365
769.685
764.017
759.144
741.406
748.22
759.846
763.671
770.162
771.294
773.243
770.7
819.167
756.996
766.135
776.694
768.707
770.842
763.671
750.926
767.962
774.165
771.218
775.919
766.008
772.011
773.722
762.457
748.705
740.412
758.686
753.179
750.615
736.035
756.208
755.39
759.519
741.317
755.233
756.953
755.759
754.911
757.498
756.944
758.559
754.843
757.069
757.705
756.53
756.608
758.041
756.599
757.808
755.834
756.28
758.483
756.608
756.027
762.119
756.897
757.143
754.802
756.377
749.713
756.388
756.592
758.48
756.254
758.577
754.388
749.153
760.969
756.137
758.47
741.993
744.438
754.689
731.556
732.899
748.822
753.953
752.592
751.882
747.46
758.79
755.865
756.078
756.951
754.946
756.057
757.017
756.973
758.253
757.295
765.075
759.065
757.062
757.298
756.97
755.374
756.446
756.026
755.497
758.078
756.493
755.946
757.308
756.081
758.435
755.89
757.254
758.395
754.871
755.495
757.86
756.363
758.338
756.699
756.536
756.721
756.032
755.619
758.856
755.87
756.48
756.511
755.616
755.18
756.858
757.49
754.378
751.193
756.597
759.714
754.522
755.511
753.916
759.176
754.664
755.044
757.846
756.678
755.7
758.53
756.029
756.309
756.422
755.106
756.433
754.87
751.683
740.646
756.985
757.837
757.817
749.861
740.317
744.637
748.94
741.785
740.324
745.212
756.69
758.283
759.161
756.839
755.014
756.927
755.17
754.383
757.824
756.43
756.601
755.853
756.03
758.318
756.073
756.349
758.17
756.528
756.957
756.577
755.72
758.768
756.991
756.228
756.616
755.102
756.822
756.713
755.253
753.123
757.054
756.385
754.545
742.794
759.114
755.471
756.05
757.585
755.937
771.158
741.784
748.597
749.81
734.07
743.823
757.814
755.363
754.283
748.312
756.057
757.021
754.43
755.597
757.001
754.455
756.433
757.163
755.612
756.395
756.018
755.369
755.403
753.132
761.552
789.585
770.102
755.942
741.886
755.138
756.245
755.585
755.98
754.924
749.101
756.719
747.054
753.51
755.439
755.629
756.903
755.445
754.859
757.007
736.601
738.423
741.757
750.674
732.836
751.015
754.824
755.323
754.152
756.442
756.122
756.067
754.054
754.89
755.304
756.819
756.052
755.633
756.973
755.138
746.247
757.172
755.612
757.523
755.299
755.6
756.297
756.127
755.417
757.971
755.959
757.467
756.347
741.081
758.948
752.846
754.992
757.308
755.507
761.735
755.339
754.998
756.761
754.503
756.008
756.966
755.5
756.807
755.875
754.497
758.092
760.613
757.389
757.738
754.99
756.949
755.922
755.969
756.413
754.716
745.03
755.751
753.781
752.002
756.817
757.081
756.422
756.217
757.773
756.683
755.903
757.301
755.289
754.52
759.478
755.686
757.701
742.604
748.09
748.443
734.828
737.628
756.524
755.671
741.359
754.296
756.596
763.765
770.886
785.634
774.08
777.587
756.723
732.875
746.049
741.931
736.186
756.148
754.92
799.898
738.337
757.349
754.475
757.492
839.938
768.075
757.799
738.299
749.246
754.892
756.358
758.325
755.986
756.151
760.537
756.625
756.728
758.081
755.375
758.703
755.615
756.49
758.628
755.154
757.584
755.302
754.768
757
754.587
757.93
763.078
756.417
757.621
755.345
754.643
758.121
771.527
755.078
757.559
756.781
758.708
756.851
751.128
753.863
756.336
755.715
757.998
771.832
819.472
754.355
749.27
758.599
760.519
771.89
753.434
757.34
770.093
775.775
757.224
758.059
756.285
761.05
757.917
782.824
771.474
765.031
770.914
774.573
769.715
778.716
773.681
765.837
772.961
755.946
757.51
755.3
758.171
758.63
758.879
769.483
777.182
773.056
778.81
761.748
771.866
777.756
768.586
768.737
770.064
764.802
756.912
758.023
761.257
760.722
757.085
769.004
770.156
773.491
763.884
768.006
765.563
772.048
769.338
768.813
773.219
764.185
764.907
774.32
757.465
746.765
739.096
757.344
755.172
756.756
761.287
760.583
762.53
780.692
770.853
776.515
778.04
768.201
772.649
774.301
757.68
753.739
756.079
756.739
764.192
765.242
749.194
755.101
760.205
757.376
759.73
766.731
774.414
771.708
771.407
770.607
769.058
753.822
746.34
759.83
762.213
779.988
777.663
764.801
774.537
774.548
765.422
745.322
758.758
763.63
767.601
764.774
771.611
741.788
741.173
756.991
755.832
755.856
755.17
755.76
755.995
754.698
754.434
758.487
756.581
758.628
754.672
755.152
756.654
755.222
754.886
768.201
757.609
768.527
765.71
771.37
757.505
756.008
754.651
757.857
769.247
777.287
762.282
767.651
758.43
754.817
756.074
768.863
777.028
778.158
755.74
756.083
758.303
756.989
758.215
755.257
734.271
745.105
753.855
754.339
755.833
755.713
761.984
756.069
753.969
756.086
754.748
755.036
745.683
745.536
756.307
755.125
757.372
756.989
754.682
755.086
757.98
746.569
757.983
754.23
755.58
757.022
755.555
755.854
757.061
755.017
757.03
754.765
754.267
757.8
737.172
751.87
755.712
754
756.753
747.742
742.496
741.704
755.147
756.567
756.536
755.351
756.564
755.25
755.029
756.911
755.107
755.726
756.524
755.844
756.571
754.721
756.562
756.409
754.92
762.966
775.742
770.346
763.152
755.311
755.1
755.579
758.362
757.002
756.748
754.283
755.827
754.64
755.281
757.459
755.144
745.31
744.838
755.482
758.12
754.233
754.521
755.409
755.195
756.401
756.959
757.107
756.944
779.65
755.075
756.544
752.709
752.922
754.095
754.719
756.622
754.648
756.554
758
754.406
754.015
758.919
755.715
755.588
752.787
753.366
756.721
754.018
754.842
756.369
755.153
756.693
754.275
755.317
756.923
755.233
755.973
742.576
744.126
753.013
753.626
752.574
746.915
754.71
753.455
756.316
754.309
756.067
754.69
753.073
754.829
752.38
733.492
738.72
758.027
757.18
752.501
754.336
756.479
754.788
755.003
756.762
755.075
758.101
754.485
754.371
756.16
755.663
746.404
747.722
755.51
756.86
755.856
754.736
755.058
753.997
755.158
742.462
755.57
754.784
753.602
749.255
750.905
751.4
751.818
734.549
743.675
756.759
756.547
754.606
758.099
755.492
753.759
756.489
754.572
756.097
760.319
755.027
755.99
754.66
757.041
739.938
756.332
755.477
755.443
749.378
744.228
754.968
755.095
749.355
742.487
754.556
757.952
753.287
755.784
754.272
749.773
743.89
754.104
753.388
755.709
754.461
756.851
754.738
753.95
756.286
754.606
754.9
735.402
751.777
757.91
754.185
753.897
758.801
740.287
738.108
756.39
734.626
755.371
756.662
734.973
740.778
743.431
744.685
749.097
735.456
736.721
746.075
752.244
756.692
755.685
754.323
757.873
754.208
757.11
755.083
755.517
756.211
758.837
755.454
748.984
753.229
755.279
754.129
754.177
749.193
738.41
739.386
748.893
744.031
735.805
743.605
754.944
756.521
750.959
740.742
739.269
741.503
742.164
757.679
754.245
809.656
754.119
754.449
755.998
753.798
754.668
756.949
754.947
756.307
754.1
753.553
756.254
753.838
755.269
757.294
753.41
757.926
754.506
754.311
756.819
754.989
755.079
756.658
754.814
756.128
755.065
754.296
757.38
755.843
754.223
756.695
754.894
756.064
753.989
755.478
756.466
753.421
754.972
745.727
738.779
734.677
731.693
747.568
760.253
753.964
756.779
758.461
754.128
757.994
753.486
753.775
755.781
755.398
754.347
757.257
751.342
744.73
733.422
743.259
738.675
751.974
754.065
756.327
756.735
756.052
738.815
754.364
755.407
738.481
755.376
736.91
740.704
756.92
754.635
755.175
757.774
754.478
755.111
756.291
755.647
756.739
753.477
753.342
756.623
762.567
735.727
751.8
754.448
757.522
754.385
755.607
756.426
754.36
754.819
756.694
754.522
756.506
755.361
754.781
757.511
755.399
754.203
756.119
755.055
755.647
755.176
754.385
757.395
754.842
754.887
755.866
735.511
745.112
744.282
739.209
754.457
755.156
754.484
757.265
755.542
754.165
755.371
832.038
744.871
737.137
754.639
756.173
758.77
758.895
754.895
752.577
756.321
754.098
753.825
757.201
755.165
755.62
755.231
755.239
757.06
754.182
755.477
753.784
757.296
759.24
754.05
754.637
756.812
756.4
755.99
755.853
753.442
756.484
754.985
754.247
752.999
731.7
756.109
740.716
730.988
753.642
756.853
754.761
755.916
755.205
756.839
754.718
755.042
755.26
758.401
732.258
745.517
755.603
757.597
756.393
756.574
750.859
753.324
774.787
756.218
753.713
755.021
756.286
754.985
754.251
755.496
753.882
755.943
753.82
753.142
756.409
754.683
754.811
755.493
754.442
759.289
751.678
752.863
754.252
754.075
755.153
763.469
749.35
756.464
733.847
753.072
756.145
755.843
753.09
757.247
754.374
756.353
754.732
756.7
755.744
753.471
751.31
745.452
737.944
756.552
753.879
754.361
737.894
746.717
754.647
755.277
754.135
756.572
755.114
755.051
796.725
737.606
743.189
749.644
738.3
756.063
756.248
754.861
754.636
753.895
755.023
742.382
744.5
755.062
756.501
743.771
741.206
755.427
754.351
756.932
739.712
751.722
744.283
736.647
742.094
736.293
754.391
756.741
755.168
755.298
754.73
753.473
756.782
754.191
755.109
756.635
752.845
756.054
753.312
753.54
755.342
754.561
753.991
754.971
753.602
755.375
753.523
753.454
754.773
753.31
753.79
756.284
743.084
735.781
749.604
754.051
754.843
754.118
753.985
754.55
754.064
754.834
756.139
753.847
756.402
754.61
742.805
745.049
752.983
753.137
756.388
750.483
758.89
756.635
755.993
755.462
754.329
754.22
756.045
753.879
755.372
746.633
744.828
758.315
754.064
754.543
759.304
752.685
756.786
756.511
735.177
745.683
750.313
733.052
752.01
754.578
754.573
755.216
754.805
751.025
739.902
732.226
752.925
752.972
756.778
754.31
754.151
755.731
754.587
755.246
756.151
752.753
756.709
739.88
743.226
754.957
754.08
752.025
754.577
753.448
759.571
737.053
737.784
752.302
758.691
750.164
756.418
752.591
758.074
743.343
749.626
755.473
747.178
753.945
755.217
754.932
758.331
753.047
749.757
757.57
753.17
755.595
755.347
754.366
756.714
752.825
755.086
743.847
747.205
733.32
755.768
753.663
748.55
744.858
753.732
750.363
750.034
754.708
755.504
753.785
754.518
756.862
756.094
755.537
753.896
754.879
756.435
754.331
800.724
754.476
763.99
756.81
753.975
754.375
755.438
754.973
755.604
753.558
755.215
751.249
754.497
751.221
756.436
753.665
744.705
736.924
757.816
755.942
752.839
753.228
756.745
752.298
752.9
755.793
753.051
755.648
754.467
754.16
757.721
754.452
754.513
757.073
755.772
757.228
753.797
754.907
756.712
754.622
755.831
755.57
764.83
758.213
753.814
754.904
743.469
753.71
760.235
755.046
753.765
756.829
740.929
731.059
736.678
736.044
755.994
756.151
753.623
735.832
754.336
753.603
755.072
756.086
754.559
755.676
753.912
755.75
753.504
753.921
756.916
755.625
753.57
755.143
755.246
756.487
755.14
754.694
756.826
753.773
755.294
756.072
755.478
755.92
753.513
753.841
759.158
752.854
753.403
754.477
752.896
757.131
754.273
754.541
754.711
752.678
752.976
754.883
753.961
754.685
753.526
753.023
754.916
754.259
753.148
757.347
754.626
757.3
733.109
749.066
753.058
753.945
751.979
754.722
752.327
754.803
752.474
749.931
755.851
750.61
742.461
747.793
752.688
748.118
756.449
753.454
755.714
755.87
752.127
754.879
754.987
756.248
753.19
754.117
755.014
754.613
754.408
754.897
753.434
754.64
752.451
751.501
753.494
753.939
752.436
755.406
753.901
756.827
754.082
753.733
754.563
753.328
754.185
755.25
754.235
755.534
752.791
753.467
756.918
753.364
754.932
742.147
744.697
732.487
756.312
741.592
756.414
755.183
730.541
732.377
749.075
733.13
731.828
751.456
755.902
754.572
752.454
755.268
753.407
753.033
755.085
753.199
755.494
754.106
753.646
756.512
746.316
754.112
753.634
753.66
754.653
752.765
754.534
754.598
739.245
737.573
742.408
740.313
748.557
752.301
752.593
755.22
752.814
753.018
757.64
751.587
753.701
753.38
753.331
748.549
750.29
746.986
750.844
753.472
754.927
751.476
782.33
791.848
774.14
751.403
753.215
751.525
752.451
750.211
753.378
754.39
753.045
753.273
753.271
753.397
754.13
740.922
745.45
754.851
752.53
754.426
731.14
742.385
741.191
754.642
753.658
755.729
752.987
748.263
754.308
752.393
752.83
755.416
753.732
756.047
752.409
742.408
743.043
744.9
753.099
753.921
757.595
756.866
751.351
752.79
754.159
752.494
750.946
748.393
747.822
748.67
752.176
752.549
754.963
752.484
752.318
755.053
743.516
754.464
751.958
752.056
754.665
753.849
753.396
755.702
752.451
755.548
752.681
753.223
755.506
751.825
755.017
754.991
753.754
754.21
752.99
753.804
756.223
753.075
752.802
746.929
753.638
742.973
748.923
743.503
734.415
739.45
743.02
754.703
748.582
734.436
757.028
734.896
755.437
754.342
750.606
754.1
751.246
751.866
749.141
751.244
754.37
752.021
753.817
755.217
753.333
754.838
755.125
763.901
770.928
770.322
766.864
757.966
767.891
759.18
755.42
771.171
766.111
742.451
757.096
762.092
768.871
749.307
768.15
758.854
759.487
753.62
753.001
750.854
751.877
755.16
751.362
751.814
753.418
747.525
752.918
756.976
750.556
741.539
763.44
757.197
762.431
752.306
755.65
760.628
753.502
754.929
753.454
753.14
754.831
755.768
757.482
754.67
736.06
740.265
748.755
739.574
753.557
752.387
754.44
753.302
752.571
754.133
754.659
737.728
738.598
753.323
753.563
756.603
769.718
763.474
763.01
761.716
768.993
764.504
754.774
755.825
756.159
757.46
757.748
766.336
757.248
753.392
777.55
793.145
752.731
754.124
751.299
764.304
766.083
773.202
763.437
764.92
765.199
774.215
758.092
768.311
767.153
761.879
767.102
765.763
769.281
769.116
768.017
756.374
758.843
755.92
763.514
770.69
768.698
768.958
766.481
775.268
764.473
762.821
773.63
772.605
767.86
765.302
755.029
766.682
764.091
774.986
760.802
773.392
761.356
766.244
756.122
768.994
771.111
772.038
770.476
756.35
763.619
774.582
768.116
755.616
752.381
752.026
754.678
748.354
747.46
748.071
741.919
754.587
753.122
752.361
747.662
752.572
754.623
755.337
753.44
755.054
753.431
753.541
755.62
753.652
756.086
755.616
751.443
752.326
751.457
751.899
761.852
768.535
739.434
753.073
752.144
755.484
755.491
752.297
766.969
759.324
773.158
778.008
763.581
762.003
752.044
750.314
754.696
752.741
752.465
754.135
751.368
755.171
751.485
752.219
753.982
751.399
752.175
754.544
748.246
753.292
750.978
750.326
753.484
754.034
753.244
752.995
753.134
754.822
752.172
752.458
754.123
751.609
754.314
754.348
751.761
753.707
752.396
753.603
755.111
749.318
751.852
753.723
751.614
752.583
751.11
749.992
756.119
752.682
750.616
742.371
737.703
751.202
743.816
745.129
753.232
750.346
739.096
753.932
750.717
752.04
750.851
751.176
754.423
752.03
751.318
753.359
752.563
752.394
754.23
751.103
753.59
751.363
752.873
754.827
752.263
753.318
754.491
753.017
754.57
753.226
752.786
754.438
752.964
755.671
757.967
752.926
752.496
749.997
747.329
752.378
752.718
755.425
753.942
752.74
754.007
751.762
751.917
754.312
751.435
753.854
753.917
753.125
747.058
751.234
738.567
752.883
751.818
737.071
738.049
739.009
740.5
732.737
747.123
754.208
752.452
743.564
738.244
748.214
734.026
739.821
751.221
755.13
752.763
741.761
755.748
748.429
729.699
749.31
732.29
738.12
729.497
742.219
736.306
755.08
752.21
754.418
753.087
755.848
753.396
753.156
751.153
752.483
752.317
754.723
751.851
756.506
753.698
753.21
755.81
753.256
753.989
755.754
751.984
754.05
753.109
753.849
754.062
753.381
738.84
754.061
752.672
755.939
752.652
754.077
754.698
751.417
752.864
755.61
753.528
755.813
752.011
751.084
747.092
738.596
738.453
746.131
750.084
745.803
753.145
737.649
737.238
741.827
752.062
755.048
751.568
751.009
753.437
753.119
754.197
752.01
753.592
757.83
752.372
750.957
755.542
753.946
755.624
752.519
752.952
754.949
751.839
752.645
754.678
753.282
754.765
753.031
752.568
753.798
751.081
752.56
754.59
753.491
754.571
753.446
746.117
754.211
753.87
752.666
753.617
752.695
756.51
744.31
749.548
747.086
756.704
752.244
753.824
752.83
755.461
753.21
752.595
755.821
753.39
753.096
754.317
751.941
750.298
747.796
741.652
753.881
752.772
743.877
745.773
754.038
753.228
754.964
751.921
753.884
751.717
752.431
753.128
751.229
739.906
737.282
751.215
745.004
753.302
752.148
755.706
755.052
753.08
754.736
753.155
752.322
736.58
749.626
754.366
753.994
752.692
735.837
748.788
758.052
752.966
752.942
756.595
754.358
755.673
754.731
752.394
757.371
751.45
754.127
751.764
749.386
748.405
754.932
753.158
754.086
752.124
752.851
754.508
754.398
754.572
753.393
751.917
754.82
753.006
751.843
753.698
752.022
751.765
756.866
754.9
757.372
752.551
757.544
754.682
751.537
754.471
788.357
749.274
755.972
753.372
755.076
742.483
750.888
751.962
753.26
752.449
751.716
752.247
753.146
754.965
754.79
753.769
756.512
753.317
815.591
765.506
752.861
746.933
751.115
751.998
754.586
752.214
754.007
750.969
752.982
753.397
751.821
752.67
749.11
752.718
754.031
727.907
752.204
754.747
752.665
752.832
754.078
750.953
754.288
757.351
752.113
752.809
752.503
752.319
745.577
732.642
746.645
751.333
756.51
754.036
751.548
742.667
752.968
750.884
741.961
744.314
752.295
753.72
752.723
755.416
753.299
752.903
753.846
753.23
751.989
753.987
753.213
751.617
754.267
752.532
753.291
752.225
751.955
754.452
751.527
753.181
754.517
753.001
753.028
754.3
752.891
748.65
736.741
741.166
769.123
746.6
732.321
751.049
754.152
744.785
755.01
751.177
755.842
752.196
754.32
756.105
754.141
754.969
751.988
752.518
755.056
752.884
753.164
754.104
753.593
753.889
754.052
752.941
755.002
752.546
752.058
754.198
752.726
755.174
753.507
751.677
754.505
751.267
743.564
757.482
755.137
754.927
753.419
751.976
753.426
751.898
751.671
753.648
752.383
752.253
740.96
747.894
752.717
753.481
737.737
755.095
753.37
755.004
750.309
752.458
753.146
751.425
751.573
753.506
749.973
750.261
753.294
745.975
753.258
752.659
753.716
755.311
753.591
753.355
755.055
752.843
755.281
749.902
740.966
754.259
751.457
751.886
752.032
751.944
745.057
754.313
740.669
748.613
751.412
744.139
752.772
745.623
753.256
749.507
752.086
761.968
745.453
733.077
745.151
728.557
742.54
753.541
751.627
752.991
751.831
749.927
754.688
751.218
754.692
754.688
752.824
754.673
753.345
752.027
752.901
753.414
755.732
753.568
752.32
755.537
751.112
752.969
754.658
751.707
752.237
753.452
752.53
754.522
751.582
753.219
751.211
751.567
751.647
753.105
751.103
747.125
752.269
753.379
754.607
754.168
752.493
754.506
752.15
753.689
752.621
753.2
754.306
751.62
751.282
755.245
752.993
753.272
751.43
752.31
753.986
750.607
752.092
754.384
752.823
753.884
751.846
751.647
753.759
753.144
751.511
750.432
742.815
747.972
752.798
752.706
753.866
751.299
751.553
753.476
753.728
753.991
751.643
738.663
748.956
741.765
745.412
745.989
752.58
753.56
751.313
752.329
753.767
752.227
752.644
754.578
752.532
754.825
751.793
753.698
753.159
752.676
751.739
754.361
752.803
753.206
751.333
753.265
752.86
745.059
743.361
748.898
751.905
755.268
751.38
753.491
752.722
751.013
752.255
738.589
728.037
733.043
737.53
750.538
735.88
755.221
752.296
753.263
753.297
752.538
753.519
751.953
754.187
753.017
752.347
751.647
752.39
752.811
753.913
753.421
753.715
743.841
746.872
753.38
752.322
752.732
754.975
753.129
755.592
752.504
752.836
754.971
753.523
752.939
754.023
753.831
749.011
750.227
751.491
756.223
751.765
751.625
754.417
751.962
752.667
751.858
750.264
753.967
752.213
750.527
753.128
753.252
754.553
752.682
753.298
754.784
751.983
751.434
745.168
751.706
753.14
754.867
752.95
753.711
746.826
746.644
754.618
752.905
754.454
754.97
751.85
754.015
753.774
751.919
753.704
751.287
751.3
752.163
750.511
751.499
754.769
752.122
755.613
753.19
753.739
747.936
748.216
753.289
750.989
752.113
754.728
741.397
729.421
744.692
753.198
755.607
752.059
752.198
755.578
752.087
755.22
795.745
751.75
754.835
752.991
753.12
754.834
753.4
752.445
754.452
752.518
751.718
743.358
752.067
754.151
754.249
752.449
754.409
751.821
754.102
752.041
790.769
753.388
748.67
752.058
754.524
755.503
754.683
752.732
752.753
752.496
749.006
751.847
753.563
754.347
752.601
752.44
751.562
754.677
748.222
733.015
745.947
753.249
754.718
751.983
751.981
750.792
754.975
753.038
754.264
750.821
754.593
747.677
754.75
754.268
751.561
752.15
754.467
750.953
753.627
750.954
749.435
738.594
752.402
753.323
754.638
752.509
753.828
752.16
754.184
754.64
752.79
752.32
754.828
745.415
752.542
753.24
753.069
746.756
729.176
751.601
753.696
743.153
745.209
754.038
753.708
740.369
753.88
751.882
752.972
758.85
749.803
753.929
752.668
759.819
777.111
754.384
753.869
752.555
752.927
753.486
754.365
754.14
752.38
739.816
760.008
779.114
763.817
772.626
757.364
754.547
754.716
765.549
770.134
763.667
759.424
754.166
752.012
752.616
752.151
752.326
753.851
752.421
751.932
740.719
739.633
752.01
753.095
745.329
741.588
756.659
763.227
765.452
761.92
764.99
773.204
754.727
752.975
753.174
792.736
760.405
741.483
757.625
740.715
737.153
785.981
771.51
793.348
780.306
789.206
775.74
757.79
779.766
784.784
761.848
750.021
758.184
769.329
763.196
758.597
749.173
760.091
755.403
776.989
822.384
778.123
766.609
774.667
764.35
789.47
802.476
779.981
760.12
773.443
774.505
769.418
779.597
797.278
807.276
778.31
747.765
786.659
781.682
776.866
756.199
762.302
758.296
754.582
747.202
742.49
753.424
753.753
753.315
752.378
753.689
751.097
752.062
754.209
752.284
750.407
754.768
813.776
764.95
754.758
788.949
746.927
766.183
770.602
767.706
760.068
763.205
768.718
775.086
762.217
757.441
764.121
764.222
769.744
768.037
768.191
774.819
758.362
759.199
768.306
759.46
751.606
754.439
752.888
752.849
753.463
752.713
755.708
754.897
751.705
753.139
738.2
756.678
754.258
736.5
736.974
754.545
746.732
747.62
753.07
753.044
754.056
752.216
754.605
753.148
755.088
756.719
752.448
741.118
768.001
768.925
776.572
758.919
755.503
756.209
795.551
768.705
770.943
770.879
756.54
751.92
753.499
755.053
752.136
816.239
780.493
761.574
762.582
761.608
767.318
751.994
769.527
769.054
750.456
736.839
749.523
752.683
752.692
754.495
751.391
752.313
755.604
753.53
752.923
755.606
769.451
774.21
797.052
764.287
752.146
741.368
747.773
735.357
733.36
755.917
752.773
752.028
743.72
753.441
740.55
728.643
733.712
737.215
751.228
810.506
755.561
753.393
755.569
755.384
754.701
754.176
751.867
753.055
755.052
753.767
756.064
752.618
755.995
755.739
752.243
752.417
756.327
753.393
754.068
753.009
752.458
754.684
751.507
753.336
754.495
752.207
744.515
752.02
753.544
756.459
752.962
754.504
754.045
752.226
753.397
753.172
752.325
755.301
752.096
752.378
754.653
752.92
754.826
752.263
752.628
755.144
753.012
752.104
754.569
731.867
746.948
749.68
732.824
751.491
757.495
753.878
756.092
751.277
753.148
744.816
754.373
753.708
754.424
752.13
754.793
752.595
754.211
752.607
753.248
755.018
753.112
752.589
755.908
747.162
740.219
727.967
751.43
753.884
753.355
753.547
755.374
751.72
756.636
756.064
751.524
754.195
752.763
751.839
788.949
752.485
752.958
753.207
744.205
748.109
747.518
752.859
755.539
752.707
752.633
754.372
752.382
753.383
753.36
753.639
754.546
752.912
752.993
755.371
753.008
754.084
735.248
736.457
748.869
740.913
739.897
733.057
734.655
738.325
737.508
740.934
754.259
752.356
749.001
740.608
749.172
750.169
752.991
751.7
753.895
754.327
753.685
753.674
753.388
752.744
754.584
753.437
755.369
754.44
753.65
755.324
753.731
752.332
755.206
741.731
749.712
744.965
744.31
755.014
738.689
748.774
753.429
752.59
755.446
751.73
753.691
754.735
753.66
751.077
753.348
753.053
756.816
751.804
742.337
753.7
752.602
754.172
756.611
753.505
755.346
753.853
752.134
755.651
751.988
753.242
755.848
749.896
752.404
753.111
753.968
759.434
741.325
731.337
732.881
735.19
754.128
753.065
752.13
754.15
752.702
753.213
754.54
752.011
753.623
752.638
753.221
752.903
748.687
752.33
754.072
752.238
754.538
752.287
753.986
755.757
753.507
752.547
755.495
752.783
755.479
753.297
746.991
756.141
753.064
753.594
755.47
753.206
754.374
746.524
754.407
755.429
752.858
753.715
755.25
754.283
753.412
755.235
751.028
735.534
750.205
755.171
752.505
754.187
755.311
748.839
744.548
751.281
738.633
745.37
753.649
751.738
750.774
753.518
752.819
755.052
752.159
752.139
753.708
753.002
752.81
753.179
754.245
755.869
750.213
750.819
752.678
751.108
750.855
753.137
752.832
753.816
751.683
750.45
754.852
752
752.527
752.361
751.606
754.122
750.794
755.598
754.767
751.594
752.89
748.302
750.852
752.669
750.589
750.514
751.727
752.484
752.035
753.623
751.259
755.703
752.175
751.427
748.924
751
752.128
752.56
751.287
754.794
751.274
751.495
752.733
754.101
752.131
754.715
735.748
734.405
747.268
743.49
754.343
752.8
751.597
753.928
750.801
775.869
800.898
754.07
745.038
734.549
737.651
734.494
748.015
752.995
745.68
742.493
749.942
733.837
742.951
753.963
738.478
752.591
753.578
752.412
753.892
752.994
753.396
754.117
752.485
750.922
752.488
752.335
754.115
753.145
751.544
753.784
733.217
740.837
739.059
734.356
738.371
737.197
752.447
752.953
739.522
753.372
754.582
752.062
752.391
755.511
753.482
754.288
751.241
753.018
755.083
752.751
751.193
756.086
751.53
753.696
753.154
754.41
751.913
743.484
749.231
752.71
755.019
754.129
747.65
752.22
753.77
752.33
751.439
745.332
739.762
748.228
752.629
752.918
755.201
753.085
752.637
754.711
752.05
753.45
749.483
731.931
742.091
738.635
735.31
754.367
751.92
753.372
751.788
751.33
752.915
750.492
751.957
736.313
751.944
753.231
734.919
739.478
739.622
746.959
751.132
754.99
750.935
751.795
754.719
751.417
753.713
752.728
749.331
752.292
752.816
751.252
753.366
754.336
754.592
750.243
750.872
753.785
750.206
746.417
735.696
752.683
754.006
747.719
727.663
751.37
754.58
745.773
754.879
749.324
736.818
747.254
733.855
734.151
727.82
749.192
753.254
752.865
750.396
754.024
752.964
753.877
751.455
751.807
753.852
747.592
749.775
746.39
751.376
753.932
752.989
752.841
753.842
748.726
750.706
754.288
751.663
753.6
751.327
752.013
756.507
753.678
752.653
754.956
750.232
754.323
751.993
753.234
753.034
751.284
752.098
736.375
748.03
752.667
749.869
739.639
747.082
736.937
731.498
748.818
751.654
752.633
796.218
752.553
755.789
751.321
751.777
752.607
754.86
753.826
753.495
750.757
755.4
744.814
742.453
752.563
750.989
750.834
749.777
752.285
752.478
734.255
731.505
730.581
741.325
751.268
752.894
751.175
752.483
751.312
752.375
753.941
752.396
753.757
753.831
752.326
753.308
752.288
751.274
753.637
752.885
752.253
752.788
751.73
754.819
752.779
751.552
753.454
750.66
753.486
753.836
750.589
753.909
751.674
754.225
754.693
752.945
751.139
754.86
750.905
752.983
752.995
751.811
753.522
752.45
753.395
753.058
751.859
752.505
752.006
752.389
753.691
750.685
752.007
753.821
751.988
755.502
751.655
751.832
736.481
731.817
750.25
748.991
752.139
748.132
754.95
752.083
754.071
748.937
746.788
753.357
752.268
751.561
754.088
762.26
753.94
752.067
752.361
753.113
750.265
751.888
755.676
750.664
753.112
751.274
751.634
753.529
751.077
750.97
752.381
752.201
753.788
751.663
752.745
753.346
752.222
751.35
755.146
752.301
753.952
750.26
745.059
754.166
752.745
752.711
754.15
752.36
754.345
751.987
741.803
752.401
749.4
751.23
752.542
751.559
753.304
751.728
751.186
749.098
733.899
739.413
753.128
751.923
752.614
755.801
754.903
754.122
752.039
752.614
753.791
752.077
751.686
753.01
751.912
754.523
751.855
752.519
752.663
752.09
751.587
754.876
751.865
753.91
751.507
751.641
754.351
751.413
752.685
754.688
742.505
746.127
749.209
749.203
753.845
752.527
734.479
744.187
751.085
753.239
749.324
751.277
753.261
758.855
757.942
755.472
740.564
731.225
741.341
751.916
749.5
759.625
752.118
754.331
751.677
754.813
750.508
751.122
753.662
752.858
752.105
753.143
751.11
754.819
752.298
750.957
752.953
750.288
749.817
752.772
751.747
751.659
737.287
733.415
729.939
733.916
732.467
743.447
749.14
748.055
750.92
739.641
740.046
747.151
749.724
753.777
752.631
750.869
737.754
737.658
740.8
753.08
752.579
751.416
751.301
752.1
753.439
752.249
753.822
751.949
751.603
754.874
753.514
750.477
738.862
732.106
739.76
740.796
733.808
734.938
751.951
752.104
754.741
752.269
743.899
747.108
745.013
754.178
745.342
751.355
753.692
751.57
752.313
752.922
751.737
754.13
752.163
752.541
747.404
738.543
736.308
738.338
750.261
751.005
743.054
733.354
745.816
750.428
733.096
751.695
751.752
752.013
754.465
751.907
754.003
748.901
749.516
741.014
749.992
747.126
754.432
750.935
753.811
750.241
751.713
753.148
751.048
750.736
752.539
750.802
753.124
750.569
750.037
755.34
751.735
749.888
757.973
746.549
741.879
744.023
750.766
754.045
750.977
752.084
755.325
751.969
753.153
751.773
754.538
753.251
752.984
751.797
753.842
752.256
753.404
750.747
753.272
753.709
752.234
752.833
754.385
751.604
752.078
751.743
750.811
751.81
734.747
746.918
754.619
741.731
739.169
740.757
737.546
748.687
732.052
731.767
753.846
751.807
745.69
753.289
750.801
752.401
751.183
743.308
755.065
751.203
752.252
754.786
749.462
753.083
750.256
751.027
753.383
751.843
750.707
752.097
751.579
753.073
752.005
750.562
754.029
750.491
737.645
752.924
752.278
742.386
736.282
739.713
752.301
751.913
750.446
751.348
744.099
752.315
738.254
747.849
755.004
752.106
751.12
754.455
751.17
752.145
753.855
753.792
754.822
751.94
753.875
754.9
749.856
746.967
729.203
744.556
754.659
786.318
750.091
754.326
751.189
752.412
739.873
740.534
738.288
749.692
752.107
750.506
752.475
752.305
751.976
752.22
754.376
735.016
736.794
737.764
751.472
753.943
754.879
743.864
748.656
752.374
751.851
752.874
751.293
749.717
753.565
750.041
750.842
753.852
750.199
751.187
750.594
750.338
752.077
749.834
751.491
753.227
751.389
753.515
751.269
751.826
752.536
751.687
753.454
753.435
749.844
752.33
750.124
751.718
753.993
751.957
752.009
753.667
750.81
749.058
746.956
731.139
748.872
752.51
748.591
754.596
752.481
753.396
750.196
751.8
753.058
751.561
751.876
752.821
751.97
753.803
750.612
752.847
754.735
750.868
752.584
754.949
751.547
753.029
752.258
751.995
754.087
751.734
750.538
753.982
750.614
747.943
753.456
750.293
754.756
750.153
752.943
753.686
742.289
742.106
748.615
747.333
751.591
738.526
752.549
751.268
749.675
750.032
752.078
751.128
751.812
752.057
752.174
752.449
750.504
751.62
754.351
753.12
750.166
752.231
752.4
752.284
749.551
751.957
754.582
752.185
753.056
751.702
751.936
753.591
738.735
739.001
742.867
747.211
754.773
751.645
752.125
754.711
751.336
751.44
757.08
735.852
749.218
751.115
751.758
736.901
736.625
750.211
753.83
753.039
751.194
753.539
750.863
747.712
751.37
748.662
747.254
737.693
742.327
752.365
753.191
753.22
751.942
750.979
753.619
752.878
751.712
753.151
750.635
753.998
751.756
751.704
753.714
751.314
752.263
753.436
752.113
753.593
751.904
751.865
753.77
750.575
750.681
752.739
751.746
754.236
751.885
752.115
757.211
752.463
751.234
751.99
750.053
754.13
750.62
752.163
754.389
752.705
752.11
752.584
753.04
754.229
751.596
752.498
753.258
752.287
752.008
754.357
753.981
753.616
752.006
753.191
753.124
752.989
752.834
755.486
751.574
753.747
755.578
739.944
737.505
748.435
737.688
744.616
739.781
745.519
752.71
750.436
752.87
744.008
728.484
746.721
743.457
728.538
734.833
753.324
753.897
751.671
752.745
754.362
753.343
752.074
754.287
750.738
754.614
752.289
752.358
753.766
751.753
752.502
753.351
752.382
753.604
751.88
752.089
753.9
750.767
751.272
754.556
751.557
753.923
753.08
752.731
754.777
752.142
752.477
753.819
752.923
752.398
755.392
752.008
752.592
752.087
752.629
753.305
751.312
752.632
754.609
751.865
752.979
751.95
751.183
751.864
733.517
728.818
733.383
748
755.11
755.044
743.65
752.309
752.751
752.343
752.554
752.189
754.403
750.966
741.271
751.934
740.284
752.226
753.441
751.785
751.72
753.764
752.798
753.238
754.002
750.971
753.463
754.355
781.155
753.399
752.931
753.866
753.692
735.883
739.555
808.158
746.98
756.238
751.525
752.23
750.481
744.628
730.736
750.64
754.125
750.94
754.86
754.293
753.189
751.565
754.42
750.875
754.409
751.551
752.498
753.639
751.626
752.045
754.037
752.298
753.742
751.424
753.5
752.691
752.16
751.399
754.082
751.056
752.663
754.321
752.061
753.141
750.652
752.9
753.686
750.071
752.347
754.5
752.774
753.431
751.179
751.902
754.034
751.636
740.366
751.137
750.751
752.397
752.345
750.58
751.968
744.076
750.558
751.509
752.181
753.973
743.127
745.999
750.333
751.734
750.411
753.346
751.609
752.529
749.215
752.028
754.792
732.24
751.44
751.624
750.947
753.177
751.777
753.803
755.897
751.927
750.423
798.365
752.519
753.889
752.801
751.769
752.061
752.723
750.947
753.67
752.013
752.558
750.085
750.076
752.059
749.781
739.852
749.287
752.886
754.179
750.592
750.296
752.349
750.304
750.824
754.065
750.605
751.607
753.409
751.112
752.44
752.105
750.1
752.096
751.611
753.024
752.995
750.917
753.185
751.433
751.987
753.614
752.108
752.05
753.753
751.208
752.101
750.195
751.372
755.784
751.29
752.733
752.709
751.696
753.021
752.808
751.985
753.972
753.302
751.956
748.525
749.038
753.019
751.159
750.344
753.14
740.008
741.675
735.807
746.362
754.202
751.86
740.93
747.763
746.384
737.279
740.62
733.922
749.966
754.792
751.447
772.26
753.572
747.899
755.764
750.999
751.145
753.2
750.996
752.223
738.666
738.637
750.194
750.26
751.822
753.027
754.718
752.994
751.619
751.739
753.371
751.591
751.786
753.261
746.736
751.564
751.45
750.079
742.705
751.192
751.182
753.059
751.065
754.332
751.551
750.991
753.293
750.918
750.846
753.727
750.963
753.874
752.082
751.421
752.994
751.72
751.69
753.615
751.554
753.015
751.375
753.031
751.938
751.037
750.919
753.619
751.024
752.819
752.668
751.683
738.614
739.436
754.134
752.434
742.909
751.632
752.342
753.41
754.857
752.25
752.434
754.338
752.196
751.77
753.19
753.045
753.646
749.35
751.415
754.495
752.696
737.577
733.316
735.082
756.471
751.403
751.654
752.923
751.179
751.629
753.606
751.695
754.651
752.352
752.806
754.678
751.794
752.424
754.69
752.397
752.579
752.103
752.892
754.332
751.953
745.758
751.636
750.957
752.763
751.237
750.929
753.413
753.09
751.377
748.635
752.28
755.264
751.576
752.38
754.369
761.327
755.391
750.329
752.997
753.853
726.921
764.756
755.831
740.943
749.803
746.646
752.192
775.335
752.114
752.096
754.823
753.388
751.399
753.826
752.961
743.256
732.581
730.315
745.504
750.552
752.573
753.356
751.911
753.077
752.84
753.086
753.495
752.923
752.308
755.355
752.75
750.834
752.733
751.071
754.507
754.716
753.257
748.298
749.859
750.646
752.651
751.119
751.591
752.161
751.534
751.661
752.475
733.271
749.689
751.095
752.966
751.14
751.24
751.193
742.449
753.493
752.813
752.078
755.206
751.774
753.197
755.784
753.066
753.094
754.282
752.817
753.26
752.601
750.611
752.362
751.197
751.236
752.493
751.349
747.569
752.789
752.866
754.104
751.607
753.518
750.137
753.151
753.095
748.968
754.497
753.437
752.377
751.156
753.845
751.285
753.867
751.089
751.991
752.449
747.621
751.457
752.811
752.714
752.233
753.524
751.219
753.099
752.688
751.471
754.019
750.927
752.74
752.839
751.483
753.565
751.954
754.759
753.317
751.68
753.306
755.595
752.456
753.661
749.168
750.794
753.032
751.581
751.035
742.853
736.828
753.162
751.009
795.188
783.751
754.52
749.878
739.602
727.745
753.359
743.775
754.435
753.497
751.223
750.273
752.839
740.856
752.673
750.301
749.782
752.621
749.076
750.359
752.896
749.015
751.551
749.819
742.3
747.77
742.956
747.941
754.162
750.527
751.593
750.567
752.735
753.886
752.072
750.556
753.078
750
751.902
750.269
755.601
758.197
751.301
751.996
754.008
749.878
755.399
749.141
738.164
734.2
750.113
749.848
755.155
751.798
746.283
754.795
775.247
759.319
750.37
748.065
731.195
753.26
745.076
749.922
751.702
750.529
752.685
751.97
796.878
757.414
730.611
749.613
749.94
752.617
750.234
747.493
741.095
742.955
750.613
752.184
755.723
744.429
752.008
750.941
753.468
750.385
751.213
756.844
751.424
750.903
743.803
738.501
752.242
750.812
750.114
752.363
751.49
751.825
750.766
749.96
744.475
735.631
745.014
746.447
736.297
736.593
740.243
730.041
737.999
750.856
750.598
752.819
751.983
755.589
754.097
751.744
753.968
750.846
751.069
753.85
751.716
752.218
753.403
751.092
753.831
752.518
750.96
745.296
752.3
736.897
752.897
751.858
757.165
731.018
748.009
733.442
748.797
754.927
752.871
752.756
752.839
752.153
752.033
753.523
751.122
750.124
752.306
750.841
743.635
741.31
749.115
753.278
750.509
751.059
754.189
749.198
728.799
738.649
747.103
742.011
739.233
750.142
748.633
751.351
758.188
755.34
751.402
754.261
752.227
752.941
754.152
750.873
750.96
753.262
744.563
751.718
743.869
735.152
730.545
741.213
752.473
754.14
752.153
743.998
753.276
750.982
753.626
752.172
753.477
752.947
752.076
752.245
754.179
752.614
753.943
752.262
752.602
755.575
752.07
753.891
753.943
754.328
749.597
753.308
752.317
754.293
751.7
753.817
750.182
736.374
755.097
746.174
754.069
751.797
750.988
749.77
751.937
750.025
751.547
750.654
751.845
752.642
750.943
750.252
752.103
750.002
751.071
750.884
750.115
752.447
749.929
750.354
752.686
749.704
750.959
750.37
748.283
750.708
747.684
748.399
751.557
750.245
750.485
748.543
749.004
750.267
748.437
748.188
751.062
748.339
753.132
762.586
732.351
740.885
748.19
748.672
750.709
751.59
742.425
748.968
746.751
753.458
747.798
746.353
749.174
747.847
747.445
749.197
748.658
749.569
748.208
747.635
750.736
746.822
748.881
752.451
750.327
754.712
751.605
751.149
754.607
751.86
752.45
753.683
752.928
754.289
750.922
752.592
753.16
752.91
751.627
754.473
752.243
752.45
752.676
751.631
752.67
751.466
752.565
752.719
751.264
755.429
751.462
753.773
753.589
752.15
752.297
753.446
751.917
754.113
752.39
752.371
752.926
750.464
751.239
752.849
751.238
753.769
751.148
751.138
752.253
750.906
750.069
752.3
745.99
746.96
753.591
751.194
754.232
751.625
751.357
736.089
751.431
752.613
754.387
753.922
753.361
752.197
752.347
752.793
752.322
751.978
752.94
754.59
751.945
751.774
751.439
753.307
750.779
750.408
752.795
751.797
753.548
752.232
753.039
752.745
751.555
752.754
753.639
751.084
753.943
749.45
741.401
750.796
753.212
751.35
754.921
742.852
748.915
749.111
750.604
751.059
751.352
751.517
752.074
750.333
734.977
752.325
751.136
753.169
752.333
752.981
754.368
750.782
756.557
751.959
752.653
753.119
754.025
729.891
739.535
740.613
751.332
753.075
751.777
753.678
752.423
752.855
754.081
750.429
753.827
745.223
744.383
751.097
752.195
751.475
755.146
751.582
750.384
753.103
752.681
753.633
750.782
751.619
752.509
736.003
752.52
752.844
752.098
742.394
741.591
750.206
753.962
751.752
750.594
753.125
752.046
753.563
753.537
745.022
741.385
752.675
751.18
750.094
750.664
750.962
750.283
745.116
753.566
751.777
752.172
753.986
750.22
750.497
753.145
751.861
753.273
739.937
733.628
743.837
751.778
729.031
753.034
752.114
752.954
750.61
751.215
752.721
752.097
750.845
753.171
751.398
752.922
752.143
750.389
751.254
741.725
733.417
782.706
741.806
752.004
751.524
750.354
752.661
751.08
744.665
753.78
752.88
752.514
751.383
752.708
753.941
750.757
749.836
751.049
750.864
752.634
750.089
750.684
753.072
751.236
750.022
756.727
732.988
733.881
734.251
746.987
753.705
750.512
751.497
753.954
751.734
751.146
753.39
750.937
752.842
749.98
750.344
753.582
750.133
750.149
752.331
750.942
751.887
749.974
752.505
746.412
745.024
750.862
752.896
750.76
752.805
739.679
750.405
753.382
751.471
752.185
740.054
746.617
749.392
744.741
744.628
744.279
748.599
742.175
740.257
728.63
740.883
752.889
751.813
753.693
752.3
751.1
753.875
750.581
751.429
740.161
744.646
754.662
751.992
751.732
753.172
751.917
752.378
753.885
752.186
754.221
752.158
750.963
753.102
751.198
752.284
739.332
738.201
740.025
747.984
761.898
752.806
750.42
752.011
754.936
751.628
751.618
753.065
751.524
754.181
751.808
752.698
753.142
751.52
751.215
753.542
752.817
752.509
738.596
736.138
753.86
751.364
751.75
755.013
750.435
752.319
750.178
750.388
745.309
731.774
754.5
754.759
751.206
754.072
752.678
752.055
752.762
751.702
750.614
751.75
751.402
753.682
750.694
751.773
753.397
752.101
754.323
745.695
732.674
752.853
749.606
750.647
752.07
751.199
750.771
753.522
751.905
752.372
749.175
750.07
754.17
750.249
749.586
751.58
749.094
752.307
748.813
751.256
751.291
749.359
751.917
732.628
751.034
748.46
756.387
752.859
743.255
749.916
750.574
753.33
752.24
752.131
744.281
728.643
745.538
750.209
749.885
752.976
751.214
750.582
748.128
745.497
746.16
832.194
747.768
731.202
728.456
747.206
755.394
754.415
751.094
751.841
751.001
753.233
751.775
752.146
749.928
744.256
728.976
728.006
739.033
742.175
750.704
750.929
750.673
737.797
731.86
753.443
751.309
752.649
754.601
751.121
737.529
740.192
749.336
752.591
752.178
753.098
751.731
752.303
753.311
751.992
751.801
752.754
752.365
751.029
731.867
736.706
738.54
744.723
750.165
753.658
752.42
754.777
752.173
752.19
750.847
750.967
750.232
752.041
750.56
753.573
752.275
750.615
752.573
751.712
750.728
753.829
752.639
754.055
749.87
750.633
750.953
746.783
744.821
737.997
731.104
740.659
754.709
731.503
730.108
741.873
750.365
747.246
759.027
746.419
753.239
750.732
751.573
745.77
750.531
753.084
751.289
751.113
753.078
751.793
752.635
748.554
743.153
752.22
751.827
749.117
749.986
751.809
754.708
749.856
749.755
751.546
750.209
751.27
752.881
752.424
751.47
753.454
751.253
752.391
752.787
751.145
753.58
753.966
751.59
753.528
750.997
775.983
746.861
751.851
753.266
753.718
755.871
753.735
742.214
740.481
752.187
750.854
753.065
752.915
756.388
733.802
749.697
755.63
742.179
799.638
769.464
744.263
753.279
753.04
750.211
753.46
752.161
751.942
752.099
751.887
750.924
751.294
752.454
757.689
752.067
751.675
754.195
752.866
751.538
748.266
736.444
731.619
751.225
745.761
754.956
750.961
752.16
753.686
750.864
753.298
744.406
736.626
751.164
751.403
751.711
752.367
753.893
755.764
742.076
751.648
751.041
743.75
753.305
753.477
750.412
753.53
751.933
741.214
736.891
743.993
750.175
752.596
750.384
750.353
753.841
751.903
753.716
750.173
750.119
755.731
752.269
769.799
753.775
751.413
755.442
750.999
734.576
742.831
751.469
753.31
797.471
753.578
747.068
750.569
750.674
753.943
750.851
750.915
752.176
752.285
745.052
732.187
749.259
748.004
735.428
739.687
744.72
729.539
741.788
750.795
732.369
749.299
729.67
745.124
750.505
750.162
751.757
752.659
751.764
753.739
751.487
752.09
752.882
752.588
751.655
752.759
751.745
754.046
752.009
751.471
753.288
751.621
750.963
753
751.127
753.745
751.011
752.083
754.152
746.856
751.597
753.58
752.196
753.944
751.678
751.628
753.98
743.239
736.586
734.385
738.353
753.323
752.474
752.498
786.333
747.747
752.007
755.317
751.55
753.221
751.929
752.676
754.096
752.46
753.055
752.981
734.255
748.427
752.535
735.807
746.484
750.37
751.498
750.67
728.227
728.765
734.603
738.135
729.106
728.226
743.072
752.621
739.951
735.09
741.331
735.476
747.784
733.084
736.464
752.682
751.893
752.935
752.451
752.08
752.159
753.697
751.636
753.73
752.222
752.276
752.86
752.082
751.296
753.859
750.802
754.212
742.778
746.612
750.326
730.05
733.61
750.711
752.267
754.561
751.382
750.796
753.179
750.358
750.899
756.428
747.125
735.853
752.791
749.963
742.954
751.404
752.751
754.602
751.667
753.559
752.821
751.991
754.389
751.395
753.291
754.154
751.676
780.566
787.167
762.227
753.405
751.069
750.466
750.92
755.683
741.947
751.361
750.593
745.46
749.115
748.816
738.72
750.845
757.39
750.12
751.584
746.19
739.102
734.145
753.73
752.703
751.787
744.032
751.999
751.633
750.38
750.94
752.426
751.277
750.899
739.886
749.607
743.383
750.517
750.406
752.969
750.147
751.118
751.711
750.582
751.421
750.881
749.01
737.358
749.406
735.69
751.755
750.333
752.417
749.28
750.522
746.979
750.015
751.676
753.242
752.244
757.292
736.451
740.498
756.993
750.826
751.404
753.104
752.638
752.367
754.315
752.046
752.507
750.264
752.394
753.937
753.512
750.979
753.275
766.028
752.995
751.667
753.735
768.807
751.097
751.021
744.936
750.797
753.721
748.327
743.487
753.946
751.53
750.593
753.077
752.659
753.83
751.788
752.456
753.772
753.128
750.339
752.869
751.119
752.458
750.933
747.233
752.468
752.28
752.431
751.757
750.96
752.746
750.082
750.577
752.626
750.458
751.321
751.519
750.59
754.052
744.977
747.204
752.462
751.111
751.255
752.299
750.212
751.936
750.939
750.316
751.142
749.888
750.639
754.021
752.667
754.328
753.233
752.326
753.195
751.44
751.325
755.555
752.985
755.302
747.198
743.027
751.83
751.321
751.916
753.786
750.86
751.319
751.864
753.207
738.232
737.189
750.01
751.966
754.312
749.954
751.888
753.961
754.106
754.254
751.926
753.762
750.917
751.614
754.169
742.458
740.914
738.466
801.336
770.613
731.564
752.993
744.677
751.43
752.445
751.443
751.455
754.341
751.636
752.277
757.058
751.64
753.933
752.171
751.612
752.488
748.184
748.752
745.685
737.105
752.424
751.648
750.872
751.427
751.489
752.375
753.148
750.77
752.136
751.735
750.361
752.929
752.596
752.819
753.086
750.763
751.275
750.873
751.231
754.96
743.079
734.679
742.652
741.496
750.286
748.616
750.946
751.512
751.801
752.024
752.635
738.856
726.923
735.928
730.295
751.134
749.818
750.104
752.968
749.783
748.294
751.748
750.232
751.286
751.635
750.104
751.794
751.27
751.253
753.187
751.825
752.573
751.185
751.155
754.449
754.232
750.961
755.274
755.578
753.605
803.664
754.289
754.032
751.521
747.219
747.114
749.285
753.598
751.59
751.109
754.245
744.477
744.88
752.536
751.593
752.564
750.682
753.697
747.071
737.132
746.866
753.555
750.956
751.477
757.441
751.562
753.295
751.71
752.286
752.062
752.313
752.176
751.994
751.714
753.181
751.303
750.792
754.032
752.361
751.604
742.969
751.011
753.628
752.723
751.542
753.608
750.94
751.7
752.969
738.737
751.68
750.928
752.642
753.383
739.612
750.41
752.42
750.785
752.973
749.895
750.535
753.366
750.664
749.728
754.11
750.763
751.763
753.345
751.229
742.956
739.18
751.309
753.581
749.234
731.612
752.744
752.048
752.881
752.642
750.695
753.931
752.013
752.901
753.618
750.925
754.285
752.657
751.838
753.323
751.921
779.657
754.411
754.182
751.469
740.601
749.611
729.661
726.952
735.709
757.991
751.216
752.452
751.07
749.524
752.47
753.77
753.326
754.672
752.107
754.14
749.44
735.705
752.922
740.944
752.434
752.688
749.029
748.299
750.742
750.374
753.469
752.581
751.984
752.349
750.191
753.088
752.701
752.916
756.406
726.336
728.422
733.466
748.665
749.871
752.621
751.253
754.083
752.506
756.153
751.934
744.915
754.298
747.742
751.973
753.427
728.559
737.862
735.039
753.149
753.609
752.168
752.556
745.213
753.087
752.055
752.984
749.505
751.61
752.857
751.304
755.327
735.315
740.727
752.636
751.844
750.595
752.472
751.595
753.909
751.273
752.683
753.36
742.22
752.15
752.835
751.6
753.561
751.627
753.323
753.636
751.332
745.363
756.495
759.3
752.141
755.451
751.121
753.877
750.913
751.135
753.655
750.619
753.022
753.53
746.035
735.634
748.24
751.101
752.541
752.803
751.774
754.082
752.181
753.131
751.377
750.58
753.192
751.618
753.727
752.239
752.592
747.416
731.237
733.463
743.121
751.246
749.759
753.965
750.022
754.316
752.537
753.311
753.409
751.066
751.397
751.985
751.907
752.903
751.804
751.222
753.345
769.548
757.444
754.163
752.457
750.068
732.33
742.31
753.103
741.117
733.283
739.832
749.436
747.028
753.432
737.103
746.608
726.036
735.337
733.834
748.918
728.832
750.622
747.552
753.377
740.601
747.653
754.043
751.843
750.979
751.889
753.75
752.672
750.795
752.809
754.901
741.812
752.169
751.85
752.428
751.573
752.689
752.166
753.394
752.068
751.524
744.376
750.819
751.17
752.439
752.092
754.577
752.943
751.456
752.997
751.976
753.688
741.819
738.741
755.627
749.937
750.49
754.168
751.608
751.538
753.288
751.854
754.402
752.2
738.564
737.079
752.339
750.097
752.473
753.192
755.497
751.428
751.947
754.372
751.549
741.19
752.29
755.194
753.401
750.037
742.784
753.353
753.408
752.69
752.765
751.074
753.626
750.868
749.969
751.675
749.167
751.056
751.603
750.588
753.879
752.546
750.708
754.12
752.078
751.929
753.702
750.676
752.936
751.934
751.186
753.429
751.957
751.21
756.521
752.1
750.956
753.493
751.729
753.762
751.029
754.908
752.64
751.876
753.066
753.609
759.7
738.24
741.9
757.492
762.777
742.438
748.785
754.552
744.413
751.385
751.82
753.796
745.621
738.492
738.017
738.683
736.047
748.038
745.456
751.767
752.388
750.591
750.93
755.101
753.099
751.687
747.41
750.524
753.093
752.059
751.23
752.737
752.179
753.266
750.185
750.779
753.234
751.684
750.711
756.173
751.297
740.813
734.048
727.597
737.764
785.558
742.161
737.42
737.484
737.019
750.718
751.195
752.91
732.801
736.045
753.327
750.786
751.075
750.769
743.324
743.98
743.832
753.039
753.677
751.438
752.432
754.132
751.786
752.375
750.314
752.779
753.818
752.833
733.314
738.38
728.657
752.761
754.723
751.733
753.221
752.313
751.804
754.454
750.914
747.656
731.805
739.484
754.058
750.308
749.532
751.407
749.064
749.942
753.267
751.403
752.669
750.974
751.474
747.942
752.403
753.966
751.563
737.951
736.668
735.743
732.558
742.509
750.203
750.407
749.604
756.483
747.393
745.717
750.716
753.163
750.643
750.75
749.009
747.636
751.031
746.334
732.34
753.71
751.173
751.841
754.643
752.566
751.436
754.675
751.687
754.259
742.247
736.032
748.82
735.639
739.275
734.123
740.005
732.999
727.99
726.942
752.537
749.974
751.517
753.492
753.927
748.665
743.346
744.321
729.956
738.932
738.042
734.227
727.634
747.143
744.149
750.284
751.747
750.054
751.997
754.593
752.353
754.158
747.468
739.216
732.308
749.9
748.399
751.862
751.213
751.775
753.317
752.341
751.216
753.399
752.518
753.024
750.741
752.798
754.123
751.4
751.083
755.021
751.34
745.194
733.489
735.955
754.039
753.018
753.01
752.689
750.883
752.762
751.591
751.041
753.98
751.071
745.157
754.659
750.591
753.394
750.262
750.712
752.111
751.029
753.324
754.868
752.253
753.496
751.411
753.736
753.99
751.628
751.034
753.5
750.937
753.248
751.888
752.284
753.115
751.186
751.772
754.37
751.096
753.629
733.594
744.353
754.74
744.158
739.403
753.001
739.195
734.466
751.071
747.42
750.308
749.685
751.736
754.726
751.604
751.407
756.218
751.044
753.491
751.038
751.561
753.897
751.297
751.123
754.127
737.717
730.217
738.059
752.587
755.259
750.391
750.343
752.898
750.822
753.012
750.028
750.504
752.635
751.944
743.687
729.634
733.049
735.144
733.264
753.424
753.649
726.562
741.465
750.671
751.045
750.553
751.471
749.519
752.08
749.563
751.529
752.856
751.128
751.978
752.641
752.902
753.473
751.339
751.395
753.457
750.912
752.891
753.854
747.122
735.904
735.719
749.702
753.454
751.539
750.944
753.836
750.951
737.706
750.494
751.95
752.327
751.311
750.749
752.186
751.265
751.252
753.708
751.954
750.644
730.814
746.165
752.885
750.886
750.403
752.917
751.592
753.812
750.813
744.814
736.818
744.855
752.066
740.487
747.247
744.944
740.484
746.918
754.096
751.871
751.208
750.889
752.921
747.621
750.371
751.022
751.938
751.003
749.988
744.35
734.835
750.825
750.158
752.021
747.468
746.087
749.63
736.173
748.889
751.208
752.817
750.919
776.659
739.455
745.037
751.448
751.722
753.829
742.996
742.729
750.344
750.887
749.911
752.161
750.44
751.333
752.878
750.549
749.856
738.244
750.382
751.925
750.354
743.194
750.589
750.948
752.47
751.786
749.27
752.986
752.066
752.826
753.06
751.574
753.214
751.886
751.243
752.303
751.868
751.574
753.017
750.899
753.708
750.759
750.852
750.369
740.312
751.421
752.091
751.837
751.584
756.474
759.581
759.866
759.257
761.191
750.187
753.1
753.841
754.988
752.794
752.86
752.863
741.156
741.913
737.95
751.576
754.076
750.502
753.186
746.48
733.244
740.472
751.206
752.965
753.912
751.863
754.021
753.219
752.287
753.986
750.569
754.552
747.759
727.126
753.479
751.995
756.507
738.873
740.771
740.322
740.969
778.922
742.723
743.54
733.325
730.016
739.405
745.923
753.366
737.454
740.23
747
752.005
754.581
751.719
752.513
748.426
736.165
753.759
754.518
751.787
753.834
751.748
747.317
756.02
751.004
752.162
753.832
751.155
751.375
747.548
750.948
749.79
734.417
745.354
730.641
750.937
752.938
751.369
753.235
754.702
751.473
751.071
752.41
750.807
753.746
751.938
752.904
754.749
753.657
750.417
753.624
751.386
753.49
751.912
752.085
746.903
733.696
729.677
737.063
726.87
742.642
752.424
750.172
752.898
751.902
752.825
753.946
751.193
751.12
753.768
751.826
753.145
750.697
750.3
742.838
740.962
750.805
746.844
745.8
748.351
751.272
751.629
752.425
751.053
750.502
754.593
747.443
729.5
734.784
750.08
753.919
755.483
753.13
764.122
749.201
738.066
753.017
750.006
751.46
751.044
751.338
756.515
752.721
749.979
753.003
750.508
751.128
730.125
751.056
751.864
751.691
751.557
752.761
750.315
752.676
748.809
739.866
744.593
744.764
736.906
739.207
734.802
742.286
728.227
736.49
744.198
751.442
750.574
752.073
753.012
750.376
754.343
751.494
734.868
740.072
752.287
738.001
749.005
736.338
743.162
754.082
752.189
752.197
750.422
755.525
751.225
751.324
777.804
751.994
788.068
745.818
739.759
750.401
751.153
750.511
753.119
750.192
739.453
745.071
753.93
753.644
736.683
746.432
753.419
750.146
752.955
753.057
751.328
752.724
751.125
752.288
742.208
732.361
748.932
746.329
731.433
747.543
750.146
751.086
752.563
752.381
737.314
738.218
735.194
735.111
747.805
744.385
753.342
752.044
751.597
750.975
752.449
753.824
746.732
751.271
736.651
746.318
751.482
752.646
751.058
745.723
751.422
734.964
754.904
751.348
750.6
754.437
750.773
754.862
753.731
750.468
754.988
740.228
750.535
751.095
749.87
749.82
751.102
733.268
735.097
746.576
740.131
740.331
744.227
754.138
755.929
751.186
744.14
748.108
750.535
753.636
751.494
754.964
753.512
751.107
752.146
749.398
750.755
741.832
730.913
736.348
743.652
743.251
738.317
751.183
748.277
738.24
734.146
745.249
738.178
748.358
747.475
753.329
752.047
752.522
750.674
751.473
753.316
751.739
741.316
741.421
744.031
752.406
751.458
750.246
753.224
750.931
750.875
751.997
751.269
752.764
750.186
751.279
752.108
751.66
752.105
752.13
751.169
753.538
745.31
754.509
754.862
751.839
751.236
752.909
750.954
748.588
750.377
746.542
745.202
749.39
749.633
751.721
751.157
752.356
734.641
737.265
732.232
740.23
741.355
754.795
753.538
749.71
752.488
739.53
754.277
749.926
750.554
752.542
780.142
736.1
753.121
751.823
755.077
750.325
751.421
733.926
729.027
736.216
736.268
751.969
753.789
750.129
752.11
753.556
751.681
751.465
754.02
751.689
750.728
741.229
753.276
753.107
750.766
750.438
737.148
750.762
750.621
751.353
753.695
754.3
750.845
751.21
752.502
754.802
751.731
752.608
750.213
754.661
751.176
751.731
751.963
752.444
751.298
752.842
750.034
752.441
751.312
751.684
753.169
751.066
752.352
753.185
750.834
753.598
749.51
743.225
738.94
748.582
750.523
751.699
751.574
748.814
738.325
751.339
753.829
752.122
751.342
753.576
750.849
754.053
752.22
745.608
752.9
752.84
748.867
737.562
745.221
754.637
752.315
752.175
741.368
742.959
754.246
756.326
750.726
730.638
739.446
750.854
752.377
792.318
753.322
752.978
750.077
749.74
753.92
748.715
753.657
751.221
751.227
752.611
751.316
751.29
752.708
750.077
752.466
752.144
750.572
752.918
750.629
751.178
753.881
752.383
751.499
751.569
752.7
754.466
750.863
752.401
751.397
749.553
752.048
751.076
749.19
747.89
736.091
752.294
751.976
750.252
741.423
732.566
737.172
733.062
746.524
750.36
755.356
749.489
755.312
747.123
752.58
753.835
751.01
752.384
752.451
751.767
740.624
750.373
752.447
735.664
728.728
731.548
740.727
738.153
733.35
749.501
750.192
743.25
735.681
737.665
752.575
750.167
750.681
747.847
733.894
746.043
749.704
727.312
740.437
728.444
730.035
742.962
752.274
752.278
753.424
751.872
752.999
753.077
744.999
750.004
752.223
751.784
751.498
740.533
742.908
750.282
751.62
752.776
750.568
751.086
749.233
738.959
754.316
749.401
762.437
748.765
732.028
747.487
753.742
750.38
752.092
751.9
750.912
753.839
749.944
750.829
752.616
751.124
749.871
751.214
751.52
733.993
737.4
727.801
739.463
752.085
749.506
732.662
752.984
752.061
736.45
751.087
739.02
731.269
743.008
748.144
750.044
751.577
739.943
750.963
750.948
747.455
742.571
735.136
726.102
749.671
737.621
750.209
753.576
750.199
750.824
755.135
751.89
751.016
752.741
751.86
753.962
750.701
750.442
752.241
751.05
749.913
752.181
751.638
754.259
748.196
740.857
732.449
731.276
742.903
742.207
741.826
745.968
748.194
728.119
738.084
745.028
733.764
732.889
749.453
750.478
752.33
752.305
751.898
751.084
751.875
764.183
752.665
746.22
735.562
745.424
739.973
751.859
750.923
753.146
745.112
751.371
753.19
750.553
752.429
750.733
751.29
752.168
751.539
751.101
753.138
750.82
750.578
753.123
751.566
753.913
751.948
746.226
748.596
733.516
753.172
751.76
751.258
751.941
750.773
744.625
749.177
744.968
738.979
754.334
748.984
754.71
750.71
751.976
753.066
750.439
750.113
748.944
734.261
751.968
752.772
736.907
744.484
742.958
744.206
740.576
751.048
753.885
750.144
751.969
744.937
743.784
740.053
728.885
743.641
750.667
753.75
750.833
753.775
751.666
753.418
750.049
751.257
751.636
751.173
750.344
752.641
750.708
750.431
754.977
743.642
751.986
752.631
751.111
753.743
751.138
751.761
751.58
750.797
747.686
749.163
751.517
753.192
750.672
752.082
752.855
750.553
751.036
752.959
746.505
734.144
746.794
752.136
752.271
749.878
750.961
753.927
753.338
746.039
751.228
751.999
753.631
751.712
751.67
753.461
751.331
750.204
753.247
753.964
753.143
750.577
748.194
752.486
750.71
753.397
754.282
751.844
754.914
751.424
751.996
754.01
748.709
734.663
750.746
750.926
752.933
750.413
751.045
753.287
752.22
751.647
753.575
733.801
730.68
750.83
750.75
753.643
749.999
750.213
752.086
750.372
753.828
751.348
751.335
753.532
751.944
749.605
754.233
751.684
745.27
745.681
751.491
752.98
737.166
732.248
732.828
728.119
744.34
732.054
752.123
758.312
751.358
750.945
753.179
749.788
750.987
754.404
751.412
751.963
751.943
751.113
753.195
752.216
751.694
753.175
752
752.965
733.568
731.578
736.794
750.311
757.018
752.989
750.344
752.442
747.151
748.423
755.322
745.005
752.521
751.893
742.775
736.957
752.041
750.514
751.659
751.029
750.399
751.187
751.972
733.932
729.574
735.144
755.208
751.132
749.933
752.386
790.474
752.293
753.138
752.293
752.551
751.245
751.64
753.581
750.346
751.319
752.087
751.363
753.333
751.547
749.716
740.09
747.618
739.848
736.964
741.438
767.645
753.892
749.478
751.263
749.12
750.633
751.23
750.956
755.721
751.246
751.142
751.571
751.36
750.062
755.616
748.154
736.623
739.436
750.723
753.167
750.403
747.511
728.874
734.104
740.878
750.423
738.757
748.233
744.02
753.586
732.476
732.509
752.224
749.799
736.755
746.619
747.251
753.324
728.639
737.076
735.486
736.997
750.38
749.913
753.101
751.69
753.324
752.994
741.105
731.723
746.877
750.725
752.28
748.355
753.195
754.347
749.361
752.646
746.279
749.496
753.312
751.126
753.201
750.57
751.091
753.001
750.83
750.79
753.518
734.708
728.728
739.374
743.572
732.097
734.84
736.124
737.927
750.621
740.358
730.474
741.821
729.534
743.857
754.831
753.192
752.162
751.477
753.752
751.694
754.494
750.242
750.815
750.19
740.176
745.862
736.378
752.105
747.214
730.501
726.519
738.571
748.609
753.699
746.744
748.474
751.773
753.332
750.903
753.172
751.753
751.867
754.426
750.47
750.861
754.711
751.453
752.392
752.514
749.422
750.765
744.287
751.873
748.085
752.037
746.866
737.417
750.027
755.613
751.39
750.865
751.333
749.153
753.261
753.322
751.262
755.733
751.119
740.33
745.041
743.368
751.732
752.754
752.648
744.441
741.009
750.523
753.553
751.123
751.423
753.19
751.807
754.808
749.486
749.813
752.7
748.94
751.187
751.725
751.177
752.639
751.337
752.15
753.049
751.796
750.389
753.218
751.389
752.856
751.451
751.689
753.373
758.001
753.275
752.355
751.431
753.533
753.492
751.407
752.131
750.418
751.237
751.855
750.418
751.365
749.239
751.857
752.518
751.138
750.249
752.513
753.256
753.414
750.957
750.716
752.59
738.236
737.692
750.942
750.198
751.864
752.508
751.513
751.057
749.666
751.219
747.892
748.328
729.33
751.442
750.51
752.862
751.404
751.254
753.993
751.266
750.942
753.418
749.466
751.817
752.679
739.305
752.464
749.793
749.198
754.771
746.274
736.422
750.217
751.943
752.35
750.215
751.128
755.069
728.12
736.719
743.801
750.799
752.573
751.439
752.65
753.312
753.371
752.587
750.449
752.754
729.215
740.801
743.225
749.939
750.529
752.098
752.182
750.221
753.132
750.817
751.12
755.367
742.835
751.397
753.321
750.606
751.784
750.038
751.385
753.366
752.395
751.382
735.986
735.112
747.444
750.497
742.968
751.824
732.521
749.544
752.221
739.789
751.529
749.23
741.191
752.817
751.701
751.382
752.706
753.205
753.489
750.684
755.152
752.825
749.46
751.914
773.726
751.706
753.197
751.474
751.903
756.962
750.362
752.814
751.658
749.531
749.695
752.867
743.975
746.371
749.41
738.893
752.616
753.717
752.382
752.87
751.078
753.615
750.454
750.639
751.89
746.63
746.31
741.676
743.554
753.532
742.623
749.821
751.24
752.478
750.841
749.888
751.085
754.016
750.45
750.611
753.601
750.994
750.638
753.1
749.655
752.672
749.715
752.258
753.775
747.111
741.159
733.481
751.732
752.341
748.706
746.981
741.991
737.882
739.218
749.695
737.543
739.316
745.61
744.813
746.282
752.185
750.4
753.493
751.139
751.148
752.272
752.166
753.867
752.327
751.802
752.626
748.273
730.769
729.633
751.572
753.965
750.524
751.075
753.636
752.224
752.482
753.329
750.695
753
755.344
791.528
753.172
757.438
751.257
752.533
751.913
747.146
733.19
750.824
753.47
750.84
751.161
752.876
743.871
730.867
751.168
749.573
751.67
750.302
750.188
751.77
748.428
752.253
752.954
750.713
753.268
751.055
751.503
752.475
751.039
752.849
753.211
750.932
752.529
741.571
745.905
751.633
750.001
751.46
753.65
750.256
752.398
751.436
751.886
752.209
750.49
751.924
753.261
751.162
754.259
752.365
751.685
752.528
750.848
753.758
752.939
746.55
753.266
736.208
734.912
743.158
731.656
749.451
753.155
750.994
752.496
749.591
750.67
752.515
751.115
750.739
750.274
749.354
749.933
754.565
752.62
752.38
740.805
741.386
748.738
752.11
752.135
754.926
750.966
754.101
753.51
744.6
753.295
751.88
751.429
752.632
752.357
753.199
750.227
732.469
734.932
751.404
752.244
746.491
751.337
738.942
727.041
742.417
761.5
753.639
752.799
753.689
750.14
751.759
750.49
751.466
750.968
750.312
750.998
749.327
748.315
736.604
748.484
751.557
749.568
729.146
751.685
752.927
751.145
751.424
752.359
750.948
753.763
751.111
751.192
752.662
751.038
750.898
752.792
751.827
752.057
746.992
738.947
743.803
750.658
734.027
754.881
751.106
752.598
752.45
750.629
755.033
752.264
752.628
754.458
752.657
752.486
746.389
752.017
732.182
737.72
737.435
733.065
741.101
737.225
751.5
750.108
752.681
750.491
750.415
754.043
751.653
752.229
751.973
751.878
753.081
750.48
750.688
754.074
752.195
751
752.245
749.881
752.681
750.681
750.881
753.248
749.992
750.034
752.774
751.589
753.634
738.928
750.53
753.187
744.862
739.631
751.17
742.396
750.774
739.378
749.863
752.491
750.604
750.936
753.169
749.794
752.927
751.519
751.279
752.623
750.582
750.511
752.143
752.126
750.979
753.971
750.958
748.782
747.791
752.587
754.101
750.802
749.727
750.639
745.408
750.664
750.313
750.389
754.669
751.378
750.171
752.26
751.195
752.417
751.46
750.015
752.193
739.148
728.908
751.276
753.197
754.917
744.661
751.652
753.456
752.189
750.975
752.172
750.681
752.492
752.163
751.282
752.193
752.646
751.055
752.211
750.828
753.007
752.152
751.335
752.83
750.708
748.425
729.53
742.827
749.588
753.7
747.15
753.126
750.928
750.927
753.164
750.844
750.3
754.389
752.188
752.815
750.095
752.323
750.071
742.539
751.381
748.698
746.1
750.327
742.186
751.62
752.497
750.189
750.938
754.119
750.963
752.511
750.942
750.112
753.626
750.505
752.012
754.39
751.221
752.876
750.767
749.943
746.877
749.36
749.432
752.435
750.941
752.414
750.841
750.128
751.911
755.411
752.02
753.27
751.981
752.816
751.279
754.209
754.335
754.134
751.259
755.051
751.77
752.74
751.208
750.675
752.842
751.094
750.692
750.347
750.968
751.337
751.524
750.834
754.113
751.373
751.196
752.452
751.303
750.507
754.612
750.863
754.242
750.653
751.543
753.264
753.164
749.116
753.008
751.063
752.462
751.478
751.374
753.319
752.908
749.954
752.103
752.255
752.58
750.12
749.772
751.481
744.938
740.711
745.552
750.981
754.112
749.551
749.906
751.392
750.308
749.509
753.104
750.39
752.696
750.444
749.651
752.895
750.272
744.174
738.293
753.743
754.632
750.816
750.571
747.78
745.026
735.131
737.691
742.283
750.341
752.001
750.661
752.397
750.251
744.597
750.886
751.665
751.253
752.634
750.544
751.903
750.577
789.308
754.591
750.496
749.241
752.99
741.463
752.646
749.595
730.058
746.02
750.768
753.644
753.067
752.613
748.359
752.188
751.473
753.791
751.562
751.705
753.067
751.682
754.046
750.919
751.756
753.417
751.206
751.906
753.268
750.587
752.96
751.458
749.971
752.941
750.726
751.353
753.303
740.121
752.13
751.928
752.45
753.527
752.236
751.581
753.5
750.972
752.011
751.342
751.52
753.335
750.653
746.468
752.41
749.928
751.237
750.668
749.659
751.964
752.429
747.22
729.405
731.906
738.858
746.926
751.905
753.046
751.206
752.978
752.241
750.323
751.822
753.59
751.059
753.229
751.01
751.062
752.857
752.075
751.184
753.422
751.561
752.381
754.446
750.725
751.967
728.603
739.847
743.315
749.211
751.001
749.013
752.252
753.518
751.564
750.35
748.354
734.084
752.483
754.464
751.342
752.21
750.996
751.129
753.19
763.123
751.37
755.59
751.841
753.201
750.928
743.125
753.474
752.031
748.721
733.874
749.072
733.713
738.401
754.326
753.412
751.602
752.331
752.973
750.7
752.325
743.045
736.733
754.103
751.438
751.922
749.905
732.479
740.565
742.005
744.598
730.219
747.238
749.937
742.306
732.841
752.492
753.116
751.303
754.652
753.543
751.641
752.207
751.692
752.067
752.368
751.624
753.922
750.424
751.715
755.087
750.694
751.028
752.214
752.943
749.686
751.188
751.145
751.379
751.165
743.312
729.587
736.648
742.424
750.905
751.115
752.941
748.976
726.779
734.813
731.87
752.379
740.814
750.5
747.453
748.927
750.747
734.898
740.982
748.776
753.988
749.533
752.411
750.302
750.799
752.292
750.4
750.769
752.267
750.366
751.431
749.938
755.687
753.081
752.931
752.075
752.307
750.455
754.488
751.543
752.672
752.878
751.496
733.418
742.238
732.653
736.766
746.219
752.417
752.88
752.645
750.812
743.93
749.987
751.671
753.147
751.451
752.36
751.017
752.299
752.814
750.088
745.946
744.101
733.926
732.624
752.827
751.506
754.358
751.529
751.569
753.035
749.894
752.904
754.038
750.749
754.862
748.748
735.23
749.47
751.07
752.062
749.704
744.756
753.996
750.739
749.842
752.984
752.465
753.469
750.409
749.934
752.681
752.02
752.032
748.107
746.877
743.915
735.172
749.907
753.932
753.594
731.573
728.946
750.015
749.269
752.406
749.366
749.993
752.372
754.711
753.364
751.076
750.744
754.25
752.856
737.782
743.929
741.242
749.256
749.883
747.72
747.948
749.306
753.404
751.657
753.402
751.73
748.736
746.581
737.853
737.853
739.646
755.128
748.938
740.772
743.257
733.349
754.066
751.113
754.542
752.233
751.103
752.173
751.608
750.477
753.266
750.697
744.805
729.031
734.003
746.04
751.615
751.11
754.059
750.917
752.097
752.072
749.217
753.036
750.878
750.795
753.127
751.223
750.948
753.293
750.602
751.916
740.522
749.905
746.117
732.365
