6.95176e-310
6.95176e-310
393.704
316.882
292.37
263.62
267.113
261.007
251.31
259.395
265.522
234.353
225.547
221.292
209.876
215.208
211.057
205.817
196.871
198.48
197.108
187.82
185.117
175.884
170.458
181.981
179.061
179.038
175.259
165.538
162.063
174.057
159.755
155.302
154.691
150.442
152.408
156.551
151.579
154.053
148.883
148.114
146.593
148.44
146.696
139.005
163.456
162.532
152.796
165.555
143.465
144.351
138.838
137.023
129.342
129.117
128.98
133.355
127.377
128.113
125.059
125.807
121.217
120.427
120.671
122.103
122.021
124.362
120.103
124.199
120.18
119.378
118.903
119.263
116.784
119.595
116.237
114.973
118.685
114.497
112.765
109.514
109.913
108.983
107.742
110.518
106.635
110.422
106.531
106.019
106.701
111.721
108.671
107.365
110.785
107.684
106.749
110.579
105.87
105.121
101.658
101.527
101.838
101.232
104.53
101.051
100.087
104.975
100.148
98.3884
100.475
99.1446
97.9023
98.4792
100.362
97.0192
96.1786
102.862
99.5497
98.3238
97.6397
97.5752
94.4978
94.1361
97.863
95.4207
93.5269
96.4602
94.7096
93.9876
92.8761
94.9342
92.4682
92.8522
92.3578
97.1175
92.5136
92.7699
95.3678
93.3997
92.3148
92.6975
91.125
91.8667
90.9987
91.1868
95.3972
91.4963
91.7821
94.556
92.7896
91.4092
91.8893
92.1823
89.7974
91.7656
91.5504
93.9196
91.6067
91.2513
92.2165
94.5439
91.2286
90.5434
90.8136
89.8843
88.8484
89.2121
88.6491
93.5747
88.1235
88.8178
92.6262
88.2353
87.54
90.2775
88.5766
87.7602
87.9506
87.5131
89.6144
88.6927
86.9546
90.6652
87.5352
86.553
86.3828
87.6297
86.2803
85.9215
86.7177
85.4528
88.3497
83.8955
82.687
85.696
87.1557
86.2946
86.2654
85.0051
83.9079
85.2773
83.7821
81.1929
83.932
81.3498
81.5823
80.8217
84.6716
80.4255
80.4538
80.7731
82.4887
83.3711
80.2817
79.3623
79.0962
82.6552
78.0415
78.3725
81.4481
78.2353
77.4226
79.0349
76.544
77.4237
80.5594
80.8215
78.8718
79.7105
79.2444
76.2171
76.147
78.2741
77.9564
76.0451
75.6565
75.6755
75.799
75.8026
75.3732
75.0311
74.9208
78.9897
76.9158
76.9413
76.2224
80.6554
75.415
79.1254
75.8168
75.4688
75.1032
75.94
74.837
73.6042
77.0273
73.2949
73.9652
74.1729
75.8928
74.4146
73.5054
73.8488
73.6906
74.1659
74.2419
74.3199
74.1222
73.6636
76.4945
73.7415
72.8604
73.5612
75.7197
73.4372
75.1415
72.6588
73.1337
73.1191
72.4746
72.7571
73.898
73.8491
76.0476
73.0137
72.0538
70.7004
73.7597
70.8994
70.4219
69.7887
69.4942
69.8932
69.7692
69.4796
69.464
70.4555
70.5365
73.8465
70.441
69.7643
70.145
73.9877
71.7959
69.6818
69.5076
69.5286
69.742
69.9765
69.5736
70.137
71.2744
73.727
70.5817
70.4252
70.4663
73.437
70.3654
70.178
69.7477
71.2145
69.9142
70.2827
71.0035
70.3067
71.7212
73.3608
75.7221
72.5204
72.5615
73.1778
77.389
72.8089
71.5885
69.7658
70.3185
69.5816
69.3827
69.5036
68.9861
68.9749
73.993
68.791
68.7651
69.1997
71.2435
68.7959
68.4047
68.1281
67.9261
67.7644
67.3056
67.6848
67.8126
67.9396
67.5778
72.6383
66.5702
66.9995
67.5402
71.9917
68.2753
67.5626
66.1754
67.5825
66.9036
66.1494
65.8837
66.738
65.9502
66.5092
69.8083
66.9976
65.2967
66.4134
66.1407
69.2505
66.3121
65.6226
65.6736
68.0564
67.864
67.2361
67.6917
66.9095
69.7011
66.6021
69.2884
65.2832
65.6871
67.8475
68.9579
65.9574
65.6724
65.7189
65.8613
64.9091
67.3073
67.4005
66.9262
67.4218
67.5104
70.1683
67.1195
66.7636
66.3061
69.4668
66.3927
66.2446
66.0009
66.126
66.2818
66.038
66.4552
64.1762
64.3027
64.6554
68.3796
64.3447
64.5025
65.7052
63.4198
67.6565
63.3006
63.7268
63.4574
63.2206
64.0605
64.551
63.2465
63.5988
63.8344
63.6429
67.3495
64.1833
63.5979
64.2647
63.6885
67.3621
63.5942
63.6078
63.3586
62.9323
63.4957
63.9808
63.3564
63.4976
63.5777
63.5238
67.6584
63.2064
63.4056
66.1125
63.43
67.0244
63.8555
63.2376
62.8923
62.7277
62.6787
62.5823
62.9009
61.8342
61.8262
61.6335
64.8431
60.8928
61.623
60.2497
60.3639
63.8091
60.582
60.2363
60.5666
60.2172
59.6328
60.7466
60.0865
61.0739
60.5843
60.0043
59.6125
64.2808
59.1812
62.1064
59.3618
60.7469
66.1333
62.0947
61.4816
61.346
63.0104
61.3081
61.2721
62.6355
62.3992
59.7427
59.6445
58.9431
62.4295
59.9249
59.9411
59.7093
59.9064
63.8036
59.367
59.7217
58.9964
59.2992
59.2755
58.4671
58.8072
59.2059
59.3874
58.1274
58.7544
61.7864
60.154
59.0901
58.3611
58.3095
62.2784
59.214
58.3886
58.9421
58.4414
59.0623
58.9019
58.6892
59.5269
59.5113
59.5031
58.6025
62.7607
58.9436
58.9959
58.5469
59.2888
62.8853
60.9683
59.6571
58.5104
58.0781
56.9425
58.0958
58.0016
57.4494
57.4494
57.5511
57.7642
57.4656
60.7936
58.9717
57.1461
57.0153
56.9287
61.0531
57.0821
57.6374
56.6807
56.5862
56.1843
56.3257
56.4601
55.9444
56.4587
56.1095
56.8472
57.3288
59.207
55.724
56.4146
56.7562
56.0928
59.8367
56.25
55.7743
56.1539
55.4608
55.7283
55.5543
56.7584
55.3066
55.0547
55.1206
54.6431
55.097
60.6135
54.9318
55.2567
55.3127
55.2214
60.7617
56.4406
56.1464
57.7914
57.4943
57.6465
57.2343
57.4275
57.0107
56.6816
56.6489
56.7487
57.9842
58.4254
55.1141
54.5956
54.7022
53.8488
55.5661
57.5953
55.0507
54.4219
55.65
54.7232
54.7451
54.6434
54.5618
54.1915
54.5143
54.2277
54.5588
59.5555
54.0952
53.9563
54.0189
53.7649
53.7447
56.8989
53.5234
54.3467
53.6319
54.1687
54.2892
54.1601
54.1692
52.9958
53.1744
53.8255
53.7707
53.2128
57.5673
53.8489
54.4493
52.6185
53.4682
53.4135
57.255
54.2947
54.0474
52.7839
53.4355
53.6819
53.271
53.3788
52.5736
52.8224
53.4309
52.9453
55.5817
56.8428
53.8201
54.3912
53.9352
53.9322
53.8338
58.6812
55.0608
55.0115
56.1963
55.8919
55.4835
56.3877
55.9871
55.0138
54.5336
54.7394
54.6935
54.6717
57.8141
54.3451
55.1518
53.6778
54.176
53.7513
58.139
53.0177
52.3518
52.5983
52.468
52.6462
52.9784
52.3367
52.757
52.7537
52.6229
54.4153
52.4161
56.8104
52.8344
53.3847
53.3808
53.131
53.4164
56.8639
53.5102
53.4439
53.5627
53.398
52.6913
53.1131
54.4255
53.9914
53.5409
52.9975
52.5201
52.9062
56.6859
53.3786
52.9984
52.6516
52.7099
52.9237
55.9589
52.4142
52.0304
52.0967
51.3634
51.8826
52.2504
52.2527
52.8011
51.9989
54.0808
55.484
53.6708
54.12
56.9677
55.1785
53.0054
53.7706
55.6289
56.9239
53.9702
53.4861
53.359
53.2631
52.7747
52.8602
52.7845
52.3325
54.4273
52.3079
52.181
52.2813
53.5448
54.699
53.2426
53.4946
51.2757
50.5292
51.1772
54.1731
50.2599
49.2683
49.6995
50.5443
50.344
50.2491
49.2563
49.6385
49.9991
51.4714
48.8985
49.2592
49.5251
52.9113
49.6802
48.7798
49.2428
49.7491
49.6552
53.7878
49.1912
48.8321
49.2086
49.0418
49.1468
49.0197
49.1286
49.8596
49.6533
50.3081
49.7204
49.8608
49.5055
52.7797
49.0047
49.5261
49.2513
49.6877
49.1035
49.1312
52.7609
49.5728
48.9326
48.5549
48.9439
48.6939
48.4707
48.4019
48.2207
48.5267
50.282
48.6579
47.5825
48.2438
51.5053
48.1283
47.5688
48.2723
48.4716
47.9945
48.7395
51.4478
48.8457
48.0812
47.7209
48.2771
48.5539
48.6572
48.3242
48.7898
48.6278
48.5316
48.092
49.6238
48.5841
52.6671
48.8731
48.3079
48.9407
49.0631
48.4151
50.1793
50.7696
49.8034
49.0287
48.5973
49.3301
49.6026
49.7597
48.9973
49.0808
50.9778
49.1586
49.5008
50.4414
51.775
53.3831
50.5357
51.6877
50.9122
50.7082
50.0239
53.83
50.9008
51.3745
51.3758
50.4099
50.9953
50.7668
51.1572
50.8381
50.7036
50.9035
51.2111
50.9895
52.8308
52.8772
51.4009
50.6779
51.2427
51.4466
50.9322
54.8452
50.8904
51.2187
51.9716
51.1393
51.2777
50.6195
51.1594
53.7065
51.3298
51.238
50.5254
51.2934
54.6646
51.8404
50.6524
50.1502
51.0695
50.9631
52.7785
52.4273
51.2842
50.5546
50.5824
51.3653
50.8283
50.5618
50.767
50.4206
50.8471
50.6563
50.7024
49.7464
53.5931
51.2592
51.3637
50.5673
51.2458
50.5658
51.9356
53.6715
49.1081
48.7343
48.3961
48.958
48.901
48.4345
49.6187
49.0385
49.4315
49.0833
48.5889
48.8842
48.8685
53.1805
49.6175
49.0432
48.5022
48.5672
48.8628
49.5604
50.4653
48.4709
48.4464
48.0366
47.337
47.7432
47.7005
47.7443
47.7789
47.2472
47.4779
47.1339
47.3383
47.135
51.1145
47.7005
48.1984
47.3089
48.2025
47.9745
48.038
51.0146
48.0868
47.7823
47.641
47.0716
47.4119
47.5027
50.1783
47.4096
47.7853
47.804
47.354
46.5743
47.1031
48.9686
49.0009
46.7353
47.211
47.3162
46.9847
46.7247
50.6194
47.6222
47.5276
47.0786
47.0348
46.8915
46.4757
46.3219
46.9282
46.499
45.6168
46.5775
45.9599
46.0854
45.636
49.5102
46.2857
46.2433
46.2139
46.6954
45.2883
46.0272
49.5977
45.459
45.709
46.1697
46.4965
45.7887
46.769
49.158
47.526
46.7032
47.2354
47.3058
46.7999
46.7927
47.1057
50.2028
48.2826
47.757
48.4663
48.4006
47.537
47.4122
50.289
48.6942
47.7079
47.1038
47.1672
47.1956
47.833
46.9793
47.618
47.8446
47.8743
47.1818
48.0123
47.3321
50.8097
48.3518
48.0769
48.0039
46.6138
45.8097
46.1301
49.158
45.854
45.5259
45.0667
45.902
45.2665
47.6527
45.1632
45.2403
44.8474
45.1138
45.5692
45.3792
44.9036
44.9768
46.7307
47.0767
45.1822
45.1243
44.7632
44.279
45.0077
46.474
47.2593
44.7285
45.0521
45.0999
43.9505
44.7597
44.7777
44.3603
43.9607
44.7515
44.6419
44.4126
44.0985
43.6753
43.465
47.2849
44.2686
43.9222
43.9477
44.2095
44.5586
43.9329
47.2245
46.4066
44.6928
43.7653
44.358
44.1575
45.7717
44.3271
44.3798
44.414
43.9192
45.1828
45.9304
44.4017
44.8232
44.5229
47.4795
44.7886
44.4055
44.8378
44.9812
44.4965
44.7928
48.052
45.5375
44.7753
45.0927
44.7317
44.7858
45.2671
44.8673
44.7673
44.3927
44.9493
44.8672
44.4205
45.2499
44.1806
44.311
48.1674
44.4573
44.6554
44.0335
44.6011
44.4118
44.8822
48.16
45.9479
47.6509
44.1529
44.4971
46.4896
44.165
44.2977
44.0428
43.4997
43.8519
44.0951
43.845
43.4105
44.7043
45.2278
46.2864
43.9232
44.5163
44.4379
43.8113
44.2672
44.2793
46.7521
44.3382
46.2775
44.9083
45.4287
44.6689
43.5259
43.465
44.0973
43.3798
44.4748
44.5855
44.1926
44.1694
44.8265
45.5081
46.2237
44.3388
43.9671
43.2504
44.0107
44.0918
44.0008
46.9701
45.0965
45.4712
45.6526
49.2237
46.4195
45.8702
44.1416
44.9011
44.7018
43.9989
44.1898
43.7374
43.6588
44.4495
47.9215
44.3915
43.6223
44.0591
43.9112
44.2981
44.1037
47.0169
44.4697
44.4406
43.9717
44.2439
43.9171
43.733
43.6073
43.0786
43.7488
44.2134
42.8412
43.3709
43.2775
43.0439
43.5882
45.633
44.7748
43.8137
43.7659
43.284
44.0317
43.6101
44.283
45.9841
43.0859
43.4281
44.6177
43.4931
43.8991
43.0812
43.7006
43.4578
43.9601
44.4708
45.1049
44.3606
44.1441
44.6712
45.3278
46.6095
45.0726
44.4989
43.3055
43.3875
43.3847
42.9977
47.0172
43.4004
44.4599
43.3815
43.9392
43.9329
43.5331
43.7922
43.5406
42.9856
43.8589
43.1256
42.9994
42.8303
42.906
43.2478
46.6241
43.2704
43.8574
42.4883
42.9525
43.5433
42.5618
46.0974
42.1546
42.8484
44.7804
41.8985
42.768
41.9546
42.9328
42.6332
42.3338
41.6333
42.403
42.3372
42.0611
42.4893
41.7954
42.0264
45.3803
41.477
42.4173
43.0866
42.1273
50.0886
45.0709
45.8914
42.1436
42.3763
42.4731
42.0669
42.5118
42.5886
42.4866
42.739
42.7885
41.7711
42.5749
42.7441
42.4162
41.9893
42.4939
42.7734
45.7478
42.742
42.7021
42.8362
43.4602
42.0549
42.5559
45.7012
41.8728
43.7124
41.6843
41.6634
41.7177
42.1354
41.817
42.1446
42.6889
42.024
42.0419
42.0439
41.3903
42.3896
42.0533
41.4615
45.1266
41.61
41.5715
41.7019
41.864
41.6702
42.0296
45.6156
41.7094
42.0769
41.638
41.2301
41.7338
40.8981
41.6542
41.3852
41.3385
42.0863
41.605
41.3553
41.5066
41.3288
40.8425
40.9125
43.6218
41.5066
41.1949
39.9524
42.078
40.9034
41.0932
42.1713
43.4852
41.9777
41.0764
40.2367
41.4275
41.0788
40.5294
41.0132
40.7314
40.5149
41.0184
41.2222
39.9081
40.4042
39.8684
40.3043
40.7902
44.1617
41.2601
39.9208
40.5929
39.9021
40.7453
40.7156
42.1251
43.1882
39.8888
40.5745
40.0404
40.1861
40.1874
40.4865
39.9137
40.6488
40.7867
40.0941
41.416
40.4276
40.9395
40.6187
39.8205
40.0605
44.2231
40.6848
41.0639
40.8513
40.2259
40.7888
39.9752
42.3882
45.2185
39.8289
40.3879
40.1401
39.7399
39.963
40.1126
39.5975
40.4492
39.2863
40.3519
40.006
39.9125
40.4414
39.6375
39.2446
39.4918
41.8032
40.848
40.6897
39.5639
39.7098
40.0988
39.5467
40.1148
43.8429
39.8992
40.432
39.526
40.6683
40.2521
39.4295
39.9704
40.0188
39.5083
40.4705
39.462
39.7423
39.7349
40.1708
40.1578
39.6319
40.2757
43.3627
39.8348
40.4578
39.5122
40.2016
40.118
39.5843
43.9255
40.7538
39.9532
40.2436
39.9103
39.1299
39.6685
38.8604
39.7029
40.2587
39.3371
39.6093
40.3026
40.0223
39.3373
40.0752
40.0734
40.0704
42.7027
40.0799
39.947
39.9339
39.2984
40.035
40.0154
39.7496
43.3121
39.562
40.0536
40.4057
39.466
39.9188
39.5234
39.0494
39.5289
39.6996
39.279
39.8093
39.5046
39.4662
39.581
39.5182
40.9488
39.639
43.2576
39.6807
39.7014
39.8548
39.6681
39.4483
41.1866
41.9906
40.9137
40.1029
40.2106
41.7612
41.9242
41.4409
41.5841
41.6211
40.8911
41.1952
41.3942
40.4969
41.3787
40.4989
41.0935
40.7883
41.4061
44.109
40.5485
39.5543
39.789
39.8942
39.0696
39.8502
41.221
40.6934
39.5112
39.5116
39.596
40.3914
39.8042
39.9661
39.6702
39.7005
39.0508
40.0442
39.6827
40.1547
39.6943
40.518
39.9647
39.6098
43.3204
41.207
39.1447
40.0317
39.2234
39.6443
41.7554
38.9231
42.9578
39.3464
39.4
39.8106
39.4595
41.4531
40.9125
39.4221
40.2916
39.5798
39.7564
39.8862
40.1105
39.7584
40.4159
39.9516
40.2973
40.2797
43.525
40.8118
40.2418
39.4086
39.7779
39.4234
39.7828
44.2621
39.9775
39.8791
40.0324
39.7293
39.4785
40.2616
40.0831
40.1976
39.4357
39.8667
39.9882
39.987
40.1557
40.5993
39.8048
40.2719
40.0311
44.0955
41.038
40.5446
40.8287
40.193
41.3395
40.1308
41.1537
42.6248
40.0629
40.1076
39.389
40.154
39.6313
40.1888
40.1922
39.9946
40.0916
39.765
40.0838
40.1226
40.0388
39.7413
39.3086
39.797
40.1711
42.2745
39.8129
40.3794
39.3215
39.6985
38.9669
39.9464
42.4596
39.603
39.4227
39.3926
39.1176
39.6169
38.8669
39.8415
39.8343
39.5568
39.3355
39.5662
39.0666
40.2431
39.0266
39.6962
39.7139
38.6401
42.8065
38.9503
39.3846
39.8268
41.3008
39.8323
39.3186
38.9212
42.8624
39.5777
38.9278
39.0795
39.3954
40.2115
39.8367
38.9859
40.0492
39.7929
39.4121
39.6995
39.7506
39.5735
39.8327
39.1427
39.7019
39.3012
42.9356
39.8494
38.9031
39.555
39.9047
40.837
41.3182
43.616
40.2629
41.2508
39.9274
40.2614
40.1194
39.8764
40.3184
40.5364
39.7414
39.8408
40.7422
39.8349
40.3473
39.4376
38.2393
39.4398
38.5512
42.534
39.1129
38.1823
38.8576
40.5856
38.3775
40.4329
38.7008
42.5298
39.0159
38.5757
39.1424
38.4975
39.48
39.5535
39.2976
39.5078
39.1939
38.8427
39.6883
38.7781
39.0288
39.0832
38.8378
39.2927
38.6525
43.2457
39.5923
39.0482
39.3784
39.5203
39.1394
39.8072
39.739
43.1494
39.1406
38.889
39.9507
39.7891
40.6919
41.0354
40.9881
42.0137
40.8233
41.3958
41.1956
40.582
40.6535
39.9118
40.3555
40.4526
41.5493
42.1689
39.9075
42.292
40.5857
39.1647
39.8026
39.3547
42.8596
39.5801
39.3678
39.0604
39.7578
38.994
39.4361
39.6801
39.2675
39.7229
39.1875
39.7563
39.716
39.5599
39.2198
39.5362
38.6163
39.4799
42.5277
39.6334
39.3197
38.7622
38.8266
39.4272
38.3946
39.0908
42.9758
39.3774
39.4014
38.8806
39.5201
38.4482
38.9804
38.5367
39.4711
39.314
38.6446
39.4366
38.5132
39.0284
39.6565
38.5342
39.0934
39.0807
42.0363
39.3167
40.5689
39.4983
39.7076
38.5451
39.019
38.9626
42.5049
40.6227
40.0269
40.8033
39.6833
38.7965
39.3374
39.3499
38.6026
39.5516
38.3791
38.893
38.9846
38.2793
38.7536
38.7623
38.6875
38.4114
41.5645
38.7203
37.874
38.798
38.0938
37.4452
38.364
37.1738
41.1739
38.1355
37.878
38.6265
37.5785
38.3406
38.0426
37.5121
38.0088
37.6753
37.7565
37.4543
38.1482
37.7018
37.6391
37.8582
38.3482
38.335
37.4547
41.2626
40.4088
37.1739
38.0236
37.8388
37.1436
37.7345
38.6025
40.9122
37.613
38.0112
37.5714
38.2529
37.4387
38.2204
38.0267
37.7834
37.59
37.4374
38.4596
38.0621
37.4776
38.2943
37.6998
38.3975
38.3199
40.193
40.0198
37.8904
38.4646
38.7574
37.7863
39.5405
38.1645
39.7247
41.3048
38.15
38.4491
38.668
38.4029
38.2992
37.9236
38.206
38.6782
37.8271
38.5443
38.4534
38.5818
38.5002
38.3679
38.396
38.1135
38.6168
43.5958
38.5496
39.1594
38.2744
38.7166
39.1214
38.4334
38.9969
42.5068
38.3847
39.0108
38.6482
38.6535
39.6334
38.7988
38.8199
38.5149
38.8466
38.6198
38.4929
38.9118
38.0121
38.5796
38.5547
37.9003
38.5518
41.414
39.5054
38.4217
38.2016
38.3933
37.7121
38.1279
38.3444
40.7186
38.9858
37.5503
38.4409
38.2626
37.5703
38.2587
37.7631
38.2086
37.8023
37.0652
37.7346
37.2976
37.5349
37.9025
37.0143
37.9825
37.2783
39.2347
41.3522
37.6501
38.1503
37.5068
37.3569
37.6051
37.4443
37.7416
40.7437
38.3986
38.5766
38.0419
39.8286
38.5842
38.5388
38.9563
38.3973
38.7831
38.0131
38.5626
38.7882
37.8589
38.5766
38.0028
38.3615
38.4661
41.5209
39.2362
38.1175
39.1027
39.7408
38.388
38.8587
39.1712
39.3863
41.6477
38.6297
37.6633
38.0002
37.5946
37.9647
37.9784
37.6556
38.7142
37.6955
37.7482
37.487
37.7569
37.4873
37.8737
37.6228
37.3038
40.1084
41.1183
37.5426
37.7691
37.3998
38.4174
37.6487
37.7968
37.5823
40.1778
38.5649
37.1983
37.6879
37.865
37.6919
37.9506
37.4503
38.1864
38.2884
37.9642
38.5192
38.3206
38.4971
38.4894
38.0164
38.3889
37.9652
39.1205
41.4262
38.0374
38.0736
38.0732
39.019
38.6184
38.9017
37.9535
41.8704
38.0263
38.6284
38.857
38.0066
38.5991
38.1511
38.537
38.8278
38.1389
39.2817
38.2685
38.7075
38.7001
38.0616
38.8446
40.2749
38.5992
41.7361
38.1616
38.0519
38.1242
38.5406
38.8165
38.7598
38.9279
41.8141
38.5897
38.0428
38.6419
38.2996
38.5521
38.5353
37.8908
38.5386
38.0698
38.4347
39.0337
38.5273
38.4138
37.8698
38.382
38.2819
38.2093
39.7623
40.9029
38.2805
38.3036
38.2339
38.3874
38.9109
38.7259
40.1639
41.5387
38.2803
38.8048
38.2019
38.7912
38.7142
38.3301
38.6734
38.6095
38.1578
38.8565
38.6045
39.1027
38.9965
38.0937
41.0227
38.0444
38.2508
42.216
37.8804
38.2286
38.5448
38.3267
37.7844
39.0175
38.1876
42.46
38.9842
38.0312
38.3738
37.5666
38.0275
38.2523
37.9041
38.3618
37.7656
38.5645
38.3021
38.0872
39.1826
39.1387
38.2603
38.7641
38.0018
41.8015
39.0321
38.0275
38.397
38.5159
38.1576
38.3814
38.523
38.7655
42.1125
39.0136
38.896
38.3502
38.777
38.5413
38.801
39.0996
38.3147
38.727
38.0551
38.9638
38.1295
37.755
41.03
37.5591
38.4906
38.9083
39.991
38.4411
37.5249
38.3824
37.941
37.3358
38.6076
37.5031
41.4384
39.2087
37.602
38.0406
37.552
38.03
38.0888
37.4139
38.2485
37.4363
37.7134
37.5631
37.5521
37.1645
37.6286
37.837
37.8736
37.2946
39.9386
38.9275
37.6376
37.8526
37.9469
37.1418
37.6803
37.3019
37.7754
41.5983
37.7102
38.3226
37.3666
37.5544
37.6951
37.3298
37.4946
37.495
37.7306
37.6584
37.0075
37.448
37.3587
39.5558
37.159
38.4513
38.3332
40.79
38.2513
37.5148
37.8595
37.5421
37.0922
37.7106
37.0993
37.3452
40.5464
36.9004
37.463
37.3347
37.5307
37.6048
37.1423
37.3709
37.3192
37.8514
37.0051
37.811
37.7393
37.5825
37.8591
37.0688
37.7905
38.1328
40.3327
38.9821
37.7443
37.9823
37.9911
37.7857
38.0073
37.5957
37.8164
41.3094
38.488
37.9644
38.4802
38.6839
37.792
38.2096
37.6303
37.9147
38.1298
37.6966
38.3697
40.2538
39.5352
39.0385
38.6828
39.4865
38.6509
42.6855
38.9707
38.7957
38.3993
37.972
36.9858
37.5574
37.3383
38.1175
40.5837
37.3588
37.3451
36.9888
37.9016
38.2763
37.2849
37.7614
37.2568
37.8018
37.624
37.5528
37.8655
37.4594
37.9457
37.5915
37.0507
37.6935
40.3759
37.4579
37.4991
37.1147
36.7657
36.9632
37.3535
37.2299
36.6426
40.4757
37.0957
36.6976
36.9985
36.3221
37.0198
39.0502
37.6039
38.1689
37.8485
38.423
39.5215
37.9826
37.2922
36.7377
37.0836
36.5803
37.0514
39.9814
36.7208
37.3968
36.4892
36.8075
36.6277
36.2001
36.6053
36.4011
39.6059
36.2987
36.7829
36.675
36.2419
36.883
36.3949
37.2192
37.3826
36.5872
36.5648
36.454
36.7285
36.156
36.1609
36.9592
36.3892
36.7455
36.203
40.1133
36.2642
37.2933
37.1904
36.3918
36.8883
36.6113
37.1775
36.7189
40.2237
37.0713
37.1076
37.2068
36.8277
36.9353
37.2993
36.6849
37.2537
36.5372
36.6763
38.8646
36.4119
36.707
36.213
36.8023
36.4494
36.1349
39.9621
37.2479
36.4181
37.2511
36.6532
37.1353
36.3018
36.4538
36.5012
36.0765
40.1073
36.9069
35.9446
36.8546
35.7591
36.1925
36.3621
35.7083
36.0641
36.2273
36.4583
35.9583
36.4935
35.8797
36.6579
36.2875
35.5496
36.3496
39.2557
36.3543
35.8948
36.5791
36.1328
36.1731
37.1324
36.0071
36.0524
36.0052
40.2974
36.6001
36.1638
36.7749
35.7412
36.4889
36.3036
36.139
36.3974
36.3931
39.2104
36.9504
36.4971
36.7389
36.2947
36.4671
35.681
36.36
39.4241
36.5694
36.805
36.0685
36.1375
36.1327
36.8332
36.4424
36.3451
36.7427
39.2677
36.6767
36.5356
36.6513
35.9548
36.5188
36.6306
36.4493
36.5604
35.9716
36.6606
36.3195
36.866
36.7698
36.2734
37.0747
36.5801
37.3313
40.1465
36.6484
36.5272
36.8563
36.7904
36.2858
36.7637
36.9509
36.6544
39.177
36.8933
36.5356
36.2527
37.0812
37.0483
37.5898
37.3043
37.4856
39.4516
37.4592
36.9023
36.4538
36.3641
35.5793
36.3761
35.8922
36.1003
37.7517
38.2674
36.1672
36.4943
36.1356
36.6814
36.4178
35.9768
36.9206
36.6014
39.8646
37.1076
36.4336
36.9804
36.3884
37.2939
36.8978
36.8842
37.3979
36.5946
36.9027
36.5153
37.4075
36.7488
36.5822
36.6843
35.8579
37.1453
40.01
36.5911
37.4529
36.4138
36.4496
37.2899
36.4354
36.9329
36.8694
38.5915
40.0215
36.9279
36.784
36.6757
37.2691
37.2264
36.86
38.6143
37.6133
36.8999
37.5803
36.8586
37.124
37.2132
37.7654
36.7029
37.1314
38.205
39.5591
37.9142
37.899
38.4923
38.4615
37.6939
38.7871
38.0858
38.5097
41.8147
37.6964
38.0254
37.4594
38.4929
37.2067
36.5339
37.0476
36.5974
37.0188
37.4896
37.0062
37.198
36.7199
37.0946
37.1023
37.4996
37.945
39.998
37.7337
37.4601
36.8422
37.6507
37.0182
37.4695
37.2188
36.7103
40.324
37.4126
37.1592
36.8448
37.1756
37.1206
36.8224
39.0186
36.551
37.2392
37.1041
36.5185
37.0241
36.8491
37.3387
36.6518
37.4934
37.026
40.3947
36.8429
36.4905
36.699
36.732
36.7714
37.1
36.8641
37.0922
39.6548
38.8934
36.6222
37.3665
37.7361
36.4468
37.2187
36.763
36.8976
36.4132
36.9031
36.7815
36.1906
36.9582
36.036
36.6276
36.2694
37.4847
38.1932
38.7346
36.892
36.2419
36.8881
36.7254
35.9295
36.5905
36.4531
36.5609
39.8861
36.9517
36.3339
36.1346
37.2507
35.9032
38.8186
36.293
36.3346
36.3529
36.5104
36.4859
36.3798
36.5252
36.0384
36.62
36.1505
36.5885
41.3153
36.8442
36.2467
36.6898
36.0342
36.7019
36.8126
35.7486
36.6873
35.8076
39.8157
35.9863
36.5324
36.262
36.0031
36.7866
36.0975
36.2014
36.1032
36.4095
36.1811
35.7896
36.2187
35.2775
36.0632
35.3379
35.5137
36.649
40.4107
36.9109
36.8028
36.5868
36.7058
36.494
37.0191
36.2977
35.4627
36.1313
39.0812
36.1271
35.5764
35.6417
35.6279
37.9493
36.0685
35.3881
35.9022
35.3295
35.8353
35.9884
35.1464
35.5899
35.3182
36.0034
35.6381
36.3358
35.6069
39.2606
36.4468
35.8534
36.2429
35.5884
35.9798
35.5543
36.2214
36.0002
39.0452
36.5525
35.9461
36.0372
35.934
37.3945
37.3211
37.2626
37.523
37.112
37.1291
37.4742
36.9594
37.138
36.6936
37.3605
36.519
37.0936
37.5148
38.2981
36.127
35.8769
35.8016
35.2202
35.6347
35.607
35.0967
36.3774
42.0063
36.2081
35.171
35.5206
36.6141
35.666
35.7434
35.6687
35.9851
35.0755
35.1256
34.8292
35.2481
35.1135
35.1014
35.3364
34.638
35.1567
34.9463
39.2188
35.279
35.6036
36.1931
35.2191
35.487
34.7207
35.5669
35.1118
35.3803
39.0795
36.1229
35.7105
36.0981
35.6453
35.2577
35.7515
35.3609
36.1423
35.715
35.2459
35.6413
34.9487
35.4621
34.9821
35.623
34.8506
35.2656
34.9519
39.1992
35.5842
35.0331
35.7175
35.4733
35.9338
35.0333
35.6055
35.472
35.7689
38.9809
35.2466
35.4508
37.0126
35.4016
34.7618
35.37
34.967
34.5108
35.7008
34.8012
35.2547
34.5889
34.9657
34.4415
35.2108
35.2002
34.4049
35.9214
37.3976
35.7488
34.7308
35.103
34.5519
35.5143
35.4845
34.386
34.782
35.2806
37.2678
34.8082
34.7788
34.6476
35.1022
34.3768
34.4325
34.7185
34.619
34.1642
35.0308
34.5059
34.9816
34.1848
34.8429
34.3578
34.6936
34.243
34.667
38.178
34.3007
34.5936
34.019
34.4952
34.1909
35.0367
34.7004
34.9571
33.9586
38.0699
34.8961
35.7866
34.8926
34.2721
35.0298
34.3841
34.8421
34.131
34.916
34.1841
35.0017
35.3652
34.0075
34.6921
34.1971
34.6278
34.2726
34.6108
37.4978
35.098
34.2733
35.1162
34.695
34.5673
34.8866
34.814
35.9209
34.6558
38.4931
34.9216
35.2976
34.799
34.3186
34.6427
34.1949
34.9549
34.3304
34.7326
34.339
35.0195
34.6264
35.5056
35.2787
34.6544
34.7794
34.4942
34.6788
37.8546
35.6294
34.5176
35.0682
34.5561
35.0362
34.9317
34.8568
35.2896
34.8416
39.4431
35.2338
37.3103
35.1183
35.0346
34.3657
35.109
34.7526
35.2936
34.801
34.8445
35.4345
34.6352
35.4566
34.9098
34.7324
35.1801
34.5366
35.0533
38.3974
35.0279
34.4578
34.7739
34.5633
34.882
35.1981
34.3338
34.9213
34.3438
38.5555
35.0244
35.0252
34.021
34.7463
34.9161
34.0162
34.6924
34.5226
34.5621
34.3204
35.2702
34.227
34.5372
34.1778
34.8816
34.6289
34.6678
34.0113
35.5684
36.8513
34.8641
34.7198
34.1278
34.3971
34.5433
34.7795
34.3938
34.7764
34.0237
39.2267
35.171
33.9986
34.533
34.2554
34.4103
33.9694
34.2951
33.9834
34.7697
34.1409
34.7076
34.1387
34.5751
34.1486
34.4403
34.4399
33.834
34.142
36.3116
35.7385
33.892
34.3574
33.5469
34.5365
33.6499
33.9852
33.6318
33.5775
34.2487
37.0826
34.653
33.8128
34.1756
33.6602
34.0855
33.7486
33.9746
33.5432
34.202
33.287
33.8501
33.4389
33.6811
33.305
33.762
33.3022
34.1208
34.2251
36.5849
35.0617
33.5751
33.9558
33.5488
34.1336
33.6612
34.1513
33.8435
34.0563
35.363
36.9798
33.6814
34.1871
34.0256
34.2313
33.8393
33.3347
33.7177
33.7124
33.8198
33.274
33.771
33.2909
33.7657
33.2355
33.9649
33.054
33.7536
33.3826
36.5878
34.3259
33.2544
33.7756
33.1949
33.6415
33.4071
34.5428
34.1806
34.8141
34.4209
37.5563
34.832
34.2558
35.4836
36.5612
34.3991
34.8253
34.6383
34.9578
34.9094
34.1036
33.4864
33.6416
33.8736
33.5313
33.9454
33.4573
33.8926
34.1106
37.7449
34.3784
33.8257
34.3526
33.6255
34.262
33.8525
34.0848
33.5455
36.2281
33.4494
37.4889
34.0215
33.484
33.9695
33.6469
34.4868
33.9884
33.6049
33.4497
34.1334
33.437
33.9391
33.4609
33.8414
33.0229
33.9532
33.4679
33.2066
33.6994
36.6668
34.514
33.8464
33.5364
33.4061
34.4441
33.4594
34.0474
33.6232
33.7867
33.3219
37.2034
33.7883
33.0896
33.8678
32.9369
33.418
33.9619
33.6672
32.9615
33.513
32.6688
33.4983
33.5478
33.0141
33.7226
32.8484
33.8927
33.3603
33.752
36.0405
35.099
33.7153
34.2255
33.6895
34.0462
33.7726
33.9834
37.0367
34.5791
34.9547
38.4765
35.4953
35.0497
34.5762
34.973
34.7422
35.4471
34.6319
34.8335
34.5261
34.6627
34.1248
34.9686
34.665
33.9229
34.6844
34.3105
34.6695
34.4838
37.4377
34.6119
35.421
34.9744
35.1578
35.0237
34.9491
35.0701
34.5472
35.2826
38.1583
35.6131
35.0025
35.5047
35.2246
34.7957
35.1205
34.8463
37.0611
35.4209
35.4358
35.0127
35.5028
35.505
35.0219
35.4174
35.1457
35.4172
35.7715
37.5861
35.0109
35.5378
35.4144
35.6355
35.0987
37.619
34.8344
35.6879
34.8564
39.0897
35.5353
34.9963
35.5692
36.1182
35.908
35.2214
35.7294
35.053
35.2545
34.5674
33.8047
34.478
33.9603
34.496
34.1152
34.4825
34.0989
35.5188
36.7073
34.436
34.2073
33.8426
34.774
34.3735
34.6328
33.848
34.5627
33.8373
37.5939
34.0431
34.1393
33.9741
34.1362
33.8573
33.3805
33.9499
33.313
33.7422
34.063
33.9307
33.1616
33.8722
33.4752
33.5263
33.2619
33.538
33.6824
35.0797
35.7015
33.6262
33.7967
33.4754
33.4901
35.4
34.4039
33.0125
33.6328
32.9253
36.5627
33.6122
33.8206
33.6406
34.5471
33.8289
34.3217
33.9103
34.2065
34.2179
33.8081
34.8253
33.9226
33.5998
32.6271
33.2231
32.9565
33.665
33.0017
34.5913
35.8547
33.7833
33.5614
33.9891
33.9593
33.8794
33.9247
33.6957
34.3214
33.3062
35.9822
34.7384
33.9184
33.2245
33.8538
33.4521
33.7885
33.7405
33.9345
33.221
33.3108
33.3935
33.2062
34.0315
33.0625
33.4822
33.158
33.5963
32.9458
33.8595
36.3427
33.6374
33.0187
34.2828
33.1447
35.7618
33.7722
34.4822
35.2759
34.626
34.753
36.0083
33.4672
32.7062
33.3976
32.8629
33.5558
32.9032
33.1109
32.719
33.2864
32.8756
33.1746
32.5807
33.7536
32.9342
32.9136
32.8191
32.9483
32.4531
36.6998
33.7166
32.8562
33.7332
32.9262
32.8878
33.7806
33.0779
33.9306
33.3714
36.1655
36.7784
34.1424
32.8747
32.9404
33.0051
33.1844
33.1666
32.8951
33.011
32.5101
33.8266
32.7884
33.0729
32.8209
33.3749
33.2118
33.2641
32.6242
33.0173
33.2211
36.7388
33.1189
33.7732
33.0373
34.6149
33.3524
33.6612
33.0324
33.5297
33.0703
34.2117
37.3151
32.8889
33.0695
32.6304
33.0183
32.6704
33.324
32.797
33.7457
32.8163
33.7167
32.9224
33.5224
32.9827
33.5511
32.99
33.4794
32.6938
34.0938
38.0705
34.1373
34.7591
34.1159
34.5464
34.0864
34.8534
34.2232
34.2406
33.2405
33.3527
37.1492
34.0959
34.0243
33.3454
34.0168
33.0025
33.2807
33.1974
33.577
33.1862
34.1068
33.9166
33.3607
33.4675
33.1517
33.631
33.3651
34.4137
33.6482
36.9108
34.0427
34.1166
35.4427
33.8166
33.2009
33.8925
33.9702
33.6469
33.3331
32.7395
36.6737
33.1894
33.8446
33.073
34.0173
33.5393
34.2752
33.8477
34.1266
33.9748
34.2732
34.1966
34.4828
34.6131
33.8674
34.104
33.9403
34.5756
34.6396
38.8212
34.2878
34.7079
34.3337
34.4426
34.7355
34.579
34.1266
33.2578
33.042
33.2016
36.363
33.5483
32.5854
33.121
33.0589
33.2055
32.5762
33.07
32.653
33.0379
32.6529
33.3319
32.5704
33.3654
32.4918
33.3409
33.0584
32.761
32.6297
33.6183
36.876
33.1447
34.9353
33.2927
32.8246
33.5525
33.2454
33.8166
33.2915
33.4957
34.1692
35.8578
33.7524
33.3929
33.7979
33.6445
33.8491
33.3561
33.7133
33.1922
33.904
33.3912
34.0024
33.6846
33.5043
33.4385
34.4484
33.6987
33.1931
33.9234
36.6005
34.9894
33.3359
33.9253
33.2049
33.6895
33.3398
34.2099
32.8968
33.8152
33.573
36.4906
33.7849
33.49
33.6389
33.2896
34.3431
33.6975
34.0676
33.2019
33.839
33.5341
33.9816
33.6488
34.4512
33.5685
33.9179
34.3941
33.6142
34.0167
35.6652
39.0846
33.9718
34.4819
33.5987
34.202
33.876
34.1909
33.8274
33.8317
34.9432
36.6454
34.2226
33.7159
34.5576
34.0099
34.3968
34.5575
34.5197
33.6654
34.1818
34.1993
33.4101
33.5854
33.5527
33.9083
33.5597
34.2373
33.8068
33.8738
37.2159
34.5739
33.6399
34.4669
33.669
33.9788
33.5994
33.2903
33.2112
33.922
34.3965
36.6177
33.2421
33.9488
33.4343
33.8775
33.3216
33.7732
33.878
34.3529
33.6719
34.1432
34.0797
33.4828
34.3216
33.8211
34.1222
34.0154
33.3777
34.3111
38.5187
33.9558
34.2463
34.0564
34.1551
33.5283
34.1747
33.3414
33.7613
33.3796
34.7208
35.9357
34.0285
33.1952
33.2873
33.6
32.7757
33.3313
32.8133
33.6709
33.517
33.8842
33.1425
33.3984
33.2463
33.3473
33.3632
33.0869
33.4253
32.9092
34.4528
35.4821
33.4796
33.091
33.1206
33.674
33.8948
32.8988
32.7703
32.7638
33.4672
36.6366
33.8676
33.4754
33.5282
34.1165
33.3753
33.73
33.3925
33.8691
33.4852
34.6969
33.7653
33.7341
33.5164
33.8035
33.5856
33.6818
32.9894
33.683
34.9225
37.4807
34.1827
33.4681
34.4452
33.4989
34.311
33.7732
33.8168
33.4893
33.9713
36.6758
34.1881
33.4037
33.3774
33.41
33.8677
33.3323
33.4517
34.0149
33.0355
33.8377
33.371
34.133
33.5042
33.9991
33.5041
33.305
33.3742
32.794
33.4459
36.8255
33.8571
33.1114
33.6377
33.2262
33.4477
33.4016
33.1902
33.5514
32.9682
34.273
36.1068
33.8235
33.1895
33.341
33.3524
33.4632
33.5066
33.6713
33.1193
33.7307
33.453
33.8539
33.9757
33.7378
33.8892
33.2759
33.9186
35.6427
33.7933
36.7818
34.0503
33.4201
33.4425
32.7669
33.3835
33.4254
33.5597
33.3002
35.124
35.3585
37.7175
35.0552
34.2392
34.6379
34.3423
33.52
33.4268
33.903
32.9071
33.1184
33.1054
33.7167
33.4079
34.2563
33.9359
33.167
33.6815
33.2202
33.8113
35.1338
35.4346
33.2767
33.412
32.8823
33.5621
33.5521
33.6342
33.266
33.9868
33.8384
37.3933
33.5881
33.0775
33.4089
33.1373
33.6508
32.9943
33.9436
33.2515
33.4194
33.668
33.6069
33.3638
33.3563
33.9925
33.2812
33.867
35.6469
33.1576
33.2557
37.0046
33.2436
32.7651
33.1959
32.6145
32.77
32.9312
32.5329
33.1021
32.645
37.1156
33.7541
32.8957
33.1474
32.6409
33.1441
32.5993
32.8635
32.3783
32.7222
32.0981
33.1627
32.3336
32.8926
32.3824
32.674
33.07
33.0861
32.1801
32.9329
33.27
35.4256
32.6895
32.9174
32.281
32.8363
32.6656
32.818
32.5523
33.0025
32.2972
37.1321
33.9792
32.4272
32.6217
31.9889
33.346
32.4687
33.1841
32.6013
33.132
32.5408
33.0792
32.9276
33.275
32.6693
32.9553
33.8178
34.4199
32.7491
32.979
33.9128
35.6034
32.3666
32.7237
32.1755
32.91
32.5584
32.7729
32.37
32.9307
32.2937
36.2471
32.6414
32.9508
32.4925
32.6233
32.2673
32.4772
32.2175
33.6962
33.1727
34.0597
33.9941
33.1781
33.0614
32.4584
32.6792
32.1551
33.1603
32.7861
32.4974
33.8944
35.5272
32.3164
32.9457
32.5936
32.9154
32.683
32.8439
32.4157
32.5605
32.3369
36.2983
32.4812
32.6522
32.6499
32.9559
32.2069
32.5602
32.0944
32.8093
32.1995
32.5098
32.3354
32.8482
32.5841
32.6377
33.5889
33.6256
33.004
32.7416
33.6888
34.5355
36.2941
34.2293
34.4355
33.2398
33.5455
33.1483
33.2253
32.9362
33.3155
32.7926
37.0439
33.9871
33.0757
33.0867
33.4346
33.2597
33.243
33.519
33.0021
33.2158
33.1014
33.225
33.0246
32.9865
31.9934
32.4209
31.9774
32.7803
32.0612
32.3993
36.3708
32.8874
32.1009
32.4873
32.116
32.6676
32.3347
32.4424
32.0689
32.5616
31.9466
35.8893
32.1455
32.9294
32.1558
32.5743
32.4542
33.1877
32.3001
32.9632
31.9347
32.4635
32.2712
32.6877
32.0975
34.6373
32.1224
32.6165
32.8163
32.6099
32.2214
35.3747
34.1348
32.6255
32.7159
32.0198
32.4992
32.2593
32.5559
31.9362
32.7383
32.0943
35.6596
32.5744
32.6908
31.9367
32.2745
32.2661
32.5524
32.5401
33.1662
32.1697
31.9962
32.1844
32.6051
31.8838
32.6201
32.0479
32.3893
32.3208
32.361
31.8968
32.2005
35.977
32.6261
32.8306
32.1777
32.3357
31.9215
32.6566
31.9331
32.6878
33.0178
33.8429
36.085
33.6879
32.8644
33.4936
33.065
33.5512
33.2504
34.2703
33.2609
33.6797
32.9908
32.5753
34.0502
33.6288
33.1399
32.8078
33.4192
32.9842
33.0432
33.0212
35.5169
31.9662
32.625
32.6759
32.6979
32.0949
32.6921
32.172
32.5215
32.4446
35.9851
32.9343
32.8815
32.458
32.7971
32.3012
33.5098
33.3658
34.3575
33.7551
33.9649
33.4501
33.8382
33.7963
33.1431
34.1008
33.2058
33.1964
32.1547
32.3176
34.3918
34.7249
33.4357
33.7104
33.0829
34.1046
33.3416
33.4969
32.8972
33.6407
33.2694
36.6225
33.6007
33.3425
32.9358
34.7257
33.0315
32.0213
32.25
32.5417
32.2612
32.8302
32.2536
34.3355
32.1482
33.1125
32.2077
32.1482
32.8942
32.279
32.5496
35.5016
32.8503
31.8737
32.6867
31.8147
32.7213
32.5986
32.7072
32.0929
32.9157
31.7876
35.5675
33.9298
32.3838
32.37
32.3883
32.768
32.3071
32.789
32.308
32.7616
32.3795
33.6255
32.6054
32.6568
32.6747
32.8152
32.385
32.9677
32.5219
33.0146
36.1677
34.0023
32.498
33.2507
32.7495
33.0351
32.9961
33.4673
32.8584
33.1219
32.4983
36.3466
33.9892
32.5819
33.3027
33.0168
32.9656
32.5092
32.9393
32.5005
32.9648
32.6082
35.6997
34.2405
34.392
33.7368
33.101
32.6137
33.0977
32.5549
33.1484
36.1324
33.5684
33.3103
32.8687
33.2032
32.6827
33.7346
33.4286
33.7853
33.0043
33.2687
37.1757
33.9932
32.8659
33.4072
32.8268
33.2133
32.6159
33.3117
32.7732
33.5814
33.8253
34.0945
34.0253
34.0223
34.0094
33.5249
33.4156
32.4566
32.9459
35.1105
34.2234
32.7325
32.8752
32.2859
32.9626
32.526
33.4101
32.4231
33.1853
33.0765
33.1497
36.8137
32.7473
32.9698
32.5085
32.9653
32.5139
32.942
32.5236
32.7805
35.0516
32.9368
32.3935
32.436
33.1499
33.0229
32.4891
33.0522
32.7558
32.8777
36.1667
33.5653
32.7238
33.3013
32.549
32.7097
32.7881
32.7468
32.3871
32.7487
32.696
33.2389
37.1752
32.8415
32.5236
32.9884
32.4982
32.7475
32.3434
32.8433
32.2658
32.7732
32.8236
32.8565
32.6366
32.6625
33.3772
33.1155
32.6246
32.7297
32.4222
36.4083
32.8162
32.8735
32.4509
32.9137
32.4778
33.5023
32.5827
32.823
32.3254
33.1862
33.2914
36.9733
32.7227
32.9954
32.2824
32.9616
32.7003
33.0261
32.6328
34.7038
32.8969
33.4178
33.188
32.485
32.9198
32.3959
33.1529
32.7965
33.0296
32.4974
36.3152
32.4954
32.6952
32.46
33.0377
32.4662
33.1144
32.2007
32.8721
32.1604
32.8183
32.9641
35.271
33.3502
32.3734
32.8434
32.2679
32.798
32.0601
32.9126
32.3535
32.6606
32.4492
32.8335
32.1924
33.0398
32.3096
32.7222
32.6645
32.9768
32.2663
37.1559
33.6758
33.7451
33.235
34.2177
33.1492
32.359
32.5932
32.2938
32.7754
32.3894
33.4973
35.1421
32.8043
32.6518
32.8222
32.2802
32.5839
32.369
34.8324
32.1149
32.1307
32.8208
31.8658
32.4474
32.1917
32.6071
32.1874
32.3352
32.5571
32.0839
36.2459
32.3344
32.297
31.9668
32.4217
31.7159
32.3947
31.8954
32.2791
31.6844
32.4821
31.7751
35.4361
32.0162
32.3279
32.4242
32.5224
31.761
32.1614
31.9143
31.7469
32.2385
32.3017
32.3828
31.7073
31.6002
32.4781
31.8066
32.1391
31.7916
32.2953
32.0706
36.2178
32.1021
33.0243
33.2001
32.6778
33.1078
33.1253
33.25
32.8458
32.9233
33.3182
35.6163
34.7985
32.7274
32.9512
33.2418
32.3073
33.3899
32.6475
31.8097
32.4014
33.1884
33.7258
32.7467
33.4302
33.2134
32.5416
31.7136
32.4047
31.7542
32.5928
35.4949
32.6731
31.9927
32.3899
31.8359
32.5612
32.6268
32.4458
31.8707
32.3366
31.8863
32.0086
35.7783
32.5757
31.8996
32.3112
32.121
33.3321
31.9148
31.8649
32.3639
32.0224
32.6499
31.806
32.0398
31.7919
32.174
31.7054
31.9383
31.7045
32.2079
35.3269
32.7421
32.5267
32.2068
32.6136
31.9464
32.6236
32.1628
32.0825
31.7352
32.5788
31.8835
33.2834
34.5461
32.5498
31.8034
32.3186
34.0965
32.2857
32.0746
32.2272
31.8293
32.2808
31.825
32.2297
31.5923
32.1571
31.7124
32.3114
31.647
32.142
31.781
35.9232
31.9179
32.3758
31.8414
32.4998
31.6406
32.261
32.1917
32.2532
31.8948
32.4397
31.7295
35.782
32.1061
31.9064
31.6764
32.4094
31.6992
32.2529
32.2873
32.5561
31.6918
32.4755
31.6897
31.9466
31.4746
32.6221
32.4119
33.1969
32.6329
33.0424
35.5072
34.342
33.2334
32.8378
33.4599
33.4046
33.4236
33.1234
32.871
33.2521
32.7983
33.0438
36.0661
34.0935
32.7511
33.5276
34.7414
33.4002
32.7438
33.3694
33.126
34.2484
34.0131
33.3654
33.1388
32.1495
32.5293
31.8436
32.7912
31.9561
32.5565
35.9369
32.6898
31.9794
32.4423
32.1419
32.7648
32.6388
32.2469
32.3655
31.6989
32.725
31.8353
35.935
33.0094
32.2845
32.0903
31.9887
32.5556
31.9438
32.5571
31.9848
32.3619
32.4688
32.5673
31.7548
32.308
31.8451
32.3845
31.869
32.5569
32.3665
33.49
34.9257
32.7084
32.284
32.6823
32.1947
32.6669
32.9617
33.0248
32.3335
32.8415
32.1672
33.6594
35.1959
33.2163
34.2624
33.189
32.3162
32.7216
32.4868
32.9504
32.4136
32.9533
33.5247
32.6181
33.0012
32.5363
32.8979
32.3516
32.9077
32.2615
34.0176
35.3001
32.5074
32.408
33.1837
32.7445
33.0083
32.4099
33.3283
32.4743
32.9305
32.3978
33.8478
35.1994
32.8148
32.1252
32.4859
32.0869
32.4639
32.062
32.704
32.0416
32.5327
32.1054
32.7462
32.438
32.8569
32.3879
32.0779
33.0564
32.1362
32.6222
35.2713
32.5218
32.003
32.9896
32.0812
32.198
31.9372
32.6246
31.9836
32.9646
32.2068
32.4471
36.5808
34.2194
34.4727
33.5006
33.029
33.2426
32.8317
33.501
32.7345
33.4359
32.8977
33.1783
33.212
34.7493
34.1993
33.3296
33.6391
32.9939
34.4236
35.9651
34.0432
34.0943
33.5191
32.811
33.5186
32.9207
32.202
31.7229
32.6698
32.1127
33.8184
34.9991
32.5969
31.6106
32.2227
31.8697
32.2485
31.7458
32.4704
31.7047
32.4272
32.0288
32.3984
31.7389
32.6794
32.2032
32.6664
32.6946
32.1349
32.2911
35.8312
32.5719
32.061
31.9234
32.7761
32.033
32.5451
31.8223
32.5943
31.9686
33.0165
32.9551
36.0129
34.1434
32.6071
31.9734
32.3776
32.2861
32.6973
32.4873
32.3714
32.3798
32.8435
32.1574
32.125
32.6795
33.0156
32.5625
33.4079
32.1543
32.6168
35.6619
32.8252
32.4737
32.6786
32.4893
32.7279
32.5037
32.8914
32.2365
32.7279
32.7471
33.3331
35.7828
33.4094
32.3705
32.6375
32.2165
32.6325
32.1247
32.7554
32.1133
32.7277
32.0291
32.9636
32.3666
32.3354
32.7533
32.2488
33.0946
32.9593
33.3316
36.1025
33.1991
32.3893
32.8146
32.4639
32.6368
32.3154
32.7358
31.9811
32.6841
32.5097
32.6609
37.4844
33.3576
32.2548
32.696
32.08
32.4108
32.0621
32.2872
32.0481
32.6957
31.9687
32.4826
31.977
32.7211
32.1101
32.5369
32.1389
33.0265
32.7899
36.0743
33.6224
32.3553
32.5331
32.3533
32.6977
32.0732
32.4983
32.3334
32.6202
32.1627
32.0241
32.5136
35.8344
32.7378
33.225
32.1885
32.6606
32.0381
32.5944
32.2875
32.418
32.3699
32.7554
32.1716
32.6526
32.2266
32.6095
32.2137
32.6958
32.3166
34.1244
35.6067
32.5042
32.1956
32.7815
32.0245
32.7182
32.3036
33.1348
32.6063
32.3884
33.6309
32.9115
35.5268
32.3248
32.1876
32.4228
32.8126
32.2083
32.5272
32.1027
32.7685
32.0573
32.3652
32.084
32.2314
31.6434
32.0825
31.8601
32.3317
32.2126
32.4183
35.5668
32.921
32.0089
32.261
31.8879
32.2664
31.6558
32.2053
31.7294
31.766
31.8204
32.1411
32.6227
35.4073
31.7716
32.2647
31.8646
32.8031
31.9599
32.3176
31.7877
32.0642
31.759
32.3834
31.7192
32.0453
31.8371
32.1944
31.7238
32.3187
31.8761
33.2899
34.345
32.8161
31.7977
32.0841
31.773
31.9548
31.4157
32.2079
31.768
31.9407
33.4435
32.078
35.5852
32.2758
32.0833
31.6403
32.1039
31.8224
32.7567
31.9424
32.6494
32.682
32.5623
32.0096
31.9573
31.6937
32.3277
31.8133
32.2033
31.7693
32.3987
32.6223
34.419
32.0348
32.2875
32.424
31.5362
32.2778
31.9282
31.9585
31.2925
32.0822
31.6302
31.9408
35.0367
32.5104
31.6045
32.0124
31.501
31.9417
31.6444
32.4086
31.6718
32.0625
31.4393
32.0826
31.6745
32.0005
31.6438
32.055
31.5112
31.9531
31.4363
34.1346
33.3389
32.0213
31.2913
31.94
31.9501
31.9792
31.4899
31.8325
33.5848
31.7023
31.4037
31.8498
35.7336
31.6918
31.8939
31.3142
31.936
31.5356
31.7854
32.3777
32.7944
31.6669
32.1787
31.7134
32.0427
31.56
31.8726
31.6824
31.0085
31.8649
31.4525
34.8853
32.5972
31.5457
32.052
31.6736
32.4436
31.7695
32.3003
31.4335
31.9476
31.2731
32.2214
32.1333
35.4117
31.7583
32.1006
31.5148
32.3557
31.4945
31.981
31.8526
32.1613
32.0382
32.1961
31.4118
32.2591
31.5572
32.3757
31.5357
31.4412
32.1473
31.3231
35.2068
31.8918
31.8715
31.3719
32.6455
32.2898
32.5196
33.6141
34.5437
32.7112
32.4375
32.718
35.3698
33.2812
31.3365
32.0271
31.5037
32.0586
31.4394
32.1929
31.7965
31.9908
31.7836
32.901
31.7433
31.9055
31.5131
31.8978
31.3056
31.8428
31.2052
31.7611
34.9776
32.1358
31.5341
32.021
31.5663
31.6157
31.6823
31.9336
31.932
31.3514
31.373
31.8387
34.8749
32.2513
31.9656
31.4883
31.8774
31.6329
31.7008
31.4117
31.4393
31.442
31.3363
31.9538
31.7638
32.1677
31.4448
31.3492
31.6383
31.1343
31.6163
31.3145
35.3389
31.4574
31.9684
31.1175
31.8133
31.1119
31.8362
33.4714
31.5071
31.6084
31.5478
31.2681
34.2075
32.9202
31.4561
31.7322
31.8226
31.3902
31.5346
31.6097
31.0781
32.116
31.245
31.6798
31.3092
32.3831
31.3386
31.6201
31.2138
31.4463
31.2647
31.6023
34.5887
31.9002
31.4565
31.7434
31.2247
31.6801
31.4069
31.9294
31.0807
31.7966
31.8717
32.0475
32.2958
34.2018
31.3738
31.8035
31.1866
32.2559
31.2577
31.802
31.1133
31.8545
31.3918
31.8967
31.3822
31.7164
31.4556
32.3192
31.3757
31.7242
31.0783
31.5355
34.7913
32.2992
31.5105
31.8228
31.3014
31.7678
32.7742
31.9527
31.1863
31.8059
31.1868
32.3472
32.3937
35.0435
31.4845
31.7493
31.1762
31.731
31.4209
31.6445
31.4298
31.3156
31.0635
31.4959
32.0692
31.3198
31.7557
31.585
32.0047
31.5541
31.8629
32.008
36.7281
32.4325
32.2385
31.8965
32.4898
32.2564
32.4906
32.0192
32.8629
32.0101
32.6112
32.1019
32.9953
35.5893
31.4799
31.9254
31.6593
31.8332
31.3014
31.3202
31.4039
31.0574
31.7379
31.3792
31.8353
31.2847
32.5974
32.5131
32.9854
33.4271
32.7015
33.2156
35.6377
33.3425
32.3392
32.7301
35.2056
32.9236
33.4638
33.5176
32.4162
32.5674
32.4691
32.6137
35.6573
33.3648
31.6603
31.8919
31.3687
31.4528
31.838
31.8233
31.4811
31.9302
31.1713
31.6545
31.1381
31.6092
31.1358
31.7812
31.1967
32.3355
31.5495
32.4384
34.7217
31.7656
31.1933
31.5264
31.268
31.5875
30.8804
31.7823
31.2048
31.7622
31.3411
31.6107
31.4984
35.2125
32.151
31.7764
31.2584
31.3901
31.0925
31.2039
31.748
31.2087
31.488
31.1612
31.0078
31.1329
31.2684
31.4933
31.1211
31.5874
32.3669
33.1479
35.5498
33.1721
32.5813
34.1753
32.8545
32.2705
32.5928
32.8036
32.8546
32.1552
32.6018
32.2668
33.7707
34.3972
32.94
32.4997
33.014
32.3285
32.3719
31.9875
32.8396
32.2114
32.8298
32.1292
32.6733
32.2721
32.7358
32.2329
32.9669
32.2856
32.7321
33.0734
34.5366
32.1656
32.5435
32.3337
32.4984
32.1559
32.73
32.1783
32.466
32.2956
32.2392
32.7473
35.9425
32.6966
32.2417
33.4605
32.4558
32.1065
32.208
32.6566
32.3932
32.326
32.2258
32.3998
31.8023
32.3685
32.1649
32.5283
32.0493
32.2891
32.3038
35.7469
33.6072
34.0309
32.9868
31.8807
32.221
31.9819
32.337
31.9961
32.1172
32.0379
32.4382
35.436
32.5739
32.0267
33.9488
32.1739
32.221
32.8817
31.989
31.2075
31.725
31.397
31.7391
31.1975
31.9532
31.2646
31.6882
31.1916
31.6376
31.944
31.2766
35.1733
31.9817
32.1337
31.443
32.1566
31.231
31.8306
31.2458
31.7243
31.0706
31.786
31.5838
33.8343
33.0547
31.6099
31.2627
31.9286
31.7371
32.3638
31.4122
31.8825
31.2071
31.9978
31.0202
31.4839
31.112
31.8652
31.3009
31.6516
31.3466
31.7197
31.2616
34.0755
35.2325
33.2382
32.7029
32.2439
31.1945
31.5034
31.2482
31.6045
31.2566
31.9593
31.2673
34.3487
32.5869
31.8426
30.9174
31.6065
30.8534
31.655
31.4035
32.2925
31.1102
31.462
31.0675
31.7671
31.3175
31.5252
31.2744
31.0576
31.8597
31.2618
31.5978
31.3281
34.9272
31.8965
32.2725
32.0246
31.6987
30.9687
31.8372
31.1897
31.873
31.3561
31.7456
31.9518
34.2242
31.2943
31.8155
31.6061
31.4692
31.047
31.653
31.6378
32.0379
31.4876
32.0239
31.2225
32.0085
31.6808
31.8514
31.3101
31.8698
31.419
31.8547
33.9054
36.1913
31.956
32.1369
31.373
32.2637
31.5753
32.012
31.7807
31.7878
31.5425
31.8978
32.5519
34.7602
31.6922
31.5857
32.1603
31.385
31.9391
31.5998
32.032
32.1844
32.2584
31.8936
32.528
31.773
32.3109
31.5406
32.1991
31.5648
31.7682
31.4088
31.9837
35.0683
32.7087
32.5987
32.9257
32.6363
33.1709
32.3855
32.7493
32.3153
33.9137
33.1502
35.8833
33.5733
32.4325
32.8228
32.5222
32.7209
32.0163
32.8369
32.1877
31.8217
32.0299
32.0975
31.2855
31.9335
31.5075
31.825
31.305
31.7943
33.6534
31.7449
34.7891
32.8767
31.7297
32.1456
31.1014
32.1053
31.9836
32.1204
31.441
31.8905
31.384
32.2002
35.4978
32.135
31.6158
31.5649
32.1228
31.4991
31.9608
31.7296
31.965
31.5459
32.3415
32.0183
31.6656
32.2469
32.3085
32.6944
32.4917
32.7862
32.1974
32.8594
36.4907
32.7058
31.2514
31.8463
31.2331
31.6005
31.2392
32.2508
31.2984
31.3879
30.9557
32.5495
34.0453
31.3472
31.6441
31.1559
31.5333
31.0915
31.6391
31.2443
31.3026
31.4304
31.8411
31.1452
32.3638
31.3439
31.6115
31.2946
32.3286
32.3398
31.6608
31.0513
35.1119
31.8435
31.8779
31.5917
31.6356
31.6599
31.877
31.1031
32.0341
31.747
31.7639
31.4123
35.625
31.2373
32.0325
31.1844
31.8242
31.258
31.7796
31.4944
31.886
31.2728
31.656
31.1546
31.0459
32.0622
31.9335
31.899
31.3781
31.9664
31.4596
31.7642
34.3371
32.5081
31.2238
32.0303
32.2389
31.3218
31.8064
31.598
31.514
32.3023
32.2029
32.3333
35.0579
32.1228
31.5141
31.911
31.3061
31.7193
31.3888
32.0483
31.6661
31.9947
31.6287
31.8248
31.251
31.3499
31.9916
32.0302
35.199
31.5111
32
31.5981
35.3301
31.8245
31.5092
32.3354
31.5962
32.0884
31.6111
31.586
31.6192
32.1776
31.9305
33.2481
35.0549
32.0246
31.4709
32.3739
31.545
31.9978
31.2773
32.1834
31.505
31.8343
31.549
31.8037
31.3805
31.9857
31.3024
32.3231
31.9622
32.0851
31.4127
31.9414
35.1109
32.2471
31.8381
32.1667
31.2094
31.8207
31.4641
31.8288
31.3975
32.026
31.3086
32.2135
34.9747
31.9128
31.272
31.6757
31.5128
31.8515
31.6266
32.1778
31.33
31.5744
31.4704
31.7347
31.3281
31.7616
32.9788
32.225
31.4408
32.3516
31.2527
31.6637
34.9626
31.9158
31.5819
31.9946
31.3056
31.7558
31.5787
31.4668
31.2912
31.9779
31.2655
32.5566
34.6041
32.2762
31.7399
31.7424
31.5062
32.2744
31.4139
32.0408
31.0272
31.9528
31.2776
31.6417
31.3477
31.8814
31.174
31.5658
31.3841
31.7817
31.6112
31.5044
35.0228
32.0186
31.8347
31.6448
31.876
31.7306
31.5354
31.4533
31.698
31.2046
31.9233
31.3293
35.3258
31.7517
32.2765
31.566
31.8013
31.3835
31.9096
31.3721
31.7126
31.0959
31.7395
31.2169
31.5881
32.4114
32.1202
31.1112
31.727
31.1285
31.4538
31.7328
35.7218
32.4196
32.6506
32.4527
32.4491
32.3601
32.5296
31.2759
31.3582
31.5113
31.6636
31.1986
35.4385
31.5806
31.8074
31.314
32.2367
31.2534
31.3327
31.8874
31.1798
31.7228
31.3649
31.7306
30.9889
31.6865
31.2092
31.4834
31.5586
31.3403
31.48
31.0681
35.5178
33.0989
31.5157
31.7753
31.215
31.7086
31.4262
31.7612
31.6004
31.7395
31.414
31.267
34.995
32.7249
31.5356
31.7696
31.4155
32.4899
31.5797
32.269
31.4717
31.9216
31.6125
31.8681
32.19
32.8104
31.3791
31.6408
31.4239
31.7587
31.5245
31.7597
35.3728
32.7588
32.0144
32.8588
31.5416
32.2292
31.7186
31.9983
31.5239
31.5846
31.7788
31.3689
35.4651
31.9325
32.0682
31.7475
31.9428
31.3944
31.7225
32.1636
31.4078
31.7052
31.2205
31.5098
31.4024
31.8188
31.38
31.672
31.2267
31.8446
31.4736
31.583
31.8017
34.692
32.7649
33.0396
32.2291
32.7676
32.3256
32.4414
32.0599
32.6728
32.2515
32.6185
35.7702
32.8033
32.2504
31.391
31.6717
31.7234
31.1413
32.3444
31.2234
31.8494
31.43
34.682
32.7592
32.4599
32.7725
32.1964
32.9832
32.6812
32.8304
32.4857
35.7788
32.6741
32.7725
33.0871
33.1319
32.3919
32.8643
32.3128
32.6227
32.2825
32.8533
35.2699
33.5152
32.3277
32.5953
32.3732
32.2424
32.6696
32.4517
33.0049
32.6975
32.6324
32.1766
32.701
32.4189
32.6914
32.1401
32.6341
32.7878
32.6597
32.351
36.3901
33.1817
32.3225
33.2209
32.4213
32.7204
32.5908
32.2548
32.548
32.3291
32.8271
34.2066
34.1826
32.1189
32.105
32.177
32.4838
32.1834
32.6475
32.0402
32.8865
34.1351
33.7095
31.9963
32.5598
32.1783
32.6918
32.293
32.6767
32.0277
32.5191
33.3332
34.8548
32.2921
32.952
31.9769
32.7873
32.6238
32.5833
32.2605
32.4598
32.5284
33.2765
39.4191
40.0544
79.4836
44.6958
44.5832
44.8192
34.8431
34.6315
34.6319
38.379
34.9942
34.9588
35.9261
34.1137
35.0553
35.0349
36.8144
33.768
33.1952
32.6101
33.2384
32.5359
33.3804
32.9137
32.6945
32.3596
33.0267
34.3238
34.8835
33.526
32.8925
32.6689
31.4739
31.8899
31.5641
33.6036
34.2823
33.1561
32.5948
33.2928
32.5967
32.512
32.2546
32.7709
32.2266
32.7255
32.5285
32.0835
35.6702
32.7556
33.8546
32.5448
32.1299
32.6643
32.5336
32.5779
32.4846
32.4168
32.1533
36.555
32.5051
32.2245
32.4978
31.865
32.5064
33.0157
32.3225
32.5419
32.2823
32.8207
32.6241
33.203
32.4467
32.8446
32.212
32.564
32.2497
32.5579
32.3566
35.8142
32.3948
32.8684
32.2958
32.6447
32.3574
32.7674
32.7338
35.8344
36.4628
32.5788
35.0501
33.6881
32.5676
32.7662
32.4692
32.2463
32.8051
33.6571
32.5253
32.293
32.8188
32.0851
32.0678
31.6697
31.9808
31.3588
31.8139
31.3418
32.0002
31.9217
35.3612
31.9291
32.081
31.5924
31.8748
31.4597
31.7437
31.6435
32.7152
31.8992
32.4345
31.6099
33.0891
34.2312
32.1499
31.6636
32.055
31.598
32.2708
31.2856
31.8673
31.527
31.8319
31.567
31.7295
31.8715
32.3494
31.6843
32.0414
31.5381
31.9208
31.379
32.9387
34.0312
32.4068
31.4309
31.8038
31.596
31.8672
31.5113
32.33
31.5134
32.2589
31.4645
34.1917
33.2038
31.7496
31.266
31.2481
31.1475
33.6787
31.2527
32.5104
31.3997
31.8457
31.6136
32.2583
31.3517
32.414
31.7242
32.6096
32.043
31.5596
32.0556
33.7071
33.6414
31.8426
32.0666
31.6111
32.1187
31.9594
31.8513
31.6212
31.9476
31.5574
32.3923
34.6504
33.1336
31.679
32.1576
31.3182
31.8443
31.508
31.7735
31.5066
32.0568
31.5535
32.0686
31.8366
32.097
31.41
32.0743
32.219
31.899
31.5088
32.0391
34.9076
32.5233
31.5507
31.8637
31.3164
32.1842
31.4848
31.8847
31.4901
32.0915
31.3665
31.7391
31.6251
35.3763
31.4351
31.8024
32.8851
32.2961
31.434
31.9704
31.5547
32.0051
31.3507
32.0961
31.7462
31.6007
31.4
32.2668
31.8187
32.7608
31.8401
32.1372
35.5113
32.6107
31.8846
32.3198
31.8518
32.1324
31.5232
32.0668
32.0218
32.272
31.5701
32.2429
31.9537
36.0784
33.6121
32.4711
32.474
32.2228
32.3779
32.2172
32.5596
31.9462
32.5058
31.9656
32.8727
32.0186
32.1431
32.0259
32.2561
32.219
32.9717
31.7773
36.0473
32.2481
32.0829
32.1606
32.6116
31.7603
32.2445
31.7496
32.4472
31.6605
32.0682
31.8285
34.5059
33.2764
34.4749
32.4849
32.2691
31.851
32.2978
31.7309
32.4751
31.7932
32.3219
31.8562
32.2905
31.968
32.2495
31.8074
31.9595
31.7275
32.9554
33.2588
35.8691
32.8575
33.3042
32.6824
33.6525
32.1931
31.9196
31.8554
32.4814
32.7157
31.8581
32.5546
34.8427
32.5571
32.0079
32.4939
31.7827
32.2817
31.6884
31.8595
31.5427
31.8783
31.578
32.0551
31.2381
31.9102
31.6828
32.0854
31.3777
31.8785
31.3307
35.6874
32.4192
32.4105
31.3238
31.8205
31.6111
31.5632
31.196
31.828
31.322
31.8629
31.3078
32.4065
34.151
34.2017
31.3822
32.2817
32.1661
31.9026
31.3996
31.7966
32.0724
31.7035
31.3936
31.6831
31.4088
31.8518
31.4899
31.8351
31.2695
31.6785
31.29
34.9127
32.227
32.4552
31.4855
31.5635
31.4911
31.864
31.4276
31.8629
31.3252
31.8598
31.5899
32.7772
34.0913
32.0879
31.3042
31.7741
32.1645
32.2478
31.3222
31.6925
31.5308
31.486
31.2346
32.0547
31.2672
31.7585
31.3579
31.871
31.4516
31.9216
31.596
32.9688
34.5383
32.7775
31.5698
31.9387
31.4183
31.8125
31.3054
32.3043
31.4807
31.8283
31.206
32.733
34.9481
31.8403
31.2274
31.965
31.3477
31.8432
31.2801
31.8186
31.6208
31.8464
31.3602
31.4331
32.0086
31.37
31.8278
31.4686
31.9241
31.4576
31.8515
32.3717
34.8476
31.5363
32.2506
31.7093
31.9873
30.9626
31.6456
31.5863
31.805
31.4086
31.9201
31.5395
35.1365
31.8063
32.3179
31.4003
32.0203
31.4141
32.3956
31.6505
32.3987
31.4524
31.7614
31.4287
31.6927
31.1551
31.7331
31.0827
31.6239
31.1257
32.0887
32.0306
34.596
31.4688
31.5814
31.5535
32.234
31.095
31.6018
31.3293
31.7152
31.0444
31.7525
33.9515
33.488
35.0039
32.5491
32.0623
32.4609
32.0813
32.3302
32.0101
32.8672
32.103
32.1295
31.9653
32.033
31.6763
32.2303
31.7901
32.0607
32.0715
32.5746
32.5178
34.7845
31.1397
31.4403
30.8824
31.7762
31.2079
31.7233
31.1058
31.2397
30.97
31.3207
30.7352
31.4664
34.5919
31.351
30.9814
31.1045
31.591
31.4024
31.0163
31.5871
31.1199
31.8399
30.9074
31.4641
30.7992
31.35
30.8801
31.26
31.8833
32.2535
31.7913
35.722
32.021
32.26
31.4858
32.3512
31.6588
32.4839
32.1619
31.7581
30.8105
33.4733
30.8483
31.3801
34.6642
32.6166
31.7739
32.428
31.6387
32.059
31.9573
32.1277
31.822
32.1694
32.113
32.166
31.7756
32.1548
31.6121
31.9654
31.5059
32.1781
31.6866
34.9885
32.0437
31.9928
31.7179
32.2229
31.7182
32.1795
32.7703
32.1851
31.9635
32.0621
31.8727
30.4787
35.4996
31.1312
30.9897
31.0031
31.8254
31.2824
31.0382
31.2889
31.3466
30.8577
31.5999
31.7566
31.6886
31.2754
32.0579
31.0061
31.4479
30.8882
31.4906
32.2697
33.8538
31.1958
31.2883
30.9948
31.5778
30.9749
33.3238
31.3912
33.695
31.1981
32.0946
31.1386
33.5455
32.6073
31.5004
31.0232
31.8682
31.2889
31.6691
31.0812
31.3087
30.978
31.6035
30.8831
31.8071
31.3655
31.42
30.9112
31.5158
30.9949
31.4778
31.2393
34.9554
31.2714
31.3964
31.1485
31.6138
31.163
31.0133
31.3659
31.3763
31.5856
32.0282
31.176
31.5877
35.4105
31.9435
31.2897
31.6957
30.8911
31.3704
31.2272
31.7556
31.4006
31.6084
31.3234
31.6508
31.0783
32.1731
32.11
31.9802
31.1108
31.5585
31.2995
33.6065
33.0558
31.949
31.4529
31.8224
31.1019
31.5705
33.48
31.5659
31.2684
32.2743
31.5997
31.4423
35.1343
31.5177
31.1801
31.7084
31.1735
31.3072
31.1317
31.6862
31.1498
31.6958
31.4266
32.0303
31.439
31.7873
31.5928
32.4031
31.3591
32.025
31.4368
32.5834
34.0528
32.1673
31.4753
31.8532
31.4614
31.8321
31.2397
31.8075
31.8526
32.2521
31.3611
32.5656
35.4705
32.5675
31.6299
32.0454
31.5111
31.9114
31.5011
31.9637
31.1706
31.8924
31.5032
31.9796
31.5426
31.9799
31.2211
32.4146
31.5632
32.0065
31.4683
32.5447
34.3221
31.7698
31.4486
31.9909
31.1489
33.39
32.2768
32.7841
32.1753
32.5151
32.5103
33.428
35.9078
32.4331
32.616
32.2422
32.6942
32.1431
32.5075
32.5229
32.7721
32.3156
33.2585
32.3402
32.4391
32.9368
32.3332
32.6621
32.9865
32.7774
32.7544
36.6537
32.4322
32.0888
31.694
32.1795
31.5756
32.4035
31.6092
31.7784
31.5871
32.434
31.3698
32.7792
34.9162
32.2542
32.0134
32.1418
31.5333
31.9715
31.6876
31.8782
31.483
31.9503
31.3525
31.9243
31.1959
32.0892
31.3722
31.9595
31.8287
32.3099
31.4995
35.2805
31.5689
31.8182
31.2178
33.8748
31.3329
31.8331
31.249
31.686
31.3873
31.6701
31.6021
33.1689
34.6789
33.4055
32.548
32.349
32.617
32.3638
32.5877
32.0123
33.0649
32.7604
32.2574
32.6489
32.2275
32.5302
31.9405
32.6093
32.0594
32.6956
33.3587
36.2711
32.0409
32.4191
32.2531
32.5731
31.9554
32.5613
32.0829
32.0457
32.0944
32.4849
32.0643
35.5744
32.2565
32.5572
32.8075
32.7723
32.0088
32.1661
32.2638
32.5051
32.1553
32.6012
32.1139
31.1568
31.5925
31.402
31.9595
31.2717
31.688
31.0674
33.0405
34.525
31.8705
33.3368
32.9926
32.3291
32.9092
32.0757
33.217
32.2655
32.7134
32.3366
36.035
33.6447
32.4937
32.7814
32.8455
33.138
32.6656
32.868
32.3378
33.0244
32.6733
32.4645
32.4188
33.1723
32.519
33.2229
32.5539
32.998
32.7138
32.9175
36.4278
32.7529
32.4397
31.5757
31.8643
31.4172
32.2008
31.6545
31.5267
31.7229
31.9151
32.3069
34.8075
31.7405
32.0584
31.5313
32.365
32.1028
32.5107
31.6018
31.6735
31.9608
31.5589
31.895
31.4781
32.2338
31.5514
32.1597
31.5438
31.8364
31.5313
31.9358
35.0232
33.7769
32.6715
31.978
31.2615
31.8096
31.6067
31.8398
31.3148
32.0018
31.029
34.2911
33.0989
31.5699
31.1879
31.9882
31.4387
31.9253
31.9777
32.1021
31.3598
31.7909
31.5055
31.6927
31.3299
31.955
31.2778
31.6965
31.4806
31.9076
31.4017
31.9986
34.9973
32.2381
31.7422
31.9309
31.6947
31.7958
31.5658
32.1124
31.4743
31.7742
31.2025
33.3152
33.1285
31.9402
31.0503
31.7302
31.1776
31.816
31.2729
32.1035
31.1481
31.7659
31.2666
31.6126
30.9036
31.547
31.16
31.6267
31.1412
32.3059
31.977
32.4153
37.2244
32.4677
32.1439
32.6965
32.5455
32.3831
31.3246
31.8673
31.1997
31.9541
31.2335
33.6816
32.8107
32.3502
32.0907
32.5816
32.1301
32.291
32.0046
32.6677
32.5047
32.8644
32.0165
31.3872
31.0766
31.4997
31.0318
31.4371
31.2208
31.8262
31.1446
31.7199
33.8856
32.7151
31.1182
31.5927
31.0923
32.1025
31.8434
31.4777
31.0547
31.4604
30.8375
32.7081
34.3969
31.8644
30.9808
31.5606
31.0957
31.3929
31.1334
31.791
31.0749
31.355
31.5554
31.52
30.9659
31.5958
30.9522
31.2611
30.9184
31.2505
30.8773
31.707
34.6139
35.4094
32.0075
32.643
31.9022
32.441
32.4656
32.5053
32.1849
32.2715
31.8816
30.9284
34.8735
31.1982
32.9635
32.0247
31.2696
30.8751
30.6731
31.3595
30.9871
31.376
31.2476
31.4862
31.0344
31.6654
31.1297
31.5012
31.0866
31.764
31.1048
31.6946
31.1149
34.2927
31.6344
31.6992
31.4952
31.8061
32.1077
32.3634
32.8931
32.1191
32.5022
31.8633
34.8019
31.5524
31.7231
30.9439
31.5669
30.9321
31.447
31.147
31.537
31.0435
31.4429
30.85
31.7823
31.5732
31.6074
31.0362
31.5017
31.2042
31.4548
32.9851
31.7678
30.9561
34.458
31.4606
31.6718
32.5111
31.0965
31.3359
30.8301
31.9737
31.2159
31.4504
31.0532
35.077
30.9965
31.4446
31.0495
31.4455
31.0512
31.5557
31.1598
31.3559
30.7519
31.4936
31.059
30.9337
31.6789
31.6844
30.9374
31.459
31.1032
31.3694
30.9461
31.11
34.9703
32.5834
32.091
32.112
31.6728
31.3397
30.611
31.245
31.3198
31.6443
30.808
34.9995
31.5395
31.2909
31.1706
31.0798
30.7094
30.6829
31.4299
31.2454
31.2897
30.8243
30.7391
31.0127
30.9358
31.3187
31.4365
31.6779
33.168
32.1672
31.6784
32.2712
31.6894
35.8092
32.062
32.2238
32.004
32.1156
31.6425
32.2997
31.6293
31.2872
31.2572
31.568
35.4758
31.0414
30.6764
31.3478
30.6072
31.2659
30.9439
31.2572
30.6601
31.6103
30.7787
31.3235
30.9501
31.2999
34.9283
35.5915
36.3741
31.0823
30.6177
31.0917
31.1322
34.1121
32.822
31.173
30.846
31.4262
30.8635
31.2533
31.0309
31.2797
31.4269
32.032
33.3571
32.7625
31.6272
31.243
31.3886
30.6992
31.6112
30.8899
31.4158
30.9473
31.4367
30.9449
31.5146
30.8197
31.2772
32.4713
32.496
30.9601
32.5419
31.7428
31.5426
32.6981
34.453
31.1996
31.3712
30.7968
31.5701
30.8004
31.2518
31.0439
31.3051
30.6722
31.2222
35.1911
31.8466
31.1724
31.5982
30.8644
31.4216
30.9653
31.6634
30.7116
31.5301
30.8848
31.0662
31.1335
31.6184
30.9591
31.41
31.2456
32.4767
30.6769
31.8677
31.1684
32.382
33.5926
31.4078
30.7907
31.5762
30.7731
31.2162
31.14
31.7905
30.9689
31.5402
31.6857
34.8113
31.5626
31.6602
30.7923
31.2395
30.9649
31.4834
30.6316
30.9773
31.1499
30.8161
31.2728
31.0499
33.7689
30.8978
31.4738
30.9437
32.0502
31.4666
31.4538
30.7303
33.4495
32.6908
31.1243
30.9405
31.2327
30.8333
31.5203
30.836
31.1469
30.529
31.5609
31.7826
34.1366
31.2911
31.7019
30.9274
30.9976
30.7048
31.1322
30.8314
32.7969
36.0023
38.0207
42.4615
39.4287
35.8865
33.383
32.9078
33.3016
33.5133
33.1199
33.5346
35.2081
32.8486
32.4814
34.0851
32.2102
32.5133
32.5088
31.9536
32.8915
32.8716
36.2766
32.8804
33.1827
33.2138
32.0278
33.3296
33.9882
33.4502
33.1084
33.4105
32.6505
35.5102
32.89
32.5379
32.5849
32.7546
32.4953
32.313
32.6584
32.6383
32.5059
35.8074
32.5538
32.4375
33.0504
33.1277
32.5463
32.866
32.7181
31.9861
31.7736
33.8658
34.503
32.1556
31.8702
32.0074
32.5396
32.2215
32.0536
32.9133
32.4059
33.0737
33.0413
32.359
32.3106
32.446
32
31.4103
30.7073
30.9093
31.2574
31.424
33.4912
33.3618
33.1998
33.2575
32.3843
33.1649
32.7395
33.5862
32.3561
32.9227
32.2322
36.339
32.5241
32.2777
32.3552
32.9679
32.5142
33.163
40.4133
38.8803
39.6571
34.6563
34.1508
33.6336
33.8757
33.7523
34.0043
35.6174
33.0777
32.8997
36.5083
33.8519
33.1306
33.6296
32.9491
33.2845
33.4081
32.5616
32.4021
33.688
32.8568
35.2273
33.4674
32.8521
32.5672
34.5884
32.9839
32.4383
33.9849
33.4785
33.3169
33.4839
33.3397
33.0908
33.294
32.5227
32.3785
32.6081
31.8339
32.3207
32.7207
32.107
35.4761
31.804
32.0127
31.4222
33.3876
32.38
31.6566
32.4876
33.0542
31.6619
32.7347
35.422
32.1278
32.3667
32.2352
32.2538
33.4822
31.7883
32.5646
35.1217
32.3149
32.5732
33.569
31.2323
32.8717
32.7692
32.9753
32.6351
32.0339
30.7554
32.5871
35.2678
31.834
31.8685
30.7323
30.9596
31.4304
31.6377
31.2053
30.5462
31.6667
30.7504
31.2187
34.2636
31.4098
30.7235
31.3667
30.794
31.2832
30.4152
31.8084
30.7258
31.1499
31.4836
32.1534
30.7592
30.6655
31.1902
30.4449
31.3027
30.7536
31.2164
30.7504
31.0677
34.9035
31.0659
31.0641
31.0883
30.5348
30.8049
31.7103
30.6935
30.9967
30.7202
31.1923
30.9759
34.2597
31.1701
31.3033
31.3314
31.1938
30.6718
31.0775
32.8562
31.1675
30.7092
31.505
31.1932
30.8633
30.7032
31.2938
30.5779
31.1157
30.57
30.8988
30.8852
31.7246
35.1114
31.1799
30.9574
31.2906
30.907
31.4089
30.9329
31.6819
31.4356
31.0319
30.7688
30.6459
34.9029
31.2624
31.0877
31.0198
31.0133
30.5783
31.5441
30.6572
31.2645
31.2742
31.0921
30.6379
31.6735
30.9355
31.2042
30.5723
31.3911
30.7141
31.4442
30.8527
31.1796
34.4969
31.2041
30.8099
31.2511
30.5719
31.495
30.7293
31.3434
31.0843
31.5511
30.7976
32.799
32.9808
31.3776
30.7305
31.2849
30.6589
33.3902
31.8708
32.0182
31.8723
32.1407
31.5482
32.4519
33.07
32.6277
31.7565
32.1684
31.6151
32.0979
31.6608
32.0706
36.0437
32.3927
31.7505
32.0231
31.3744
32.3086
32.1332
32.1436
31.8632
32.5415
31.7728
35.3669
32.2259
32.0832
31.6303
31.8579
31.7184
30.994
30.747
31.5518
30.576
31.2136
30.5608
31.2151
30.7883
31.1037
30.9588
31.6929
31.0767
31.2434
30.7353
31.3566
31.6048
34.1048
30.9871
31.3165
30.8655
31.2804
30.7051
31.1291
30.8319
31.0193
30.7532
31.1144
35.2824
31.205
30.7603
30.7444
33.5979
30.8368
31.2151
30.9253
31.0464
30.8626
31.0869
30.5271
31.3374
30.8151
31.2478
30.7912
32.3029
30.8948
30.7058
31.0393
30.7983
34.5156
31.3076
31.3325
30.7554
31.1448
30.8138
31.2113
30.8183
30.8556
31.1944
30.8552
34.0589
33.5757
32.2699
31.7031
32.6746
31.9078
31.8525
32.0693
31.8535
31.884
31.9702
31.407
31.8839
31.9331
31.9778
31.5627
32.1472
32.1266
32.0971
32.0676
31.9517
35.4263
33.027
32.4521
31.6765
31.9801
31.9025
31.9191
31.7271
32.3863
31.8141
32.2111
34.8577
32.6422
32.0881
34.2856
31.9413
32.0427
32.1902
32.0542
31.7108
31.6387
32.097
31.3543
32.1819
31.5535
31.9855
31.8967
32.0515
31.5424
32.6761
31.6407
32.3122
35.2002
32.3872
30.9632
31.175
30.7532
31.243
30.747
31.4703
30.7795
31.086
30.7015
34.6799
30.7472
31.1763
31.6015
31.3268
30.7893
31.0073
30.8024
31.1216
30.3413
30.6824
31.003
30.6378
31.1711
30.6686
30.8727
30.3728
31.1486
30.5038
31.1125
31.2287
31.9999
34.0463
31.4192
30.4987
31.1832
30.7134
30.9991
30.6055
31.1653
30.753
31.3246
30.7093
35.0236
31.7285
34.4979
32.1161
32.0832
30.7248
31.1146
30.4876
30.9957
30.4607
31.1906
30.6864
30.9977
30.9764
31.0136
30.6664
31.0773
30.5826
30.9559
31.5739
32.7852
40.13
34.3549
32.8218
35.3127
37.8015
38.5533
38.9952
37.9736
37.9256
37.6407
38.2771
30.8224
30.9731
31.4838
30.9833
31.3933
30.7304
30.9302
30.3862
31.1699
30.7318
31.0426
31.3224
31.1427
30.6652
30.3977
31.1218
30.2231
31.1766
30.5871
31.1665
32.3293
33.8328
30.6913
31.3184
30.7611
31.1362
30.659
31.1128
30.829
30.998
30.7492
31.0139
35.481
31.9228
31.1899
31.1753
30.4696
31.7909
30.983
30.7906
30.5413
30.7105
31.1911
30.4346
31.2007
30.5914
31.2672
30.5647
31.4026
32.6374
31.3396
30.726
31.3799
34.4543
31.8578
30.6387
31.0447
30.5877
31.099
30.799
31.0797
30.7372
30.419
30.8965
30.6824
34.9012
30.9866
31.2315
30.5444
31.0554
30.4352
31.3518
30.9052
31.0437
30.525
31.1554
30.4454
31.0791
30.4784
31.0399
30.641
31.2318
30.7381
31.2899
30.7159
31.3238
34.518
31.4378
31.6719
31.3545
30.6241
31.1763
30.8076
31.2913
30.9767
31.2327
30.6683
34.016
33.7337
31.0199
30.7831
31.3526
30.3519
31.0796
30.7966
31.3591
31.1575
30.6844
31.2892
30.4987
31.1175
30.7632
30.9766
30.8286
31.102
30.7713
31.0533
30.4083
31.7175
34.1361
31.595
30.8834
31.6679
31.4064
31.2769
30.9597
31.0604
30.7764
30.7158
31.5803
34.2371
31.9597
30.6809
31.345
30.4931
30.9927
30.6856
30.8494
30.4983
32.1453
31.0733
31.3447
30.727
31.1992
30.6928
31.0766
30.7568
31.2469
30.3837
31.0111
31.225
33.7379
31.8003
30.964
31.3387
31.1614
31.9831
31.0679
31.3809
30.8238
30.9376
32.8792
31.3787
34.9171
31.0859
31.321
32.1126
31.2294
30.7266
31.2783
30.7583
31.0974
30.9683
30.827
31.1904
30.7618
31.4222
30.7014
30.6506
30.9353
30.7325
30.9101
30.8138
30.8963
34.5788
31.6185
30.664
31.3524
30.6831
31.6288
31.2704
31.3416
30.6973
31.4349
30.6922
32.0379
34.0314
31.2725
30.7844
30.7604
30.3879
31.1277
30.6985
31.1551
30.7532
31.6499
30.9201
32.1037
30.7901
31.4017
30.8816
30.8773
30.8324
31.0468
30.5875
31.1175
31.2431
34.603
30.8682
31.0307
30.8926
31.2967
30.4308
30.2524
31.1881
31.2499
32.8807
30.9647
33.8541
31.8199
31.2747
30.8873
31.3354
30.4059
31.082
30.9695
30.9529
30.6219
31.2158
30.6993
31.4053
31.3471
31.1458
30.8635
31.17
30.6301
30.7846
30.8035
30.8936
34.1663
32.201
32.637
31.9475
31.8144
33.348
31.3946
31.1465
31.2071
31.4436
30.568
31.2654
34.6458
31.3812
30.8606
31.2921
31.0024
31.2455
31.2369
31.2134
30.8153
31.3037
30.6809
30.9371
30.9551
31.9164
30.8557
30.9796
30.9537
30.9536
30.5227
30.7562
31.1948
34.8607
31.4814
30.5135
31.2334
30.7618
31.6559
30.6572
31.5529
33.0493
31.4562
31.2406
31.4739
34.5234
31.3512
30.8921
31.2985
30.8612
31.2033
30.833
31.0833
30.5133
31.3391
30.7008
31.463
30.7537
31.053
31.1702
31.6071
32.0803
32.0118
31.5688
34.4234
35.4249
32.2641
31.665
32.1062
31.5468
32.0437
31.5181
32.0714
31.6246
31.9075
31.7922
32.5924
35.4048
31.4934
30.6385
31.2011
31.1613
31.1502
30.5642
30.9805
30.5332
31.1196
30.5029
30.6378
31.3267
30.4972
31.1464
30.604
31.6694
30.8055
31.103
31.0698
31.3473
34.5677
31.6978
30.7572
31.2578
30.782
31.5155
32.9216
31.3148
30.7556
31.1009
30.7167
31.568
35.5928
32.2349
31.71
32.4125
31.8619
31.6307
30.5505
31.1323
30.5649
31.1565
30.7362
31.1272
30.7888
31.1622
30.4988
31.4982
30.8599
31.3925
30.6054
31.3299
30.422
34.7113
30.972
30.8662
30.839
31.4043
30.7552
31.5962
31.0927
31.4557
30.7052
31.1037
30.8618
35.4107
31.2695
31.6935
30.5592
31.3522
30.8313
31.3282
30.654
31.3822
30.5444
30.3621
31.2273
31.0592
31.1504
30.7125
31.5408
30.8733
31.3097
31.4828
31.2618
30.6122
35.2562
30.8928
31.0591
30.6596
33.1316
31.077
31.2149
30.9893
31.3734
30.8796
31.3807
31.1797
34.7305
31.7472
31.5651
30.5898
30.9994
30.6954
30.9969
30.5214
31.0915
30.4095
31.0377
30.6389
31.2198
30.561
30.9738
30.9327
31.087
30.8457
31.621
30.7838
30.6192
34.7875
31.4764
30.8557
30.5483
31.3078
30.7487
31.2013
30.7634
31.3826
30.771
31.3433
31.676
33.927
30.8792
31.2075
31.0582
31.6322
30.8257
31.0853
30.6346
31.6005
30.6317
31.6809
31.7443
32.109
31.8473
32.2604
30.8229
31.0955
30.5468
31.1748
30.9161
33.8327
32.2724
31.3713
30.8686
32.6832
31.0828
30.8041
31.3134
30.556
31.1237
30.7277
31.0876
34.6815
31.2688
31.0198
31.5117
30.8367
30.8625
31.1731
30.5271
31.3513
30.6524
31.2779
30.4082
31.2487
30.5933
31.1215
30.6401
32.0115
31.514
32.0819
31.4919
31.9616
36.0619
31.4947
30.7289
31.0293
31.1175
31.3738
30.7863
31.455
30.6878
30.9126
30.9294
32.2174
33.8457
31.5349
30.791
31.0479
31.4158
31.0845
30.9713
30.9552
31.3143
30.7899
31.1269
30.5863
31.1966
30.6896
31.2132
31.384
31.2686
30.6884
31.2757
30.803
31.2996
35.26
31.2174
34.1437
30.7533
30.9271
30.7199
31.1791
30.9216
31.5466
31.0003
31.295
31.7974
34.1053
31.0529
31.3589
31.0204
30.8694
31.6541
30.9316
31.0972
30.8853
31.3841
30.7029
31.2664
30.7527
31.1661
31.0184
31.1528
30.7787
31.2751
30.8345
31.3167
32.0445
34.3344
31.4791
31.3784
30.7744
31.5424
30.7152
31.7363
31.005
31.1184
30.8383
31.2974
34.6066
31.4962
30.8534
31.0342
30.7964
31.4594
30.7667
30.9201
31.6723
30.7328
31.3346
30.7013
31.5164
31.218
31.5242
30.8901
32.4949
31.1828
31.57
30.9023
31.5544
34.6244
33.4686
31.5453
32.0081
30.9658
31.778
30.8717
31.4647
31.3238
31.3364
31.0266
32.4615
34.1824
31.6094
30.9695
30.8768
31.4133
30.6985
31.3812
31.0728
31.9702
31.0459
31.4068
30.9319
31.3238
30.7715
31.4375
30.6894
30.9276
30.8233
31.7708
31.092
30.7511
35.2441
31.3285
31.0323
31.5692
31.7197
31.4052
30.9259
31.4161
30.9988
31.1024
31.1617
34.8476
30.9117
31.465
31.0349
31.3835
30.8627
31.3911
31.1242
31.3249
31.0403
31.6311
31.4017
31.5903
30.9658
30.9497
31.1637
30.8324
31.4998
31.012
31.5023
30.9174
36.0186
32.4096
31.4963
31.147
31.5305
31.5906
31.8464
31.4936
31.9651
30.9741
31.5018
32.0972
34.5881
31.2923
31.5213
30.8637
31.5377
30.9121
31.4889
31.0649
31.5074
31.1722
32.0452
31.1486
31.4337
30.702
31.6424
30.9638
31.4755
31.1186
31.6213
31.2659
31.4043
34.6579
31.9334
30.8946
31.6187
31.1391
31.8406
31.6129
32.2456
31.3629
31.7153
31.0452
35.375
31.7731
31.8052
30.9788
31.6697
31.2896
31.6474
31.1562
31.7221
31.2179
31.6323
31.3198
32.062
31.1321
31.1764
31.1499
31.6537
31.1265
31.7072
33.3034
31.4184
30.8752
34.6521
31.1704
31.7179
31.1318
31.8677
30.967
32.0283
31.0651
31.7005
30.7189
30.9659
34.8831
31.3453
31.1558
31.5111
30.928
31.3724
30.8765
31.19
31.0804
31.303
30.8216
31.3761
31.1312
31.2533
31.2138
31.432
31.0838
30.6942
31.448
30.7827
31.4582
33.4729
32.8312
30.7582
31.3809
31.181
31.3381
31.293
31.975
31.2366
31.6006
30.9141
32.9543
33.5733
31.4622
30.7693
31.2793
31.211
31.1692
30.8555
31.763
30.9282
31.0406
30.7493
31.4747
30.7493
31.9986
31.4499
31.4734
30.6167
33.0843
30.6909
30.4938
31.5665
35.0652
31.1029
31.1402
31.0936
30.9369
30.6963
31.223
30.6986
31.2714
31.5882
31.4808
34.8866
31.0936
31.2843
30.8524
31.3099
30.8823
31.538
31.299
31.6686
30.7725
31.4998
31.1357
31.3142
30.9756
32.4051
32.1491
32.3749
32.6313
33.0315
31.72
32.2864
35.302
32.4459
31.9201
32.2573
31.6707
32.0817
31.9018
32.1318
31.5374
32.2891
32.2905
36.3894
32.0322
32.0767
31.6505
32.0843
31.8844
33.4071
32.2569
32.1927
31.567
32.1143
31.9183
32.1426
31.6465
31.604
32.1458
34.4488
32.3952
30.8217
31.2056
30.8639
35.4577
31.0543
31.4324
30.7968
30.8936
30.6103
31.3019
30.7273
31.107
30.7005
31.4066
32.4195
34.3882
30.6049
31.1222
30.9
31.3154
30.8655
31.2427
31.1258
31.1622
30.4194
31.4743
30.744
31.3034
30.7478
30.785
31.2656
30.9207
31.4034
30.5144
31.1232
30.6184
34.9455
30.8132
31.4026
30.7096
31.0333
30.7888
31.1545
30.7503
31.1529
30.8182
31.3713
34.6346
31.9623
30.5404
31.2642
31.0077
31.1327
30.5914
31.4193
30.7328
30.6769
30.5414
30.927
30.9517
31.0197
30.8164
33.1701
30.6449
31.5191
31.1503
31.1509
30.6594
32.1617
34.2136
31.0733
30.8877
31.0652
30.5643
31.215
30.5936
31.1978
31.2859
30.8129
30.8713
35.328
32.7204
31.8861
33.5163
31.427
30.6958
30.775
31.398
30.925
31.0993
31.1107
31.3143
30.6497
30.6715
31.1942
30.8768
31.0712
30.9096
31.5191
31.4309
31.5452
34.4409
31.3263
30.9207
31.4874
30.6664
31.1777
30.9582
31.365
30.7005
31.368
30.7276
31.1848
34.9882
31.3072
31.1391
31.9805
30.8115
31.2334
30.7772
31.7033
30.6913
31.4971
30.8521
31.2576
30.8983
33.2412
31.1099
31.4045
30.9327
30.8337
31.0239
31.7015
31.7586
35.1325
30.8988
31.7165
30.8316
31.135
30.9203
31.0519
30.7687
30.7085
31.2399
30.6698
34.0111
31.9961
31.9205
30.8639
31.8324
30.8905
31.4073
30.6353
31.4648
30.9196
31.8958
31.7708
32.1055
31.9133
32.2562
31.544
32.2052
31.7564
32.5558
31.6706
32.5269
35.4086
32.5393
31.6232
31.5801
30.9485
31.3885
30.8156
31.2078
30.5723
31.2573
30.7045
31.9771
33.9989
31.4841
30.8618
31.2017
31.4631
31.8732
30.6078
31.3557
31.1184
31.0359
30.7764
30.525
33.5433
30.5798
31.0999
30.9872
31.2394
30.9107
31.3824
30.7176
32.6855
34.2331
31.3519
31.0868
31.2367
31.376
30.8415
31.043
30.6389
31.3651
30.545
31.1609
34.6929
31.4314
30.6784
31.111
30.9741
31.2547
31.1446
30.8773
31.3251
30.804
31.314
30.9078
31.1945
30.7513
31.4986
30.7986
31.1446
31.2709
31.1215
30.7366
31.4328
34.3777
31.6699
31.3735
31.7264
30.7609
31.2173
30.8024
31.2863
30.7055
31.1253
30.3174
31.2374
34.8232
31.2179
30.5865
31.3904
30.9287
31.1483
31.0016
31.179
31.665
30.8603
31.1912
32.3784
31.0842
30.951
31.3047
30.8209
32.802
30.9567
31.16
30.9173
31.4357
34.3693
31.4466
31.1742
31.7994
30.5985
30.8689
30.9786
30.5131
31.0811
30.8344
31.3786
32.514
33.3354
30.7486
31.3924
30.8941
31.0601
30.8392
31.3973
30.9949
31.3375
30.6412
31.4814
30.6054
31.1779
30.798
30.9584
30.8056
31.1698
30.6905
31.2005
30.5624
32.1458
33.7298
31.2577
30.9018
31.092
31.3698
31.6065
30.7963
31.0428
30.8495
31.2722
30.4759
34.6226
31.012
30.7581
30.7299
31.5224
30.9201
30.7074
30.7628
31.2046
30.9889
31.6759
33.3787
31.1561
30.5556
31.7598
31.6629
32.0213
31.5158
32.1593
31.4966
32.2135
33.5486
33.3044
31.8388
32.1352
31.8665
32.273
32.1713
32.1616
31.5977
32.2711
31.7296
34.8609
32.5932
31.9924
31.8336
32.684
31.9248
31.4516
30.9767
31.1625
30.7429
31.2653
30.8485
31.404
30.9669
31.6206
30.7797
31.2589
31.0005
31.2306
30.6876
31.9374
32.6118
34.7007
31.7325
32.3961
30.8244
31.2355
31.2177
31.6574
31.0905
31.1757
30.7505
31.673
34.4689
31.3567
30.7084
31.7563
30.9186
31.1524
30.5527
30.6789
31.2094
33.59
30.966
30.7915
31.4843
31.0264
30.9164
30.8122
31.2956
30.6017
30.9537
30.7629
30.9599
34.713
31.6813
30.8912
31.2593
30.6553
31.5456
30.4742
31.5972
30.8099
31.0447
30.5343
34.3743
31.8813
31.2142
30.7962
30.9097
30.5275
30.9944
30.3216
31.3168
30.6992
31.047
30.866
31.3379
31.0397
31.5299
30.7336
31.0942
30.7242
31.0748
30.3443
30.9204
30.4604
33.7958
32.1732
31.4061
30.8302
31.1488
30.6557
31.0388
30.7946
31.1716
31.0618
31.2898
33.5193
33.8687
31.0828
31.7218
30.811
31.1767
30.4307
31.1539
32.5411
31.1097
30.4597
31.3547
30.5854
31.0263
30.8761
30.8018
31.1943
30.8162
30.9547
30.4335
31.1282
30.3178
32.2024
33.8857
31.2564
30.5307
30.9621
30.8647
31.0917
30.3918
31.1795
31.1517
31.309
31.2939
34.7923
30.4002
30.9254
30.4476
30.8816
30.3933
31.4355
30.7285
30.9116
30.6806
31.3033
30.7281
30.9925
30.7413
31.2784
31.0375
31.2808
30.5074
31.0923
30.6911
30.6133
30.855
35.0449
30.6914
30.4829
30.9219
31.0167
31.6722
31.4681
31.8225
31.7122
32.0903
34.3046
32.7943
31.3408
31.9634
31.4437
31.5908
31.1807
34.5458
32.1434
32.1037
31.7174
31.7181
31.2117
32.0349
31.3851
31.8202
32.1124
32.0188
31.454
31.8402
31.5322
31.9613
35.2162
32.1075
31.496
31.7337
31.429
32.1675
31.6791
32.1067
31.1179
32.0039
34.9094
32.7595
32.0815
31.5207
32.0496
31.5455
32.1047
31.6793
31.619
31.6354
31.993
31.4028
31.654
31.6314
31.7903
31.738
32.2024
31.9403
32.4637
31.6379
31.9055
31.4033
35.1752
31.4885
32.1035
31.3982
32.7135
31.5494
31.4185
31.9353
31.9436
31.4193
35.1168
32.4154
31.8478
32.1556
31.6584
33.359
31.8433
32.9291
32.4779
31.4909
31.471
31.5532
31.421
32.5229
31.5642
31.7264
31.5189
31.9553
31.8295
31.8171
31.4645
32.702
35.0355
32.5128
31.4538
31.9726
31.4832
31.9489
31.5379
32.0597
31.5634
31.9381
32.7133
33.937
31.5175
32.9811
31.6615
32.0263
31.405
32.1758
31.3015
31.9242
31.642
31.8972
31.4247
32.1408
31.3056
31.9275
31.7054
31.869
31.5524
32.482
31.8582
32.0175
35.298
31.8746
31.4237
31.9062
31.6656
31.9371
31.619
32.1794
31.4948
32.1446
33.7465
32.9809
31.7312
32.3786
34.2213
31.8673
32.4565
31.4018
31.8218
31.5351
31.3968
31.8682
31.4879
32.0709
31.5126
31.9458
31.7622
31.9284
31.56
31.9781
31.737
32.3642
36.3701
32.497
31.6315
31.5456
32.0755
32.5618
32.5477
31.7708
31.5011
30.6008
35.2309
30.9391
31.102
30.6157
31.5493
31.185
31.5066
30.6839
30.4703
31.059
30.9183
31.0889
30.5708
30.7049
31.0455
30.5131
31.1825
30.4328
30.9786
30.5978
31.2044
30.9445
31.9101
34.1859
31.2846
30.7006
31.0581
30.6152
31.2432
30.6873
31.0414
30.4928
31.2235
32.2406
34.0445
30.4901
33.3075
30.6734
31.6428
31.3322
31.0962
30.528
31.2983
30.5654
30.576
30.4928
31.2464
30.5703
30.9254
30.4597
30.7723
30.5171
31.171
30.7305
31.2301
31.9268
34.3832
32.4943
30.8325
30.8669
31.2908
30.4655
30.6118
30.8305
30.3996
30.9492
34.1156
31.3868
30.4956
31.4507
30.5513
30.9893
31.0679
31.0954
31.7869
31.4433
31.8798
31.357
31.758
32.0708
33.1961
31.6263
31.4638
31.7694
31.2205
31.8881
31.4002
31.7354
34.8147
32.5254
31.6143
31.889
31.4446
31.9697
31.2713
32.0066
31.4124
31.9024
34.7964
33.4421
32.4468
32.4624
32.5007
32.0658
31.7179
32.2097
31.9714
32.0914
31.5295
32.0637
31.5155
31.6516
31.5392
31.3284
31.3222
32.0626
31.5921
32.2168
30.9237
30.8972
35.313
31.5285
32.1823
32.4341
31.4622
30.4389
30.4081
30.9403
30.3907
31.0065
31.7847
33.5936
30.7198
31.1807
30.5007
30.9377
30.6356
30.884
30.2979
31.252
30.9791
30.907
30.3448
31.0507
30.4525
30.8198
30.7165
30.9336
30.5759
30.9728
30.5974
30.8508
30.9108
34.7189
30.6753
31.0462
30.7511
31.3997
30.5406
30.7686
30.3924
30.3696
30.9585
30.5276
35.7596
30.5315
31.0222
30.3842
30.6769
30.5794
30.7155
30.2891
30.8151
31.1903
30.9262
30.6744
31.1428
30.4017
30.6654
30.4516
31.0222
30.5884
31.0424
30.3367
30.6963
30.6147
34.5839
30.8197
30.8588
30.6998
30.9837
31.1003
31.0682
30.4388
30.2489
30.394
30.3969
33.9957
31.9757
31.217
30.5405
30.9048
30.4802
30.7775
30.5627
30.9789
30.4905
30.9638
30.7303
31.3407
30.4912
31.0736
30.2464
31.2695
30.2548
31.0139
30.3348
31.1216
30.6644
31.9378
34.029
30.6434
30.4777
30.8546
30.4142
31.4938
30.8394
31.0155
30.7265
32.7699
34.1177
31.1364
30.8229
30.3523
30.7075
30.6399
31.0088
30.4494
30.5187
30.8003
30.3411
30.8122
30.911
31.189
30.29
30.9771
30.4102
30.7184
30.285
31.2105
30.4062
31.1808
32.0803
33.6799
30.4086
31.0256
30.4432
30.8474
30.7622
31.4327
30.4604
31.3189
30.6232
34.2161
31.1155
31.255
30.5244
30.9398
30.3006
30.4761
30.5577
30.8758
30.5056
30.9756
30.3818
31.0962
30.6973
31.6502
30.7029
30.8576
30.332
30.7575
30.3476
30.8717
30.8111
33.644
32.3105
30.6179
30.6002
30.7091
30.4177
31.1024
30.5154
33.1955
31.5008
32.0241
32.341
35.0909
31.5455
31.8683
31.4656
31.6718
31.3027
32.043
31.4803
30.9735
30.5717
30.8388
30.3324
31.4372
32.2062
32.069
31.3615
31.9854
31.3322
31.8843
31.5822
31.9661
35.4519
31.9285
31.3942
31.9087
31.438
31.8783
33.2089
32.9409
31.6238
32.132
32.4443
34.2509
31.6667
31.8322
31.1518
32.0515
31.2944
31.1431
30.544
30.9232
30.3438
30.7879
30.9824
30.219
30.6806
31.1975
31.0848
30.3892
30.9229
30.6917
30.8806
30.5404
32.0161
33.8998
30.8662
30.4144
31.1123
30.5451
31.122
32.3429
31.0022
30.5104
31.4315
31.453
34.432
30.7116
31.2917
30.5619
30.949
30.2419
30.8179
30.3941
31.163
30.3545
30.9205
30.7359
30.7159
30.4737
31.0106
30.58
30.5223
31.4121
30.8641
30.9601
30.516
32.4994
33.4689
30.5983
30.9632
30.6837
30.9757
31.1846
31.7982
31.2124
31.2392
31.8371
32.6911
35.4748
31.1049
31.0542
30.5505
31.1373
30.5499
30.7495
30.5247
30.0523
30.7207
30.6112
30.9829
30.4332
30.9924
30.4005
31.0081
30.6394
31.6238
30.4411
31.0282
30.3596
31.2945
34.0044
31.1653
30.6488
31.1465
31.3522
32.0429
30.3249
30.8687
30.5139
30.8909
30.4889
35.6528
30.8428
30.983
30.4169
31.0377
30.291
30.8827
30.6137
30.8423
30.7432
30.6637
30.328
30.2151
31.056
30.7071
31.0738
30.5571
31.2843
30.8791
31.2447
30.5333
31.0978
34.2654
31.3558
30.5935
30.879
30.3498
31.1232
30.4635
31.0096
30.2797
30.8397
30.2283
33.335
32.1048
31.5939
30.6122
32.2656
32.1352
31.1397
30.5294
30.9698
30.4029
30.9532
30.3967
30.4683
30.5215
30.7222
30.2589
30.4938
30.7809
30.6772
31.4768
30.4982
31.01
34.6413
31.1602
30.8697
33.1846
30.5495
30.9697
30.4348
30.7512
30.5381
30.8018
30.4705
34.8711
31.1766
31.7811
31.7787
32.2128
31.3397
31.6325
32.0543
31.6125
31.3782
31.9299
31.5973
30.9981
30.4455
31.1852
30.6425
30.6866
30.6443
30.766
31.2963
31.2723
31.4429
34.3324
30.9736
30.9297
30.5662
31.1658
30.3673
31.1163
30.3926
30.5746
30.1215
31.018
34.3036
30.9959
30.6836
31.8449
30.7048
31.0226
30.4641
31.1115
30.412
30.9649
30.5631
30.7928
30.3772
30.7799
30.9208
30.2352
31.6432
31.3675
31.8127
31.5529
31.8407
32.0258
34.9924
31.1801
32.6485
30.3394
30.4124
31.0846
30.634
30.9578
30.3934
30.473
30.8612
34.2378
31.1378
30.642
31.003
30.5819
31.2075
30.437
30.9455
30.4436
30.7317
30.6013
30.7636
30.437
31.0035
30.365
31.0751
30.5491
30.7937
30.5616
30.8755
30.6478
31.1137
34.7497
31.183
30.5867
30.4926
30.6443
30.488
30.8548
30.6407
31.1037
30.5427
30.8773
34.3302
31.2219
30.5954
31.1991
30.7606
31.451
30.6086
30.7888
30.4113
30.8845
30.5097
31.2799
30.4346
31.4814
30.8689
30.4203
30.6771
30.5495
31.1883
