216.4835
146.7118
135.6325
115.4766
106.6709
83.6229
84.8396
83.4791
80.404
76.1503
75.5517
68.54549999999999
67.9313
70.1065
67.3129
64.6053
63.023399999999995
63.4774
63.3001
54.7723
52.551100000000005
50.558699999999995
51.103500000000004
50.583000000000006
51.467
53.0905
49.9381
49.6849
49.987700000000004
44.4812
45.2469
48.365199999999994
50.1333
46.5214
43.6911
41.656800000000004
39.594699999999996
43.0521
43.9789
43.8557
43.2339
41.2846
41.399100000000004
37.0447
38.6185
41.062599999999996
40.3769
41.256800000000005
40.129400000000004
37.384800000000006
36.581700000000005
36.605199999999996
38.3827
39.0338
38.1778
39.1757
37.6262
33.535500000000006
34.1015
36.0107
35.765299999999996
35.4913
35.2418
33.6265
31.5248
34.1637
35.1203
35.0923
35.7776
33.5302
32.6636
30.6977
30.5275
32.472300000000004
34.373599999999996
33.7337
34.269099999999995
30.1401
29.613400000000002
31.3745
31.719200000000004
31.0491
31.9156
30.1938
31.189700000000002
28.009800000000002
28.434
30.540399999999998
32.282900000000005
30.727
30.5958
28.525499999999997
26.7423
30.0583
31.1138
31.312399999999997
30.6868
29.0337
28.6946
26.1556
25.7733
28.6386
29.5122
29.6956
29.0015
26.9546
26.229100000000003
27.7027
28.6199
29.7708
28.983700000000002
27.184
27.220100000000002
25.3176
24.4416
26.229599999999998
27.7894
26.883
26.292800000000003
25.273699999999998
23.982699999999998
28.6673
31.3996
36.293
36.946600000000004
33.807900000000004
33.6542
30.0347
28.4798
28.6171
28.6439
25.6628
27.673
25.1436
25.0441
22.349500000000003
21.758699999999997
23.5534
20.377699999999997
21.4122
21.5552
20.416400000000003
21.0924
21.179
20.6786
20.910999999999998
20.7547
20.919
22.4613
21.370299999999997
23.127299999999998
23.3907
24.0719
23.692999999999998
19.704
20.0187
21.1474
19.6309
22.0274
22.4675
21.333399999999997
19.7086
19.8034
19.587600000000002
19.615299999999998
22.5384
19.8781
19.48
21.9598
21.8511
20.6034
20.2381
19.2138
21.7712
20.9155
21.5091
22.2576
20.6988
19.1437
18.8422
22.4127
20.6204
21.3034
21.666600000000003
20.2293
19.179100000000002
19.159200000000002
21.256
20.499
21.913800000000002
21.2698
19.913899999999998
19.3895
19.032799999999998
20.590600000000002
19.927799999999998
23.685299999999998
20.8847
19.4288
18.6611
18.377299999999998
19.419
20.297800000000002
19.6324
20.4002
19.8344
19.0806
18.4582
20.5972
19.1411
19.4744
20.9284
19.3126
18.265900000000002
17.7175
19.5322
18.8434
19.8469
19.8913
18.4602
18.5241
16.5477
19.1189
18.0734
19.3922
18.9408
18.235
18.1984
16.5294
19.2043
18.659499999999998
18.9607
18.801
18.2582
16.7385
15.9329
18.444499999999998
18.538700000000002
19.455199999999998
19.162100000000002
17.8875
16.6113
15.7027
18.1855
18.1149
17.9653
18.59
17.3888
15.956399999999999
16.172900000000002
16.5749
17.226499999999998
17.447899999999997
17.5148
18.1311
15.957099999999999
14.8087
17.248
17.2485
17.401699999999998
17.9856
17.078699999999998
16.958000000000002
15.9645
17.8611
17.2684
18.014200000000002
17.9011
17.2144
16.652900000000002
16.238599999999998
18.817500000000003
16.7771
17.4868
18.1074
16.4641
15.4467
15.2847
17.275599999999997
16.317999999999998
17.238799999999998
17.779
16.1497
15.5134
14.346400000000001
17.7727
16.0627
17.2096
17.7302
16.5597
15.4195
14.3743
18.0592
15.946200000000001
17.0651
17.094
16.1906
15.741200000000001
14.758000000000001
17.522
17.298000000000002
17.1348
17.2664
16.9201
15.424999999999999
14.6296
17.4857
16.542399999999997
17.6456
17.235899999999997
17.0877
15.6355
14.8208
17.622700000000002
17.3706
16.808699999999998
16.7918
16.0421
15.774799999999999
14.623199999999999
17.6226
16.242800000000003
17.581300000000002
18.014599999999998
16.615299999999998
16.1011
14.764299999999999
17.5121
15.8301
17.219
17.5056
16.6765
16.293599999999998
14.9538
17.695700000000002
16.3082
17.2457
16.6847
15.8599
15.1158
14.7976
17.5359
15.902099999999999
16.6467
17.1169
15.8365
14.860800000000001
14.0384
17.4131
15.461
16.6165
16.7774
16.0995
15.1076
14.291
16.8874
15.6701
16.207
16.592699999999997
15.1104
15.2515
14.0312
16.5238
15.0464
16.5534
16.3869
15.3844
14.8309
13.4733
17.7299
15.946599999999998
16.087
16.2548
15.4091
14.5872
13.018500000000001
16.5042
14.9866
15.3991
15.7593
15.661999999999999
14.152700000000001
13.3574
16.504499999999997
15.344
16.1101
16.6151
15.2849
14.0309
13.5365
16.522100000000002
14.7436
15.8721
15.767300000000002
17.8738
14.1404
13.3633
16.4327
14.98
15.5242
15.766499999999999
15.1564
13.6872
12.9552
13.418
15.575099999999999
15.1785
15.8184
15.7952
16.1363
12.439499999999999
15.5293
14.556899999999999
15.4398
15.854199999999999
15.4822
14.1129
12.9922
15.9825
15.044500000000001
14.7449
15.5639
15.0464
14.2523
12.886
15.8575
14.2907
16.0264
15.9778
14.8217
13.1244
13.097
15.955
14.218
15.2152
16.154700000000002
15.2773
13.9293
12.481000000000002
15.2214
14.4526
14.8189
15.512599999999999
15.1144
13.5481
13.3087
15.798
13.687700000000001
15.768299999999998
14.7568
14.2881
13.9083
13.5816
16.09
14.465300000000001
15.382
15.2278
13.588700000000001
13.314599999999999
12.6373
15.1803
14.2282
14.7333
14.4468
13.5933
12.9764
13.525
12.5121
13.4302
13.7864
14.869200000000001
14.371699999999999
14.3787
11.9575
15.1038
12.8941
14.070400000000001
14.864199999999999
14.2432
13.028
11.2269
14.094199999999999
13.0349
14.5334
14.1203
14.0873
12.1075
11.7269
14.9169
13.1728
14.041599999999999
14.0101
14.2012
12.8657
11.8928
14.431700000000001
12.7467
14.1256
14.033999999999999
13.7725
12.8628
12.4128
14.3114
12.9581
14.0616
14.6327
13.8383
13.8779
11.0344
14.0354
12.819199999999999
14.0368
13.5955
12.7352
12.7374
12.6474
14.2901
12.655
12.7939
14.059000000000001
12.9107
12.2768
10.8888
14.1008
13.289499999999999
14.1549
14.2531
13.9647
12.509599999999999
11.4823
14.613199999999999
12.988299999999999
13.7334
13.5961
13.2782
12.6128
13.1769
14.553099999999999
12.2795
13.1702
13.8668
13.2055
12.9217
10.7974
13.6415
12.719899999999999
13.482600000000001
13.6471
12.7888
12.0616
11.078899999999999
13.45
12.6278
13.3716
13.6572
13.007299999999999
11.4276
11.4088
13.7478
12.1302
12.5424
13.2894
13.4018
11.8002
10.2618
13.4429
12.1893
13.6137
13.2904
12.4983
11.915000000000001
10.8487
13.413
11.9291
12.9751
13.0868
12.3405
11.678799999999999
10.927299999999999
10.7417
11.8517
12.6264
13.447799999999999
13.695799999999998
12.303700000000001
10.433
13.026599999999998
12.388100000000001
12.1246
12.581
12.2447
11.669799999999999
10.3711
13.6686
11.960099999999999
13.2291
12.0248
12.6622
11.6837
10.0947
12.915899999999999
11.9353
13.600299999999999
12.4569
11.8581
11.8362
10.341299999999999
12.9816
11.774899999999999
12.697999999999999
12.4497
11.689400000000001
12.137699999999999
10.7213
12.2648
11.5444
12.7151
13.2543
11.816
11.6813
11.379999999999999
12.9577
11.617799999999999
12.6418
12.7401
11.933
10.684199999999999
10.5099
12.594899999999999
11.0008
12.87
12.7019
12.1096
10.7066
10.5906
13.3309
10.7598
12.5939
12.391599999999999
11.983799999999999
10.620700000000001
10.663499999999999
12.6711
11.0031
10.824
12.342
12.3705
11.3833
10.7873
9.8394
11.0203
9.7865
9.9579
12.839
9.2532
11.301
9.9777
9.1103
9.5412
10.621500000000001
9.183800000000002
11.3191
11.6272
12.119100000000001
12.5456
13.2677
10.1788
11.3256
11.2444
10.155100000000001
10.455300000000001
12.0482
12.9409
9.8201
9.6576
9.684999999999999
10.3255
10.3732
9.2636
10.472800000000001
9.3394
9.4925
9.8795
9.1992
9.862499999999999
9.1822
9.8923
9.1679
9.7672
9.504999999999999
9.2325
9.6367
10.2179
10.3649
10.1264
9.580200000000001
9.5235
9.202200000000001
9.808900000000001
9.5506
9.6091
9.7608
9.544
9.9436
9.1073
10.185599999999999
9.9633
10.3728
12.3307
11.0478
10.4589
10.9739
11.3942
10.4765
10.7747
11.2931
9.4901
9.2394
9.194
11.0329
9.9807
9.329
9.380700000000001
9.5318
9.3226
9.4015
9.0426
9.4319
9.0438
9.485000000000001
9.3854
9.4359
8.8977
9.2081
9.4366
9.2636
10.26
8.8014
9.271700000000001
9.0615
9.3697
10.0928
8.8541
10.510800000000001
8.945699999999999
9.4696
9.2247
10.969899999999999
9.3668
9.264700000000001
9.9621
8.8486
8.9402
8.974400000000001
8.6996
9.8984
8.8404
9.655800000000001
9.2271
9.2487
8.4371
9.0351
8.4193
9.085700000000001
8.5584
8.6576
9.6997
8.6717
8.9439
8.3217
9.4832
8.5175
8.5267
8.7531
8.7627
8.0859
8.629100000000001
8.3211
8.803
8.7128
8.6001
8.7834
8.8518
8.5518
8.869
9.0654
8.4641
9.556500000000002
8.4391
8.583
8.1759
8.9123
8.3979
8.7568
9.2784
8.8022
8.162799999999999
8.7439
9.162999999999998
8.705900000000002
8.8987
8.6674
8.5114
8.3292
8.6548
8.2745
8.463099999999999
8.651499999999999
8.3073
8.0455
8.2848
7.820900000000001
8.4735
7.810700000000001
8.6549
8.1104
8.2875
7.830800000000001
8.405
8.0276
8.273000000000001
7.7347
10.903400000000001
7.959300000000001
9.2867
8.0844
8.110100000000001
8.4584
8.2077
8.4679
8.4647
7.9822999999999995
8.740400000000001
8.7285
8.283900000000001
8.0796
9.035400000000001
8.475999999999999
8.2259
8.9111
8.2535
8.657
8.8525
8.5974
8.0509
8.838199999999999
7.954299999999999
8.585199999999999
8.321200000000001
8.7696
8.3355
8.9208
8.113499999999998
8.560099999999998
8.3839
8.4172
8.5745
8.779399999999999
8.0364
8.784099999999999
7.9792000000000005
8.4404
8.180299999999999
8.8722
8.5456
8.6355
8.4095
8.3321
8.3361
8.3997
8.9351
8.0543
8.7573
8.286800000000001
8.7957
8.7677
8.6602
9.2854
8.5714
8.8041
8.6413
8.6731
8.5909
8.9546
9.766300000000001
8.9905
8.4872
9.069199999999999
8.1663
8.683
8.5693
8.761899999999999
8.775099999999998
9.0339
8.2735
8.9389
8.4223
9.0604
8.2863
9.2479
9.1683
8.660499999999999
8.7542
8.5249
8.6408
8.4935
9.1766
8.5293
8.6186
8.5083
8.9541
8.048100000000002
8.861600000000001
8.9629
8.4563
8.6914
8.8338
8.1929
8.2041
8.6778
8.1721
9.476099999999999
8.4113
8.7139
8.4061
8.6706
8.351799999999999
9.054400000000001
8.3122
8.661200000000001
7.988
8.690700000000001
10.1822
8.8871
8.1936
8.6383
9.0378
8.2569
8.277
8.6274
9.081999999999999
8.6917
8.9462
8.028
9.0853
8.3964
8.3319
8.460799999999999
8.436
8.347
8.1242
8.2061
8.0702
8.274099999999999
8.3932
8.26
8.006499999999999
7.935700000000001
8.2957
7.6602
8.035
7.811
8.0717
8.1196
8.461400000000001
7.9754000000000005
8.1237
7.691800000000001
8.3566
7.7889
8.3477
8.3215
7.8954
7.7602
7.892400000000001
8.0868
7.5426
8.9286
8.579699999999999
7.7614
7.8865
7.9351
7.7466
7.7761000000000005
7.7736
8.7762
7.943499999999999
7.7218
7.8549999999999995
7.9968
7.6711
8.1744
7.4871
8.5534
7.5922
8.1408
7.2949
8.2664
7.2939
7.861999999999999
7.6178
8.157599999999999
7.7123
7.695600000000001
7.8312
7.5404
7.7588
7.4041999999999994
8.4446
7.3598
7.8388
7.4721
7.9255
7.276999999999999
7.7568
7.7596
7.7945
7.9495
8.2285
7.6048
9.4366
7.8399
7.9338
8.2227
8.1609
7.5542
7.6669
7.7486999999999995
7.823999999999999
7.6869
7.504700000000001
8.2874
7.4043
8.4898
7.877800000000001
8.084
7.8050999999999995
8.026
7.7912
7.818099999999999
7.4003000000000005
8.294899999999998
7.2475
7.9313
7.345199999999999
7.7164
8.3833
8.0237
7.4511
8.8254
7.2979
8.1093
7.6594999999999995
7.4277
8.1183
8.386700000000001
7.8823
7.2040999999999995
7.882099999999999
7.3315
11.1305
7.892899999999999
7.4291
7.5188
7.715
7.2026
7.5343
7.2429
7.874300000000001
7.2349
7.919199999999999
7.361000000000001
7.3964
7.391100000000001
7.0489999999999995
7.7355
7.2987
7.4567000000000005
7.4917
7.718100000000001
7.1543
7.1095999999999995
7.9997
6.915100000000001
7.4219
7.2314
7.5675
7.3991
7.522799999999999
6.8836
7.0989
7.0623
7.071
7.278
7.0636
7.7831
7.2351
7.2101
7.2819
7.5077
7.3595
6.9463
7.412
7.6503
7.2492
6.8544
7.551
6.9277999999999995
7.1841
7.6314
6.8438
7.8926
7.1365
7.7231000000000005
7.1262
7.5194
7.211399999999999
7.1385
7.5988999999999995
7.5504999999999995
7.7546
7.0081
7.6562
7.3262
7.3896
7.045100000000001
7.823
7.7991
7.1151
7.455299999999999
7.1236
7.4585
7.1818
8.2996
7.638
7.6655999999999995
6.9077
7.7663
7.2045
7.0689
7.7073
7.2785
7.969399999999999
7.329
7.8885
7.0746
7.3917
7.445
7.6238
6.9501
7.7187
7.7625
7.1251
7.3365
7.2421
7.1157
6.9331000000000005
7.5928
6.9620999999999995
7.3999
7.1239
6.8366
7.3537
7.154599999999999
7.2057
7.5103
7.394
7.1521
8.7171
7.0316
6.6696
7.3911999999999995
6.8868
7.7831
6.9049000000000005
7.3315
6.8109
7.1705
7.2937
7.0613
7.1905
7.3354
7.522
6.9404
7.292800000000001
7.1794
6.6502
7.0974
8.9999
7.177700000000001
7.2962
7.7065
7.0288
7.7056
6.8247
7.279599999999999
7.564699999999999
7.7333
7.2457
7.4607
7.5546
6.9802
7.3413
6.888
6.7078
7.145099999999999
7.4717
7.1323
7.175
7.2122
7.3242
7.0288
7.3543
6.9628
7.1098
7.2668
7.384
7.046099999999999
7.7533
6.9782
6.6385000000000005
7.4862
6.938599999999999
7.2953
7.4048
6.9664
6.6249
6.9003
7.260800000000001
6.5725999999999996
7.4981
6.8907
7.1954
6.5954999999999995
6.8026
7.075699999999999
6.9991
7.487
6.9949
7.5475
6.5017
6.8185
7.3376
6.6009
7.4467
6.4976
7.1779
6.7622
6.8814
6.9061
6.4784999999999995
7.655399999999999
6.4956
7.2657
6.7678
6.928100000000001
6.9156
6.6625
7.2904
6.542
7.5
6.7223
7.3362
7.293
6.9504
7.3591999999999995
6.8078
7.5972
6.8904
6.5689
7.6869
6.9619
7.1156
6.576700000000001
7.0403
6.6588
6.8791
7.3416999999999994
6.695
6.9133
6.664899999999999
6.891
7.1099
6.4788
7.5504999999999995
6.3141
7.4524
6.5475
6.6566
7.4027
6.6046000000000005
6.7294
7.2707
6.9856
6.351500000000001
6.603000000000001
7.0306
6.3101
7.2191
6.4603
6.1519
7.160200000000001
6.4428
6.7604
6.3294
6.7963
6.8738
6.3825
7.586
6.3239
7.1618
6.9384
6.501200000000001
7.0042
6.8729000000000005
6.8922
6.574
6.5428
9.5996
6.5972
6.8466000000000005
6.3083
6.9940999999999995
6.4831
6.6754
7.3289
6.8633
7.05
6.6133
7.4095
6.253500000000001
6.5552
6.7119
6.3929
7.45
6.3334
6.619
7.0725
6.5756
6.6146
6.7151
6.5440000000000005
6.7039
6.4052
7.1826
6.1644
6.2406
7.4355
6.354699999999999
6.7159
6.054
6.358199999999999
6.5950999999999995
6.5238
6.9119
6.4615
6.6158
6.8952
6.303999999999999
6.64
6.3693
6.5354
6.7634
6.0672
6.6698
6.9322
6.0112000000000005
6.6272
5.9991
6.515199999999999
6.1237
6.1831000000000005
6.3446
6.0644
6.5645
5.9677999999999995
6.0514
6.4244
5.8286
6.3972
6.2483
6.2553
6.006
6.1937
6.6593
6.3692
6.2315000000000005
5.906
6.3378000000000005
6.3811
6.2901
5.9892
6.1155
6.4935
6.3315
5.8383
6.764
5.834
6.3955
5.8951
5.7673000000000005
6.583699999999999
5.762899999999999
6.1027
6.8828
5.961799999999999
6.4921
5.884399999999999
5.9629
6.6086
6.8001
7.4312
5.9608
5.8755999999999995
6.9361
6.0822
5.9306
6.4338
6.0526
6.9133
6.1568
6.1204
6.2288
6.1959
6.8262
6.1529
5.8954
6.487299999999999
5.9762
5.769
6.1914
5.9782
6.2754
6.5679
5.6486
6.4516
5.9032
6.0028
6.1173
5.7265
6.1954
6.2848
5.6306
6.576700000000001
6.0423
5.8085
6.6191
5.8661
6.206899999999999
5.713
5.600499999999999
6.463
5.6075
5.8906
6.9634
6.0552
5.789899999999999
6.1426
5.8837
6.3377
6.0691
5.8488999999999995
6.1914
5.9118
6.364800000000001
5.7716
5.5337
6.7363
5.5695
6.0688
6.1803
5.9717
5.7767
6.8001
5.6361
6.4207
5.792000000000001
5.7138
5.9831
5.9222
5.4688
6.2195
5.6013
5.8666
6.8211
5.6308
6.5715
7.4909
5.664899999999999
7.5906
6.2425
6.1345
5.6426
5.9341
6.578600000000001
5.9768
5.672
6.0995
5.974100000000001
6.0309
6.1913
5.6063
6.5902
6.2494
6.0754
6.4734
5.5884
5.987
6.1254
5.608499999999999
6.035900000000001
5.8694999999999995
5.607799999999999
6.5325
5.774
5.5808
6.345899999999999
5.6553
5.767
6.2876
5.8496
6.595700000000001
5.741099999999999
5.6568
6.6869
5.8658
5.5552
6.071199999999999
5.753
6.0371
6.0119
5.8624
6.1345
5.794
6.1119
6.1475
6.1842
5.8363
6.1878
5.9138
6.718100000000001
5.8839
5.6715
6.144100000000001
5.7907
5.796
6.337899999999999
6.3899
6.4186
5.7493
6.7634
6.3496999999999995
5.7513
5.8812999999999995
6.1139
5.6356
5.4784999999999995
6.3294
5.6509
6.0491
5.880800000000001
5.999
6.3373
5.617900000000001
5.8183
5.9383
5.7739
5.8893
6.2369
5.911
6.1735999999999995
6.3854999999999995
5.8438
6.0645
5.6757
5.7902
6.1353
5.6192
5.7596
6.0894
5.5222
5.944
6.5978
5.5269
6.3464
5.485
5.6486
6.273899999999999
5.6055
5.6263
6.254499999999999
5.7677
6.3177
6.0898
5.6690000000000005
6.3075
5.9685
5.7043
6.2744
5.771400000000001
5.769299999999999
6.146000000000001
5.8999999999999995
6.796
5.5655
6.4967999999999995
6.1382
5.6496
5.9986
6.0934
5.760000000000001
6.0672
5.6745
6.338500000000001
6.385199999999999
5.6282
5.721699999999999
6.0337000000000005
5.679
5.6705000000000005
6.524699999999999
6.17
6.417
6.4161
6.0463000000000005
6.2584
6.0749
6.0716
5.885
6.0221
6.3464
6.1313
6.1585
6.3831
5.7463999999999995
6.8198
6.2086
5.8271
6.263999999999999
5.8111
5.5941
6.965
5.564699999999999
6.0504
6.3621
5.6537999999999995
6.0188999999999995
5.8237000000000005
5.6528
6.529100000000001
5.7152
6.1219
6.170400000000001
6.103
6.3117
5.5630999999999995
5.9854
6.0399
5.653499999999999
5.9832
5.967499999999999
6.0785
5.5483
6.0756
5.555
5.5386999999999995
6.0537
5.6989
5.6585
5.9319999999999995
5.599
6.254499999999999
6.326499999999999
5.6449
6.0631
5.4671
5.5294
6.1696
5.455299999999999
5.5976
6.0185
6.0666
6.0102
5.6241
5.8159
6.1936
5.417800000000001
6.0099
6.2381
5.9829
5.4875
5.9987
6.2476
5.7017999999999995
5.8341
5.9361
6.3508000000000004
5.6035
5.7852
6.07
5.852399999999999
6.033
6.2617
5.610399999999999
6.3332
5.9133
6.0478
6.275799999999999
5.5807
5.5857
6.6922
5.415299999999999
5.4829
6.1422
5.349600000000001
5.5482
6.3444
5.5416
5.4559999999999995
6.2047
5.5794
6.3994
5.2907
5.5408
6.0889999999999995
5.3926
5.6219
5.9285
5.6559
5.3261
6.1707
5.4145
6.1815999999999995
6
5.4482
5.599
5.9432
5.6404000000000005
5.841
5.602
5.8128
5.8943
5.539
6.242100000000001
5.937600000000001
5.4197999999999995
5.6373
6.4501
5.8763000000000005
5.5287
5.9636000000000005
5.865600000000001
5.5253000000000005
6.2077
6.1873
6.3575
5.6224
5.6217999999999995
6.4533000000000005
5.715999999999999
5.9052
6.0858
5.5705
5.612500000000001
6.4557
5.829
6.3882
5.6854000000000005
5.6435
6.2566999999999995
5.632
6.3901
6.5949
5.874
5.8050999999999995
6.271299999999999
5.3793
6.4519
5.4894
6.1364
6.2618
5.4943
5.7947
6.228199999999999
5.3498
5.5623000000000005
6.2029
5.6642
6.2457
6.3574
5.84
5.9768
5.6839
5.532900000000001
6.0108999999999995
6.0653
5.9498
5.923699999999999
5.719
5.9611
5.4751
5.8283
5.8617
5.5499
6.321000000000001
5.8681
5.8483
5.5355
5.7195
5.650600000000001
5.6406
5.9109
6.0334
6.2193
5.458
6.065799999999999
6.0952
5.6475
6.5847
5.9549
5.7855
5.3174
6.455
6.2813
6.4155
5.697
5.5188
6.0508999999999995
5.4007
5.7402
5.7326
5.4164
5.668699999999999
5.827
5.6873000000000005
6.1798
5.7309
5.3768
5.7838
6.063899999999999
5.9068000000000005
6.0437
5.4334
5.9205000000000005
6.005199999999999
5.439
6.1937
5.936999999999999
5.588100000000001
5.3437
5.8575
5.5238
5.2589999999999995
5.6974
5.409800000000001
5.201199999999999
5.9714
5.3927000000000005
5.5323
5.6984
5.3645000000000005
5.7373
5.4225
5.433000000000001
5.4956
5.4587
5.2938
6.0967
5.8066
5.1315
5.2207
5.6964
4.9815
5.1598
5.9026
5.0894
5.247800000000001
5.9791
5.113
5.981
5.6055
5.3194
5.4374
5.2028
5.5556
5.0266
5.6409
5.1808000000000005
5.2364999999999995
5.6196
5.882
5.1426
5.9598
5.6055
5.2369
5.6394
5.5011
5.338500000000001
5.295
5.444
5.1497
5.6777
5.7372
5.3171
5.497
5.5394
5.7017
5.5142999999999995
5.0777
5.7527
5.6029
5.3032
5.8831999999999995
6.005
5.5245
5.5954999999999995
5.5146
5.2539
6.1644
5.9885
5.3824
5.6853
5.3323
5.451700000000001
6.3014
5.2756
5.3201
5.6575999999999995
5.230300000000001
5.4904
5.9729
5.5017
5.6028
5.6153
5.5408
5.8345
5.8066
5.6735
5.5102
5.8706000000000005
5.231999999999999
5.8307
5.6969
5.3152
7.1503
5.9901
5.643
6.0204
5.2953
5.7256
6.19
5.4492
5.366700000000001
6.1351
5.8243
6.0314000000000005
5.5016
5.3561
5.7542
5.3542
5.5306
6.007499999999999
5.1907000000000005
5.8374999999999995
5.9879
6.0805
6.0396
5.7203
5.4252
5.127
5.7633
5.3014
5.3957
5.5525
5.491700000000001
5.3623
5.6911000000000005
5.4695
5.2806
5.9676
5.0156
5.0462
5.7359
5.0268
4.946899999999999
6.0614
4.988099999999999
5.1126000000000005
6.3389
5.0612
5.5494
5.4862
5.0905000000000005
5.3403
5.4177
5.3796
5.2082
5.3759999999999994
5.7795
5.007000000000001
5.5324
5.3114
4.9068000000000005
5.7335
5.2452000000000005
5.2267
5.4358
5.1173
5.1015
5.3389
5.5174
5.085100000000001
5.269
5.4626
4.928
5.1582
5.511699999999999
5.2634
4.992800000000001
5.6274999999999995
5.228400000000001
6.0631
5.527
5.2619
5.468
5.491099999999999
5.2394
5.4139
5.5109
5.5285
5.4910000000000005
5.4531
5.6352
5.2521
5.6503
5.2509999999999994
5.0064
5.7571
5.1465
5.3504
5.4136999999999995
5.5687999999999995
5.6186
5.4339
5.9214
5.5735
5.7727
5.1392
6.5172
5.412
5.1476999999999995
5.6959
5.2119
5.0986
5.5077
5.3615
5.2090000000000005
5.6743999999999994
5.495299999999999
5.4287
5.9229
5.4301
5.4516
6.1914
5.5852
5.4979
5.764799999999999
5.3102
5.480600000000001
6.1799
5.1486
5.2743
6.047000000000001
5.3074
5.3113
6.582
5.1928
5.678800000000001
5.8278
5.3315
5.4559999999999995
5.8119
5.2351
5.6167
6.3994
5.5861
6.152
5.6911000000000005
5.4181
6.0508999999999995
5.2206
5.6555
5.984299999999999
5.3072
5.4233
6.517399999999999
5.7668
5.7959
5.7014
5.571000000000001
5.1675
5.7387999999999995
5.5504999999999995
5.217099999999999
5.6888
5.5797
5.300400000000001
5.878900000000001
5.9866
5.6413
5.639500000000001
5.8951
5.5017
5.840599999999999
5.1801
5.8864
5.5015
5.1623
5.5376
5.9815
5.4661
6.6644
5.4157
5.5708
5.7284
5.5241999999999996
5.2418
5.974100000000001
5.4649
5.3675
6.6463
5.6091999999999995
5.4633
6.234
5.2774
5.6425
5.77
5.6648000000000005
5.9959999999999996
5.5277
5.7865
6.901400000000001
5.5175
5.6202
5.6936
5.5516000000000005
5.343999999999999
5.79
5.1495999999999995
5.7403
5.6391
5.567500000000001
6.2851
5.5992999999999995
5.2443
6.100300000000001
5.4307
5.2818
5.5078000000000005
5.3869
5.243
5.4642
5.5097000000000005
5.549
5.583399999999999
5.4737
5.4631
5.9385
5.359
6.1004
6.1794
6.1093
5.1419999999999995
6.0587
5.2136
5.5081
5.9745
5.3153999999999995
5.3420000000000005
6.3758
5.4031
5.351500000000001
5.6274999999999995
5.6861999999999995
5.4155999999999995
5.8258
5.4833
5.5151
5.6361
5.572299999999999
6.2624
5.561800000000001
5.4082
5.7418000000000005
5.484400000000001
5.3426
5.8045
5.1767
5.1347
5.7643
5.006799999999999
5.8728
5.7905999999999995
5.191000000000001
5.724500000000001
5.7924999999999995
5.1114999999999995
5.2598
5.8008
5.0663
5.1731
5.6889
5.1117
5.8681
5.7554
5.2894
5.0912
6.001
5.023599999999999
5.1023
5.8954
5.3408
4.9975000000000005
6.1728
5.2432
5.09
6.697500000000001
5.3462
5.3334
5.8308
5.117
5.3083
5.6531
5.0072
5.8242
5.5097000000000005
5.7472
5.6689
6.0523
5.1735
4.9772
5.7942
5.2695
5.0401
5.947100000000001
5.3448
4.9815
5.8142000000000005
5.0232
5.244999999999999
5.8422
5.1514999999999995
5.0708
5.9124
5.1106
5.1182
6.211600000000001
5.1423
5.002000000000001
5.5759
4.9506000000000006
5.0494
5.6653
4.8959
4.8973
5.3876
5.4186
5.2632
5.923
5.5281
5.1770000000000005
5.3437
6.0184
5.4203
5.41
5.5606
5.126399999999999
5.4961
5.3883
5.6198999999999995
5.3561
5.2683
5.1289
5.346
5.5861
5.6385000000000005
5.2248
5.5423
5.5396
5.165
6.224600000000001
5.831
5.5
5.7456
5.558999999999999
5.5781
5.2109
5.4093
5.525600000000001
5.6639
5.3846
6.1876999999999995
5.5777
5.2284999999999995
5.6784
5.0892
5.0518
5.6795
5.190799999999999
5.3432
5.5854
5.043
6.0588999999999995
5.6594999999999995
4.875100000000001
5.1799
5.6026
5.029
5.2905
5.495299999999999
5.2524
5.5335
5.5789
6.0938
5.0156
5.5437
5.7825999999999995
5.1055
5.4863
5.4843
5.2055
5.716200000000001
5.1579
4.9917
5.5354
5.524699999999999
4.9883999999999995
5.579899999999999
5.0004
4.941
5.2025
5.292800000000001
4.9175
4.9298
5.3298
4.9171
5.6658
5.3084999999999996
4.8511
4.9613000000000005
5.5689
4.9162
5.5519
5.417
4.8762
5.1651
5.2561
4.8669
5.936999999999999
5.1437
4.9752
4.9253
4.7821
5.2717
5.0995
4.8116
5.1736
4.9662999999999995
4.7168
5.3297
5.5051
4.9058
5.0325999999999995
5.201199999999999
4.9856
4.8497
5.4742999999999995
5.037
4.8066
6.0603
5.0186
5.04
6.1235
4.8419
4.816199999999999
5.6449
4.7596
5.1289
5.7672
4.8513
4.8568
5.758100000000001
4.8194
5.0767
5.8246
5.1059
4.9781
5.7241
5.0428
4.943300000000001
5.3541
5.3431
4.8848
5.2169
5.1613
4.8549999999999995
5.3458000000000006
5.478000000000001
4.9631
4.9266
5.2187
5.1661
4.7831
5.1815999999999995
4.8171
5.0844000000000005
4.7799000000000005
5.920599999999999
4.8267
4.7517000000000005
5.3472
5.0935
4.7639
5.8769
4.9581
4.8148
5.583600000000001
4.7932
4.9141
5.7152
4.6208
4.891900000000001
5.2985999999999995
5.5378
4.63
4.7348
5.1111
4.7317
4.6692
5.4507
4.8916
4.6882
5.8869
4.6991000000000005
4.7363
4.7381
5.3095
4.7223
5.1720999999999995
5.285200000000001
5.1268
5.270099999999999
5.1744
4.9303
5.5541
5.2185
4.7846
5.1338
4.8904
5.5634999999999994
5.1617
4.6932
5.2109
5.2360999999999995
5.0187
5.1248
5.079000000000001
5.2664
5.3243
4.8900999999999994
4.8098
5.1673
4.8416
4.944999999999999
5.1175999999999995
5.0633
5.0175
4.9799
5.0735
5.4163
4.922000000000001
5.4645
4.8335
4.8421
5.3443
4.906
4.745
5.6916
4.7397
5.7228
5.4287
4.7491
5.2234
4.8266
5.2607
5.1708
4.7164
5.3298
4.8266
5.1611
5.316999999999999
4.8835
5.7197000000000005
5.3446
4.9798
5.073799999999999
5.4558
4.882499999999999
4.963
5.2176
4.9746
5.0379
6.1429
5.0016
4.9407000000000005
4.7952
5.0097
4.8232
5.113300000000001
5.4189
4.6646
4.7475
5.4523
4.7002
4.9456999999999995
5.5719
5.0842
4.7678
5.0609
5.0839
4.8103
4.806699999999999
5.3507
4.9959
4.9081
5.2362
4.8957999999999995
5.6056
5.198300000000001
4.8485000000000005
5.236
5.0363
5.3718
6.6042000000000005
6.4218
5.1275
5.0251
6.0548
4.7724
4.930000000000001
5.4549
4.850499999999999
5.2687
4.7987
5.0785
5.1199
4.7321
5.3369
5.5585
5.1024
5.326499999999999
4.989999999999999
5.0407
5.3088
4.9492
5.1402
5.5561
4.9921
4.9096
5.3022
5.7814
5.2122
4.8736
5.574
5.1774000000000004
4.8872
6.105700000000001
5.2078999999999995
4.9184
5.5634
5.1161
4.876799999999999
5.9858
5.1734
5.0382
5.5198
5.1629
4.9658999999999995
5.5045
5.130199999999999
4.8475
5.7299999999999995
4.869
4.962000000000001
6.0905000000000005
4.8473
5.1886
5.0832999999999995
5.041399999999999
5.1938
4.9825
5.3614
5.1499
5.1404
6.0768
5.2086
5.6813
5.3299
5.2222
5.2896
5.3183
5.2897
5.6837
5.5269
5.2015
5.375
6.1578
5.2239
4.9292
5.7474
4.8831999999999995
5.0898
5.8422
5.0632
4.7966
5.5577
5.3778999999999995
5.0939000000000005
5.2664
5.264600000000001
4.7962
5.6457
5.0166
5.0166
5.2542
5.256600000000001
4.8502
5.0485
6.3903
5.0527999999999995
4.7247
5.7173
5.0550999999999995
4.8792
5.4237
5.1722
4.8182
5.7647
5.3797999999999995
5.405799999999999
5.8978
4.9715
5.050599999999999
5.422599999999999
4.8101
5.0611
5.234800000000001
5.0318000000000005
4.738700000000001
4.9642
5.3463
4.972200000000001
4.835800000000001
5.5268
4.8332999999999995
4.9133
5.2305
4.878699999999999
4.9568
5.3606
4.7458
4.9284
5.006799999999999
5.6147
4.762899999999999
5.3967
5.375900000000001
4.7044
5.8649000000000004
5.3101
5.1293
4.9756
5.3965000000000005
4.9956000000000005
4.8077
5.3606
4.8892
5.2476
5.1219
4.9971
4.8287
5.0097
5.225
4.8684
4.925599999999999
5.2382
5.068
4.7838
5.4097
5.9804
5.164700000000001
5.158399999999999
5.3112
5.0224
5.1125
4.7878
4.8528
5.101299999999999
4.9607
4.9442
4.610600000000001
5.3752
5.0464
4.6864
5.3913
4.6479
4.555400000000001
5.2776000000000005
4.6114
5.0641
4.5248
5.162100000000001
4.7302
4.5332
5.7584
4.592899999999999
4.9261
5.2165
4.9030000000000005
4.752400000000001
4.6083
8.6393
4.6927
4.98
4.4818
4.7046
4.6287
5.2058
4.721
4.676900000000001
5.1545000000000005
4.7191
4.7034
4.967499999999999
4.579599999999999
4.7612000000000005
4.6891
4.9643999999999995
5.2584
4.5868
5.117100000000001
4.6415
4.5483
4.8874
4.9315
4.6215
4.672
5.133
4.4963
4.7987
5.2094000000000005
5.392
4.5493
4.7562999999999995
5.4402
4.676900000000001
4.8487
5.243399999999999
4.6765
4.9036
5.327100000000001
4.7573
4.840599999999999
5.869
4.665
4.7038
4.914499999999999
5.0299000000000005
4.939500000000001
4.6024
5.1842
4.774
4.4486
5.1615
4.5889
4.603000000000001
5.4473
4.9485
4.9395999999999995
4.6312999999999995
5.7069
4.8283
4.7832
4.9744
4.6831
4.751
4.5532
4.9921
4.6065000000000005
5.0669
4.859
4.8149999999999995
4.6501
4.7021
5.0107
4.7767
4.436599999999999
5.6384
4.6778
4.489800000000001
5.2795000000000005
4.6172
4.3797999999999995
4.6765
4.9464
4.7377
4.4869
5.4106
4.6402
4.6307
4.9191
4.8141
4.6566
4.9188
5.189
4.6602
4.3921
5.1425
4.6605
4.4718
4.5715
4.9935
4.410500000000001
4.594
5.0024
4.7818000000000005
4.4631
5.0781
5.1652
4.4905
4.5229
5.0698
4.4394
5.1014
4.484
5.4242
4.6861999999999995
4.644900000000001
4.8541
4.3807
4.9793
5.044
4.3456
4.6171
4.5678
4.762
4.4163
4.5579
4.498600000000001
4.829
4.5074
4.409
5.1291
5.0367
4.7664
4.881
4.606800000000001
4.457
4.7718
4.8668000000000005
4.315799999999999
4.4274
4.9024
4.2466
4.194599999999999
5.137499999999999
4.6548
4.3571
4.4872000000000005
5.5088
4.4361
4.2447
4.502
4.7733
4.2809
4.3451
5.024
4.4893
4.460999999999999
4.8849
4.9581
4.1999
4.0644
3.7116
4.7817
3.7238
4.3344000000000005
4.7736
4.647
4.3469
4.1841
5.6326
4.3062
3.7378
4.5219
4.790100000000001
4.2388
4.3662
4.8558
5.232900000000001
4.1958
4.2523
5.141500000000001
4.6931
4.1855
4.6888
4.5027
4.4265
4.47
4.6473
4.1113
3.7927999999999997
4.3203
4.1805
4.7611
4.842499999999999
4.4956
5.3498
4.3038
4.5487
5.267
4.4665
4.2993
5.1495999999999995
4.3052
4.715
4.3941
4.9258
4.5576
4.4904
4.9175
6.1370000000000005
5.2139
4.7746
4.3479
4.822
4.2639000000000005
4.9413
4.3864
4.2551000000000005
4.4305
5.3981
4.249700000000001
4.7727
4.8592
4.3288
4.2942
4.8391
4.6615
4.5093
4.7164
4.7562999999999995
4.5466
4.6591000000000005
4.3092
5.2923
4.4511
4.4261
4.9571
4.6148
4.3913
4.498
5.2844
4.818700000000001
4.2504
4.891
4.5049
4.3796
4.2871999999999995
5.2368
4.269
4.7435
4.906
4.3439000000000005
4.58
4.2547
5.5111
4.347099999999999
4.5671
5.0656
4.592899999999999
4.3026
5.0271
4.8372
3.8244
4.0411
4.2407
4.3163
3.6673999999999998
4.5019
4.6349
4.5531
4.2638
4.3099
4.793
4.1392
3.7531
4.6621
4.1749
4.0343
3.8091000000000004
4.2658000000000005
4.8212
4.207599999999999
4.4924
4.7065
4.3216
3.9263
4.7171
4.1876
4.1579
4.2805
4.0698
4.1673
4.1688
3.9552
4.0367
4.1526000000000005
4.2851
3.8671
4.0167
4.1467
4.358
3.6912999999999996
4.016900000000001
4.068
4.3723
3.8287
4.1724
4.0998
4.2585
3.6272
4.0464
4.042
4.249099999999999
3.5964
3.8803
4.0375000000000005
4.3075
3.5677
3.8720999999999997
3.9787
4.7001
3.5953
4.0252
4.3131
4.2313
3.604
3.9050000000000002
4.283
4.2442
3.5597
3.8487
3.9958
4.801
3.7583
3.9851
5.2103
4.1351
3.6369000000000002
3.9018
4.496499999999999
4.049600000000001
3.6137
3.8576
4.8001
4.0995
3.5975
3.8935
4.6757
4.0328
3.575
3.8465000000000003
5.0362
4.0798
3.5041
3.9401999999999995
4.4053
4.1574
3.5154
3.9868000000000006
4.2042
4.1112
3.5174999999999996
3.9711
4.7071
4.1084
3.5144
4.6882
4.5153
3.9993
3.4733
4.095599999999999
5.2440999999999995
4.1149000000000004
3.679
3.8273
4.2269
4.096299999999999
3.676
3.9244
4.0349
4.0314
4.2802
3.8775
5.2299
4.124499999999999
4.0358
4.1102
4.5779000000000005
4.3446
3.5988
3.9838
4.4411
4.3306000000000004
3.5807
4.0396
4.3162
5.0555
3.6874
4.7330000000000005
4.6352
4.1614
3.6606
4.5392
4.5695
4.1737
3.6456
4.245900000000001
4.5922
4.1906
3.6292
4.2981
4.6851
4.1751000000000005
3.5631
4.158099999999999
4.069599999999999
4.1739999999999995
3.5733
4.4996
4.5166
4.324
3.6131
4.2995
4.109500000000001
4.1779
3.4721
4.2261
4.114
4.8448
3.6391999999999998
4.2017
4.3079
4.356
3.7079999999999997
3.9675
4.3783
4.2688
4.0979
3.8991
4.3295
4.1199
3.8552999999999997
3.8790999999999998
4.3096000000000005
4.0993
3.7192000000000003
3.9671999999999996
4.3512
4.0993
3.8415
3.9683
5.0221
4.1268
3.9598000000000004
3.9494
4.193
4.3439000000000005
4.0064
4.0092
4.229100000000001
4.2053
4.094399999999999
4.0499
4.264600000000001
4.197399999999999
4.0992
4.4817
4.2935
4.2413
4.2393
3.8363
4.3205
4.173
4.1979
3.8484000000000003
4.2505
4.187200000000001
4.0062999999999995
3.883
4.261
4.3766
4.4594
3.8413000000000004
4.4443
4.5327
3.6405000000000003
3.9288
4.277900000000001
4.906
3.6671
3.9887000000000006
4.2897
4.8812999999999995
3.7409000000000003
3.891
4.317699999999999
5.2734000000000005
3.7950000000000004
3.9684000000000004
4.7402
4.6873000000000005
3.6807
3.9436000000000004
4.6751
4.6681
3.6982999999999997
4.1209999999999996
4.6325
4.4434000000000005
3.7556
4.6392999999999995
4.9316
4.5353
3.783
4.0518
4.9875
4.296
3.8449
3.9975
4.8631
4.3251
4.0746
4.0445
5.303000000000001
4.3228
3.7504999999999997
4.7992
4.4593
4.327100000000001
3.7956000000000003
4.6
4.4324
4.6427
4.1234
4.3564
4.9113999999999995
3.7098
4.7166999999999994
4.5121
4.4678
3.7377000000000002
4.5578
4.6189
4.5674
3.7648
4.7342
4.5743
4.3631
3.6892
4.9087000000000005
4.490799999999999
4.385
4.089899999999999
4.1427
4.1805
4.2368
3.9746
4.072
4.1279
4.2204
4.0072
4.1142
4.1591
4.216100000000001
4.6638
4.383
4.2756
4.3769
4.2042
3.8958
4.1572
4.175
4.128299999999999
4.0846
4.1314
4.3652
3.8784
3.833
4.0586
4.8553
3.7361
3.8428
4.0344
4.4231
3.7363
3.8571
4.0821
4.1726
3.9252999999999996
3.8252
4.1708
4.1358999999999995
4.063
4.0388
4.447699999999999
4.2595
3.7489
4.094600000000001
4.333
4.4971000000000005
3.6595999999999997
3.9157
4.0377
4.3584000000000005
5.2748
3.8795
4.0827
4.9546
4.2712
3.948
4.1591
4.655399999999999
3.7908999999999997
3.8607
4.1227
4.6588
3.5037
3.9490999999999996
4.092700000000001
4.799
3.4777
4.1392
4.1854
5.4284
3.5752
3.8379
4.313
4.5875
3.6548000000000003
3.8984
5.2257
4.2862
3.4296
3.8481
4.8902
4.1202
3.4467999999999996
3.8346999999999998
5.2261
4.2356
3.5671
3.8474999999999997
4.6631
4.1047
3.4449
4.0595
4.7229
4.0979
3.4604000000000004
3.9676
4.5362
4.186
3.4369
4.470400000000001
4.4733
4.1528
3.4368
3.9143
4.4641
4.0675
3.3589
3.8276999999999997
4.4973
4.1531
3.3611
3.8839
4.570399999999999
4.1767
3.4451
4.232900000000001
4.6352
4.113300000000001
3.5496
5.746
5.8822
4.1992
3.6843000000000004
4.0211
4.2404
4.2627999999999995
3.4328000000000003
3.9464
4.2782
4.8717
3.4278999999999997
3.8777
4.248799999999999
4.285299999999999
3.4314
3.9341000000000004
4.4464
4.1921
3.3758999999999997
3.8007
4.6866
4.2711
3.4882
3.8629
4.612500000000001
4.934799999999999
3.4646
4.041
4.4507
4.3709999999999996
3.5092
4.2085
4.3381
4.0798
3.3627000000000002
3.8868
4.3953999999999995
4.0923
3.3918
3.797
4.6979
4.113099999999999
3.4543
3.8281
4.8778
4.2073
3.5362
3.8042000000000002
5.0997
4.0754
3.4483
3.7988000000000004
4.5375
4.0875
3.476
3.8285
4.8004
4.2586
3.5109999999999997
4.1611
4.6865
4.1838999999999995
3.5701
4.845999999999999
4.1532
4.2567
3.4623000000000004
4.4157
4.0978
4.4018
3.4957
4.5916999999999994
4.1213
4.2271
3.4818000000000002
4.3537
4.1668
4.1915
4.1306
4.3545
4.1539
4.2363
3.9055
4.4671
4.1014
4.2275
3.7497
4.3172999999999995
4.0855
4.2882
3.4496
4.2702
4.1052
5.1428
3.5301
4.2567
4.0781
4.258299999999999
3.3983
4.210400000000001
4.0091
4.2164
3.4412000000000003
4.2648
4.0415
4.3926
3.4755
4.312200000000001
4.0957
4.7276
3.5097
4.394
4.0962000000000005
4.3716
3.4665999999999997
4.3317
4.1715
4.3514
3.4746
4.2807
4.182499999999999
4.1071
3.3916
4.2004
4.7986
4.0711
3.4421999999999997
4.1424
4.7204999999999995
4.250699999999999
3.5306
4.348999999999999
4.2893
4.0827
3.3312
4.1815999999999995
4.0371
4.133900000000001
3.432
4.2672
4.471100000000001
4.053400000000001
3.6594
4.3586
3.9871999999999996
4.137499999999999
3.4248
4.4652
4.0098
4.139399999999999
3.4586
4.355300000000001
4.028300000000001
4.1954
3.5157000000000003
4.878
4.0991
4.2219
3.5775
4.5831
4.1148
4.1836
3.5153
4.4784999999999995
4.414300000000001
4.1257
3.65
4.5401
4.8997
4.2947999999999995
4.2966999999999995
4.1582
4.0405
4.330900000000001
3.8312
3.9816000000000003
4.0539
4.636
3.9776000000000002
3.8351
4.048
4.3606
3.8436999999999997
3.8227
4.0427
4.9975000000000005
3.9490999999999996
3.8665000000000003
4.1082
4.327
4.1745
3.9013
4.4263
4.4559
4.2471000000000005
4.3263
4.5184
4.6609
4.1448
4.6315
4.2616
4.855499999999999
3.5802
4.0438
4.1417
4.845999999999999
3.6708000000000003
4.0629
4.2269
4.8036
3.6742
3.9471000000000003
4.2087
4.6808
4.3785
4.0097
4.2205
4.8195
3.8823999999999996
4.0983
4.4281
4.6065000000000005
3.6364
4.0062999999999995
4.3016
4.509
3.5172
3.94
4.4313
4.9693000000000005
3.7353
4.0462
4.8115
4.8132
3.5873
3.9576000000000002
4.7277
4.4168
3.5515999999999996
3.9124
4.8004
4.195
3.4928
3.9562
5.1029
4.1674
3.503
3.8966000000000003
4.7098
4.225300000000001
3.5139
4.0798
4.5923
4.2995
3.6435
4.13
4.5575
4.3633
3.5608
4.937399999999999
4.287100000000001
4.2638
3.7805999999999997
4.5578
4.4676
4.2715000000000005
3.6906
4.3824
4.1572
4.1907000000000005
3.7058999999999997
4.3356
4.9592
4.1922
3.4568
4.3159
4.1331
4.140300000000001
3.4505
4.4306
4.0081999999999995
4.1447
3.4112
4.5025
4.0309
5.0931
3.5482
4.201899999999999
4.0224
4.3427999999999995
3.4261999999999997
4.2774
4.009399999999999
4.3999
3.4137
4.2857
4.0492
4.4024
3.4327
4.2722999999999995
4.031899999999999
4.7148
3.5078
4.2558
4.1644000000000005
4.1249
3.451
4.3037
4.2643
4.1854
3.7238
4.3438
4.3803
4.2769
3.5826000000000002
4.391800000000001
4.9906999999999995
4.2906
3.6275999999999997
4.4393
4.0643
4.1812000000000005
3.4638
5.0018
4.1741
4.2029
3.5823
4.3221
4.1068
4.343500000000001
3.6556
4.738499999999999
4.2276
4.2316
4.2888
3.8114
4.0929
4.2103
4.1848
3.8505000000000003
4.139399999999999
4.208
4.037599999999999
3.8108
4.113300000000001
4.2302
4.6003
3.8659
4.1062
4.217099999999999
4.1069
3.8514
4.0801
4.093
4.0371
3.8388
4.069999999999999
4.3681
3.8954
3.8051
4.1059
4.808599999999999
3.8777999999999997
4.3768
4.2315
4.5583
4.1128
3.8559
4.0362
4.4547
3.9463
3.8582
4.1338
4.1991
3.9271999999999996
3.8758
4.7052
4.220899999999999
3.9785999999999997
3.8604
4.270300000000001
4.2331
4.2601
4.0507
4.2004
4.255199999999999
3.9109000000000003
3.8222
4.5591
4.307
3.7727
3.8556
4.2088
4.3865
3.8158
3.8949000000000003
4.4093
4.5053
3.7409000000000003
3.8552999999999997
4.3418
4.55
3.5829999999999997
5.1659999999999995
4.0626999999999995
4.8985
3.4553000000000003
3.9654
4.1213999999999995
4.601
3.5019
4.0278
4.0636
4.640499999999999
3.8106
3.8072000000000004
4.0048
4.579599999999999
4.0933
3.8718
4.1255
4.5911
3.5945
3.8426
4.124499999999999
4.6127
3.761
4.0701
4.2623
5.1412
3.575
4.0642
4.166399999999999
5.721
3.5292000000000003
4.3247
4.599200000000001
4.2009
3.5242
4.0167
4.5627
4.1879
3.4414
3.9778000000000002
4.55
4.1445
3.7196
4.0876
4.4586
4.0752999999999995
3.5069
3.7104
4.2273
4.2362
3.5048000000000004
3.9640999999999997
4.1841
4.4094
3.6854
3.8596
4.1018
4.3138
3.9968
3.6731
3.9610000000000003
4.4196
5.6527
5.09
4.4416
3.9075
3.2948
5.1295
6.097499999999999
3.9820999999999995
3.3506
3.7232
4.9061
3.9353000000000002
3.3593
3.8062
4.5461
4.0428
3.3028
3.7145
4.4463
3.9185000000000003
3.2471
3.6534
4.4677
3.9328999999999996
3.2668
3.7231
4.5158000000000005
4.005
3.4160000000000004
3.7589
4.5471
4.21
3.4388
3.7664
5.1056
4.034000000000001
3.3517
3.7216
4.6221
4.0955
3.3224
3.6922
3.9956
4.4395
3.4202999999999997
3.6936999999999998
4.0119
4.3699
3.2720000000000002
3.615
4.691
4.3697
3.4663
3.6683000000000003
3.8473
4.3752
3.3781000000000003
3.6118
3.8384
4.602799999999999
3.4579
3.673
3.8945
4.0429
4.4294
3.6555
3.9703999999999997
4.1164000000000005
3.9037
3.6671
3.9722999999999997
3.9541999999999997
3.9128000000000003
3.7138
3.9528000000000003
4.058
3.8249
3.9908
3.33
3.6678
3.8952
3.9465999999999997
3.2764
3.6109
3.2347
4.3441
3.2594
3.6043
3.2536
4.3742
3.4443
3.7436000000000003
3.2293
4.3934999999999995
3.5447
3.7003
3.3499
4.5588
3.8040000000000003
3.7207
3.2913
4.1465
3.8084
3.7098
3.2508
3.8933
3.3096
4.1923
3.6067
3.8565
3.2392
3.9394
3.899
3.8093
3.1963999999999997
3.8049
3.4905
3.9566999999999997
3.2374
3.5901
3.8037
3.8779
3.2115
3.6644
3.3644
4.1041
3.1638
3.6347
3.1831
4.8180000000000005
3.2121
3.6538999999999997
3.197
4.404100000000001
3.2651
3.6637000000000004
3.2818
3.8934
3.9848000000000003
3.7226
3.2397
3.9114
4.483499999999999
3.6709
3.5585999999999998
4.0527999999999995
4.3175
3.6062
3.2316
3.8481
3.4099
4.0596
3.2182
3.8373
3.3708
4.1577
3.2301
3.8440000000000003
3.2811
3.7266999999999997
3.6161000000000003
4.4484
3.2641
3.6647
3.6537
4.0264999999999995
3.2228
3.5936000000000003
3.2336
4.3872
3.2238
3.9018
3.2527
4.5386999999999995
3.2624
3.5425999999999997
3.2325
4.0279
4.0174
3.5958
3.2661000000000002
3.8906
3.7637
3.5986
3.2207
3.8822
3.8127999999999997
3.6936
3.8113
3.8658
3.6109
3.928
3.1966
3.8552999999999997
3.3081
4.3317
3.155
3.8113
3.3764
4.073
3.2131
3.8402000000000003
3.2081000000000004
3.9019
3.6576
3.8188
3.2138
3.7556
3.6177
3.8991
3.1942
3.6122
3.892
4.1425
3.4398
3.8883
3.3285
4.7437
3.3803
3.5721
3.2696
4.2863
3.2706
3.5252
3.5841
3.8302
4.562799999999999
3.5286
3.4375
3.8398
3.6999
3.5436
3.2339
3.9309999999999996
3.2156
4.1338
3.2669
4.0912
3.3008
4.1726
3.3115
3.9445
3.2821000000000002
4.6863
3.3552999999999997
3.9423000000000004
3.3246
3.8973
3.8059000000000003
4.0725
3.2419
3.7793
3.8945
4.0554
3.2894
3.6746
3.5618
4.2015
3.2914
3.6249
4.4358
5.1953
3.213
3.5334
3.3592
4.1895
3.3181
3.679
3.2591
4.3294
3.4141000000000004
3.545
3.2858
3.8815999999999997
4.1272
3.7397
3.3471
3.873
3.7462
3.763
3.2122
3.9544
3.3889
4.1112
3.2888
4.0511
3.2354
4.0329
3.2153
4.5392
3.2309
3.975
3.2203
3.9652000000000003
3.2318
3.6329000000000002
3.6172
3.8112
3.2952
3.6716
3.5769
4.0549
3.3492
3.5566999999999998
3.3295999999999997
4.3281
3.9357999999999995
3.7161
3.3262
4.3454
3.4217
3.7039999999999997
3.3422
4.253
3.5300000000000002
3.87
3.2885
3.9769
3.8175000000000003
3.9034999999999997
3.3821
4.6774
3.8352
3.7714
3.3903000000000003
4.1203
3.8291000000000004
3.7191
3.3035
4.0486
3.3366
4.1779
3.3537
4.4616999999999996
3.3790999999999998
4.1958
3.3337000000000003
4.607
3.3373
4.1732000000000005
3.4064
4.2024
3.3938
4.0446
3.6016
4.2909999999999995
3.3739999999999997
3.9393
3.8055
4.1079
3.4053
3.8486000000000002
3.9804000000000004
3.9915999999999996
3.8222
3.8519
3.9617999999999998
4.260199999999999
3.4759
4.113
3.9087
4.3802
3.7713
3.8987000000000003
3.8321
4.3089
3.3905
3.7149
3.421
4.7781
3.3756
3.7612
3.5052999999999996
4.3321000000000005
3.3771
3.6675
3.9917
4.385199999999999
3.3306
3.7781
3.5103
4.1976
3.4504
3.648
3.4451
4.1259
3.8003
3.6595
3.5017
3.9964
3.8895
3.7265
3.7567
4.0595
3.7291
3.7510999999999997
3.4611
3.9382999999999995
3.2879
4.8325
3.4014
3.9168
3.2657
5.0988999999999995
3.9363
3.8872999999999998
3.3867
4.0858
3.4337
4.4805
3.3863
4.3690999999999995
3.4537999999999998
3.9465999999999997
3.3198
3.9297000000000004
3.5010000000000003
4.0661
3.2829
3.6473999999999998
3.7527
4.0257000000000005
3.2912000000000003
3.8196
3.6121
4.667
3.318
3.7741
3.3198
4.5035
3.3306
3.7100000000000004
3.3135
4.4471
3.3579
3.7322
3.3598999999999997
4.4645
3.5284999999999997
3.7351
3.3705
3.9947999999999997
4.2307999999999995
3.7471
3.3686
3.9619
3.828
3.6988
3.9957
3.9324
3.9858999999999996
3.6432
3.4072
4.0343
4.0344999999999995
3.6754000000000002
3.3924
3.997
4.5243
3.8427000000000002
3.4031000000000002
4.0302999999999995
3.4981999999999998
4.0817
3.5827
3.9338
3.4652
4.0817
3.3436999999999997
3.9921999999999995
3.5808
4.1679
3.9154000000000004
4.2493
3.5294
4.6587
3.4724
3.9103000000000003
3.2992
3.7786999999999997
3.9045
3.8604
3.6419
3.6123000000000003
3.7171000000000003
3.8438
3.2704
4.0476
3.7334
3.8971
3.5247
3.9131
3.2728
4.3727
3.2786999999999997
3.7486
3.2802000000000002
4.4296
3.284
3.7532
3.2848
4.298500000000001
3.3731
4.2786
3.326
3.9692
3.7642
3.848
3.2975
4.0361
3.6949
3.5865
3.4392
3.9858999999999996
3.4318
3.954
3.5192
4.1224
3.2948999999999997
3.9835000000000003
3.9064
3.8720999999999997
3.3842999999999996
4.0293
4.424
5.6972000000000005
3.2155
3.9728000000000003
3.2997
3.8338
3.1822
3.9138
3.4143
3.8014
3.2012
3.5706
3.9122000000000003
3.9308
3.2502
3.4493
3.2861000000000002
4.1552999999999995
3.1193000000000004
3.4892
3.2948999999999997
4.2073
3.1205
3.5447
3.1563
3.7525000000000004
3.6269
3.4883
3.1300999999999997
3.7426999999999997
4.1727
3.5102
3.1271
3.6884
3.0494
3.8447
3.0831
3.7683
3.0987
3.7161999999999997
3.5813
3.8983
3.121
3.5705
3.604
3.7307
3.2211000000000003
3.5428
4.0997
4.1491
3.1351999999999998
3.5309
3.2821000000000002
4.1981
3.296
3.4949
3.1885
3.7984999999999998
3.5965
3.6448
3.1256999999999997
3.8847
3.6387
4.160900000000001
3.1705
3.7984
3.1929
4.077800000000001
3.136
3.8037
3.1305
3.9642000000000004
3.2694
3.8571
3.1555
3.5178000000000003
3.7512000000000003
3.7201
3.258
3.5044
3.4418
4.3098
3.1799
3.5322
3.1685
4.242100000000001
3.1055
3.5077
3.1084
4.0584999999999996
3.5977
3.5084999999999997
3.1304000000000003
3.866
3.9563
3.4465
3.1294
3.9053
3.8815
3.8146
3.129
3.8304
3.3105
3.9252000000000002
3.3634
3.7824999999999998
3.1144
3.7364
3.6504
3.8009
3.2239
3.5401
3.5585999999999998
4.6056
3.2081000000000004
3.5453
3.2072
4.2708
3.1572
3.5387
3.1449999999999996
4.1868
3.2702
3.4687
3.1497
3.755
3.716
3.478
3.1439
3.7908
3.2388
4.1471
3.315
3.7583
3.1548000000000003
4.0483
3.1063
3.792
3.1463
3.6074
3.6479
3.7464
3.196
3.5011
4.337599999999999
3.9277
3.8871
3.4602
3.2572
3.9826
3.2379000000000002
3.4762999999999997
3.3906
4.247800000000001
3.1338999999999997
3.4906
3.1153
3.8343000000000003
3.5131
3.4623000000000004
3.2996000000000003
4.414300000000001
3.5246
3.6275999999999997
3.0902999999999996
3.711
3.0907999999999998
3.8662
3.3912
3.7612
3.2001
3.7935999999999996
3.4434
3.7527
3.2561999999999998
3.5271
3.6243
4.3278
3.17
3.5844
3.2501
3.9947000000000004
3.0829
3.5108
3.16
4.2947999999999995
3.1954000000000002
3.5490999999999997
3.3546
3.8551
3.7963
3.561
3.8008
3.8872999999999998
4.5071
3.5722
3.2347
3.8305000000000002
3.9908
3.5683999999999996
3.3417999999999997
3.8339
3.3898
3.9078999999999997
3.2119
3.776
3.4149
3.9981
3.1633999999999998
3.8089999999999997
3.2041999999999997
4.0703
3.6027
3.7751
3.1886
3.9061999999999997
3.5925000000000002
4.0273
3.1971
3.4948
3.1921
4.3232
3.3218
3.6151
3.5378
4.5482
3.4181
3.5416000000000003
3.4166000000000003
4.2936
3.1892
3.6386000000000003
3.3915
3.9195999999999995
3.8403
3.5918
3.2862999999999998
3.9095
3.9571
3.5884
3.3005
3.8808
3.5251
4.3368
3.3051999999999997
3.9381
3.2748
4.150799999999999
3.2965
3.9655000000000005
3.335
4.2292
3.3720999999999997
4.0939000000000005
3.3788
3.8356000000000003
3.8337000000000003
4.1007
3.2925
4.2845
3.7420999999999998
3.967
3.3035
3.8333
3.9221000000000004
4.0846
3.3073
3.7212
3.3226
4.6588
3.3996
3.6499
3.3007
4.2716
3.914
3.634
3.2767
4.2968
3.3938
3.5444
3.2461
3.9075
3.8695
3.5631
3.3070999999999997
3.8445
3.7487000000000004
3.5335
3.1841999999999997
4.3898
3.1865
4.0045
3.2329
3.8962
3.2025
4.122800000000001
3.3834999999999997
4.1466
3.363
3.8373
3.4775
4.0455
3.3905
3.7359
3.6271
3.8022
3.8479
3.5636
3.4785
3.8826
3.3685
3.4565
3.2006
4.2878
3.3156000000000003
3.5663
3.1423
4.079
3.487
3.6616
3.1484
3.8308
3.5939
4.263
3.2052
3.7907
3.3737
3.8827000000000003
3.1895000000000002
3.8771999999999998
3.2464999999999997
3.9292
3.2579000000000002
3.8219
3.4228
3.7011000000000003
3.3796999999999997
3.85
3.9076
3.5429
3.5217
3.7585
3.3895
3.6048999999999998
3.3539
4.141500000000001
3.2201999999999997
3.6218
3.1835
4.2446
3.2304999999999997
4.0798
3.2532
4.1611
3.3009
4.0898
3.2154000000000003
4.0031
3.6646
3.532
3.4589
3.8918
3.6525
3.5422000000000002
3.3623
4.020700000000001
3.2969000000000004
3.9091000000000005
3.3758
3.8123
3.2014
4.0436
3.4188
4.2456000000000005
3.2285
3.6209
3.6626
4.0051000000000005
3.4431000000000003
3.6804
3.8537
3.9629000000000003
3.3044
3.7945
3.5063999999999997
4.1298
3.2845
4.2443
3.3254
4.3521
3.2084
3.7489
3.2881
4.330299999999999
3.2857
3.5955000000000004
3.3486000000000002
3.8268999999999997
3.7713
3.5617
3.4581999999999997
3.8683
3.7219
3.5847
3.9191
4.0432999999999995
3.702
3.5569
3.3554
3.9328999999999996
3.3966
4.4923
3.4772000000000003
3.9095
3.3709000000000002
4.0354
3.2713
4.0879
3.3186999999999998
3.8899999999999997
3.4258
4.511
3.2754
3.6370999999999998
3.7058
4.0107
3.2217000000000002
3.5465
3.4494000000000002
4.1332
3.2873
3.6858
3.3906
4.2892
3.2113
3.5157000000000003
3.1849
4.2724
3.8273
3.5496999999999996
3.1936
3.8261
3.8153
3.565
3.2348
3.8430999999999997
3.8898
3.5469999999999997
3.2592
3.9633999999999996
3.2927999999999997
4.0988
3.2436000000000003
3.9362
3.2685
4.4919
3.2155
3.9251
4.3858999999999995
4.4832
3.2526
3.8517
3.277
4.1327
3.1767000000000003
3.8717
3.2253
3.6874
3.6689000000000003
3.921
3.2229
3.6492999999999998
4.1931
3.9071000000000002
3.2311
3.6111
3.301
4.336399999999999
3.3855999999999997
3.6378999999999997
3.412
4.3366999999999996
3.4202999999999997
3.7193
3.2661000000000002
4.0264999999999995
4.4346000000000005
3.9357999999999995
3.4726000000000004
4.7441
3.363
3.5370000000000004
3.3619000000000003
3.7997
3.7353
3.5816
3.2439999999999998
3.8667
3.4652
3.9055
3.2054
3.8549
3.161
4.4356
3.0631999999999997
3.8643
3.1058000000000003
3.7366
3.355
3.7875
3.2564
3.5211
3.7082
3.9899999999999998
3.1682
3.5046
3.3785
4.3955
3.1205
3.4912
3.0683
4.9453
3.1075999999999997
3.4837000000000002
3.0894
3.8907999999999996
3.6413
3.49
3.1451000000000002
3.9699
3.7184000000000004
3.6902
3.1172
3.7152000000000003
3.2767999999999997
3.833
3.7173000000000003
3.7510999999999997
4.5059000000000005
5.9896
3.5859
3.8462
3.194
3.839
3.1235
3.7376
3.3127
3.5913999999999997
3.3861
3.6986
3.7235
3.4527
3.6332999999999998
3.787
3.0691
3.665
3.0783
4.1199
3.197
3.5799
3.1581
4.3156
3.12
3.6378
3.1513
3.7169
3.6059
3.4792
3.9880000000000004
3.7303
3.5378
3.4728
3.3076999999999996
3.7291
3.2205
3.9214
3.0728
3.8131
3.0824
3.5113000000000003
3.4999
3.7904
3.0576000000000003
3.4661
3.3434
3.8985
3.5437
3.4198000000000004
3.0976
4.0808
3.2620999999999998
3.399
3.0886
3.6976
3.6359
3.4394
3.0255
3.9006000000000003
3.4621
3.5666
2.9994
3.7147
3.0193
3.9357999999999995
3.4004
3.6249
3.0921
3.4256
3.7416
3.6262
3.1979
3.4188
3.2929999999999997
3.8578
3.0204
3.3628
3.0183
4.2017
3.0010000000000003
3.3864
3.0173
3.7077999999999998
3.9795999999999996
3.4183
3.0486
3.7626
3.6857
3.5795000000000003
3.0676
3.8968000000000003
3.0737
4.1279
3.0579
3.8057999999999996
3.0409
3.5172
3.4435
3.7257000000000002
3.1088
3.408
3.766
3.9440999999999997
3.0741
3.373
3.1475
4.1031
3.2092
3.4316
3.0528
3.7752
3.5187
3.413
3.1172999999999997
3.8036
3.195
4.5341000000000005
3.0847
3.682
3.0724
3.8047
3.1256999999999997
3.6199
3.1182
3.3682
3.5896
3.6676
3.0764
3.4227
3.0601000000000003
4.132099999999999
3.0762
3.3725
3.0211
4.2719000000000005
3.1987
3.3943
3.0158
3.6876
3.6093
3.4219
3.0355999999999996
3.642
3.1719999999999997
4.4748
3.1698
3.7098
3.0931
3.9934000000000003
3.0756
3.7335
3.0481000000000003
4.0221
3.4968999999999997
3.6919
3.0894999999999997
3.4464
5.3134999999999994
3.8186
3.0565
3.3777999999999997
3.1676
3.9928999999999997
3.229
3.3969
3.0308
3.7777000000000003
3.8756
3.8632
3.0492000000000004
3.709
3.4640999999999997
3.5945
3.0406
3.7242
3.0668
3.8869
3.0299
3.6626
3.1238
3.4688000000000003
3.5964
3.613
3.6782
3.4158
3.5032
3.6419
3.0029000000000003
3.5987
3.0886
4.0802
3.0333
3.5934999999999997
3.5686
4.1335
3.2195
3.3266
2.9371
3.5507
3.4292
3.3251
3.6197999999999997
3.5802
2.9764
3.7001
2.8915
3.661
2.9379
3.3419
3.3817999999999997
3.6781
3.0318
3.3217
2.9899
4.0427
3.1484
3.3493
2.9914
3.7298
3.1549
3.7464999999999997
2.9486
3.5589
3.1877
4.0943000000000005
3.1526
3.7975
3.3032
3.9684000000000004
2.9312
3.7338
3.2304
3.4912
3.3468
3.6583
3.6201
3.3682
3.4919000000000002
3.6257
3.0146
3.4614
3.0260000000000002
4.126399999999999
2.968
3.4637000000000002
3.0155
3.4574
3.5602
3.3317
3.0185
3.3692
3.1601
3.9005
2.9574
3.3222
2.948
3.7848
3.1824000000000003
3.7449
3.8064999999999998
3.98
3.3764
3.3513
3.6104000000000003
3.692
3.1635
3.7175
3.5637
3.6500999999999997
3.165
3.9604000000000004
3.6782
3.6124
2.9654
3.5450999999999997
3.8904
3.6747
2.9953
3.3802
3.7523999999999997
4.021699999999999
2.9965
3.4097
3.5065
4.1021
3.7075
3.3608000000000002
3.5134
4.3673
3.0972
3.4912
3.5505
3.6169000000000002
3.5288
3.3264
3.9663
3.6024
2.9224
3.6349
3.5284
4.2239
2.9701
3.8225
3.5141999999999998
3.882
3.0103
3.4505999999999997
4.009399999999999
3.6064000000000003
3.0532
3.3432
4.1334
3.6197999999999997
3.3042000000000002
3.3465000000000003
3.6139
4.1923
3.2977000000000003
3.7218
3.6273
4.112
3.0215
3.4993
3.7023
3.6835
3.4381
3.4862
3.9714
3.7873
3.4521
3.5955000000000004
3.6736
3.6866
3
3.8267
4.2501
3.6182
3.075
4.0542
3.6146
3.6924
2.9581
3.3282
4.324
3.6723
3.0271999999999997
3.3634
3.7893
3.7693000000000003
2.9351999999999996
3.3788
3.4598
4.6584
2.9484
3.3890000000000002
3.5419
3.8546
3.2426999999999997
3.346
3.7578
3.857
3.3995
3.3189
3.7517
3.5919
2.9711999999999996
3.7901
3.4971
4.3922
2.8942
3.8352
3.5664
3.9408999999999996
2.9522
3.3332
3.9711
3.7481
2.9886
3.2902
3.7207999999999997
3.8265000000000002
3.0319000000000003
3.3595
3.6351999999999998
4.0592
3.6893
3.3804
3.6749
3.726
3.4315
3.3537
3.6394
3.8561
3.4182
3.5103
3.7085
3.7137
2.9761
3.6443
3.6491000000000002
4.4865
2.9711999999999996
3.9728999999999997
3.5196
3.654
3.1373
3.3436999999999997
4.010599999999999
3.6467
3.0556
3.3632
3.9755
3.6389
3.2232
3.3381000000000003
3.4730999999999996
4.4524
2.9301000000000004
3.3930000000000002
3.5239999999999996
4.865
3.0799999999999996
3.5599
3.7009
3.8417
3.4512
3.3992
3.6927000000000003
3.8158
3.5404999999999998
3.3768000000000002
3.5959
3.6797
3.6847999999999996
3.7442
3.5479000000000003
3.6653
3.1069999999999998
3.754
3.7692
3.6418000000000004
2.9649
3.3803
4.010599999999999
3.7832
2.9565
3.3387000000000002
3.6866
4.4793
2.9064
3.3668
3.6443
4.3613
2.97
3.2748999999999997
3.9630000000000005
3.8398999999999996
3.2552000000000003
3.3192
3.6484
3.5869999999999997
3.4523
3.3179
3.6101
3.6267
2.9819999999999998
4.4267
3.4965
3.6808
3.832
3.9315
3.4455
3.626
2.9492
3.3920999999999997
3.9095
3.7510999999999997
3.0031
3.399
4.0796
3.7169
3.0222
3.3858
4.2874
4.1166
2.9865
3.3796
3.8244
4.2051
2.9979
3.3571
3.5764
3.7144
3.3871
3.6492
3.5477
3.9244
3.7349
3.6711
3.9639
3.9591000000000003
2.9406
3.9181
3.5536
3.9996
2.9672
3.8222
3.6138
3.6481999999999997
3.2274000000000003
3.368
4.3204
3.625
3.0471
3.3991
4.8194
3.6034
3.0425
3.3558
4.0542
4.0013000000000005
2.9753000000000003
3.3457
3.7326
4.2963000000000005
2.9499
3.4978000000000002
3.6018
3.7152000000000003
3.4093
3.7616
3.6928
3.6109
3.2878
3.2766
3.6362
3.5963000000000003
2.9257
3.7575
3.8033
3.6449
3.074
3.4395
3.7052
3.8742
2.9494000000000002
3.4947
3.9642000000000004
4.2588
2.9716
3.397
3.746
4.857
4.4093
4.5772
4.1104
3.7345
2.8902
3.4795
3.4863
3.9884999999999997
2.9227
3.433
4.256399999999999
4.1372
3.0336
3.5044999999999997
3.7461
3.6711
3.4808999999999997
3.3794
3.6827
3.7388
3.3621
3.6434
3.6572
3.6837
3.0225999999999997
4.383500000000001
3.7169
3.6884
2.9949
4.1331
3.7353
3.7156
2.9911
3.5507
4.2841
3.7828
3.0372
3.4344
4.2524
3.7285
3.3557
3.4584
4.5748999999999995
3.9354000000000005
3.1309
3.4477
3.9111
4.104
3.2024000000000004
3.4414
3.75
4.1402
3.3842999999999996
3.4378
3.7529999999999997
3.7612
3.7757
3.6948
3.7458
3.6682
3.5127
3.6431
3.7708
3.7632999999999996
2.9806
3.972
3.711
3.9156
3.0222
3.8748
3.7309
3.7648
3.0982000000000003
3.3922000000000003
4.623600000000001
3.6156
2.9918
3.3373999999999997
4.3633
3.7437
2.9894000000000003
3.3313
3.9132999999999996
4.2402999999999995
3.0303
3.318
3.7580999999999998
4.5644
3.1116
3.4095000000000004
3.7234
4.1182
3.1498
3.4299999999999997
3.8080000000000003
3.9871999999999996
3.4722
3.3651000000000004
3.7297
4.345899999999999
3.2793
3.7518
3.8011999999999997
3.8145000000000002
3.1481999999999997
3.7798
3.9484000000000004
3.7594
3.2344
3.8988
3.821
3.76
3.2283
3.4405
4.9383
3.7664
3.1044
3.3601
4.4454
3.7184000000000004
3.1138
3.3801
4.3121
3.8066
2.9907000000000004
3.4003
3.7443
4.1031
2.9627999999999997
3.4164999999999996
3.7247
4.4636
3.0913999999999997
3.2950000000000004
3.6593
3.5921999999999996
4.1516
3.4108
3.9187
3.7895
3.3857000000000004
3.3333999999999997
3.7528
3.5774
2.9903
3.8015000000000003
4.3142
3.6438
3.0165
3.5821
3.8636999999999997
3.7187
3.0294
3.3124000000000002
4.0178
3.792
2.9692999999999996
3.3949000000000003
3.8693999999999997
3.9312
2.9949
3.3146999999999998
3.6349
4.098
3.5875
3.3402000000000003
3.8033
4.115200000000001
3.1449
3.3392999999999997
3.8317
3.6470000000000002
3.5503
3.3205999999999998
3.8221000000000003
3.6528
3.1169000000000002
3.8327999999999998
3.69
4.2404
3.0235000000000003
3.8165999999999998
3.6180000000000003
3.8064999999999998
3.0863
4.6905
3.7217000000000002
3.7452
2.9842
3.5568
3.9879
3.8716000000000004
3.0512
3.4254
4.1595
3.9974
3.352
3.3930000000000002
4.3092
3.8035
3.2047999999999996
3.3969
3.7028999999999996
3.9812
3.4602999999999997
3.3687
3.7135
4.1506
3.2634
3.4036
3.6954000000000002
3.6988
3.4786
4.0278
3.8088
3.9417999999999997
4.1174
3.4266
3.7364
3.7823
3.4619
3.5389000000000004
3.7686
3.9143
3.0860000000000003
3.8626
3.8061000000000003
4.0470999999999995
3.1139
3.8828
3.8841
4.0261000000000005
3.1396
3.4299
4.2181
3.6957
3.3883
3.3988
4.2048
3.6889000000000003
3.1782999999999997
3.3749000000000002
4.1765
3.7426
3.1206
3.4202999999999997
3.83
4.0167
3.177
3.4256
3.6759000000000004
4.7789
3.0466
3.4065
3.6841999999999997
3.9234999999999998
4.491099999999999
3.464
4.0128
3.8203
3.4414
3.4781
3.7308
3.6532
3.3789
4.4239
3.7363
3.714
3.0063
3.9360000000000004
3.7004
3.6693
3.0368999999999997
3.8184
3.9271000000000003
3.6304000000000003
3.0061
3.3302
4.1776
3.5988
3.0974000000000004
3.3449999999999998
4.1448
3.8463
3.0357000000000003
3.5103
3.9471000000000003
4.2544
3.0202
3.4899
3.8097
4.1379
2.9794
3.4661
3.6896
4.0249
3.5671
3.3956
3.6670000000000003
3.6365999999999996
4.0824
3.3812
3.6711
3.6147
3.1603999999999997
3.7291
3.6938
3.6324
3.1437
3.8525
3.7251
3.6825
3.0521
3.6372
4.1692
4.1712
2.9704
3.4109000000000003
4.2725
3.7482
2.9692999999999996
3.3769
3.7927999999999997
4.2718
3.0315
3.3438
3.7378
4.1146
3.2114000000000003
3.3067
3.6932
3.6254999999999997
4.0475
3.2982
3.7506000000000004
3.6568
3.3116
3.3219
3.6862000000000004
3.7564
2.9976
3.9696000000000002
3.6532999999999998
3.8305000000000002
3.0686
3.5507
4.019799999999999
4.298299999999999
2.9966
3.3895
4.23
4.0057
2.9947
3.4005
4.2816
3.6563
3.3243
3.3669
3.7287000000000003
4.163799999999999
3.2116
3.3793
3.7361
4.1113
3.3638000000000003
3.6819
3.7234
3.8230999999999997
3.4589
3.5758
3.7074
3.6805000000000003
3.3800000000000003
3.4717
3.6872
3.6722
3.0404
3.863
3.7495
3.6367000000000003
2.9938000000000002
3.7962
4.3344000000000005
3.6776
3.2418
3.3768000000000002
4.2561
3.7203000000000004
3.1790999999999996
3.4189
4.3031
3.6639
3.2150999999999996
3.3955
3.9604000000000004
4.019
3.1878
3.9537
3.7851
4.6995
3.0917000000000003
3.6137
3.7626
4.7102
3.1822999999999997
3.6033
3.9217000000000004
4.015000000000001
3.1526
3.473
3.7156
3.709
3.491
4.0533
3.8202000000000003
3.7523
3.5618999999999996
3.5901
3.7755
3.7382999999999997
3.0961
3.8757
3.8266
3.95
3.2226999999999997
3.8436999999999997
3.9381
3.7015
3.0300000000000002
3.3999
4.7349000000000006
3.675
3.052
3.3704
4.4129
3.767
3.0275
3.3869
3.8896
3.9457
3.0553
3.3448
3.6548000000000003
4.1955
3.0087
3.3707
3.6506
3.6553000000000004
3.7187
3.3744
3.8844000000000003
3.6973000000000003
4.1118
3.3419
3.6557999999999997
3.654
3.6062999999999996
3.3257999999999996
3.6797
3.7031
3.0972
3.742
3.6974
3.6997
3.0385999999999997
4.2651
3.8714
3.6816
3.0597
3.508
4.1868
3.7175
3.1329000000000002
3.5488999999999997
4.1285
3.8087
3.0631
3.4317
3.9021
3.9318
3.5271999999999997
3.5940999999999996
3.972
4.4052
2.9804
3.3237
3.8246
4.1955
3.1336
3.3455999999999997
3.7399999999999998
3.6544
3.4846
3.3373
4.3118
3.7885
3.5721
3.3511
3.7349
3.6498
2.9621999999999997
3.8449999999999998
3.6616999999999997
3.7142999999999997
3.1174000000000004
4.1007
3.6935000000000002
3.6292
3.0372
3.3575
4.6074
3.6859
2.9766
3.3486000000000002
4.232900000000001
3.6559
3.0168
3.3124000000000002
3.7589
4.0643
3.2755
3.5534
3.8513
4.1715
2.9684999999999997
3.7733
3.8394000000000004
3.677
3.3955
3.6672
3.6844
3.6884
3.5208
3.9223
4.7999
4.6428
3.3907999999999996
3.3695
3.6024
4.4763
2.9643
3.6383
3.6275
3.8064
2.9937
3.7839
3.6794000000000002
3.6801
3.0287
3.3952
4.1247
3.5958
3.1426000000000003
3.4997000000000003
3.5126
3.636
3.0544000000000002
3.421
3.0252
3.9522000000000004
3.2156
3.3641
2.9991000000000003
3.412
3.5827
3.4171
3.0695
3.5307
3.1818
3.7391
3.0290999999999997
3.4398
3.0269
4.076
3.5093
3.3886
3.0743
3.6177
3.243
3.5615
3.0824
3.3178
3.1434
3.7672
3.1580000000000004
3.5345
3.0317
3.3632
3.4875000000000003
3.7801
3.1898
3.356
2.9664
4.2924
3.3517
3.4052000000000002
2.9955
3.7012
3.3192999999999997
3.3636999999999997
3.0126
3.7096
3.2207
3.6689000000000003
3.0221
3.7603
3.04
3.8215
2.9836
3.6275999999999997
3.0265999999999997
3.3494
3.9537
3.7154000000000003
3.0239
3.4090000000000003
3.0138000000000003
4.0577
3.0322
3.5447
3.0682
4.3474
3.0141999999999998
3.3945
3.0205
3.6231
3.6973000000000003
3.3808000000000002
3.0588
3.7520000000000002
3.8061000000000003
3.7905
3.0701
3.7161
3.3819000000000004
3.8097
3.0739
3.6744
3.0197000000000003
3.5963000000000003
3.5043
3.9221999999999997
3.0406999999999997
3.3687
3.0463
4.113
3.8153
3.5223
3.0318
4.1772
3.1698999999999997
3.3768000000000002
3.2282
3.6762
3.5361
3.3874999999999997
3.0368999999999997
3.8543000000000003
3.0049
4.0349
3.0351000000000004
3.6641999999999997
3.159
3.5848
3.7964
3.7573
3.0456
3.5008
3.6557
3.7063
3.0124
3.3369
3.0300000000000002
4.2793
3.0251
3.3876
3.2596000000000003
4.7448999999999995
3.2828000000000004
3.6631
3.2336
4.6567
3.4705999999999997
3.4163
3.0415
3.7013
3.3482999999999996
3.4293
3.048
3.701
3.1521000000000003
3.7670999999999997
3.1669
3.7233
3.1004
3.4264
3.4503
4.318899999999999
3.0458
3.3808000000000002
3.1310000000000002
4.156
2.9478
3.315
2.9879
4.3127
3.1194
3.3316
2.9664
3.6791
3.4585000000000004
3.5404
3.056
3.6938
3.0574
4.393
3.0846
3.7149
3.0711
3.6079
3.4090000000000003
3.7256
3.1036
3.4929
3.7393
3.6939
3.1407000000000003
3.4446
3.0731
4.6283
3.0726
3.4411
3.1686
4.8092
3.0631
3.4186
3.0808
4.300400000000001
3.0236
3.42
3.0503
3.8743
3.614
3.4156
3.081
3.7182999999999997
3.2694
3.7962
3.0450999999999997
3.7388
3.7159
3.8076
3.1683000000000003
3.654
2.9922999999999997
3.4722
3.4945000000000004
3.9097000000000004
3.307
3.6046
3.8064999999999998
3.9477999999999995
3.0471
3.5209
2.9996
4.2306
3.0274
3.3136
3.6547
3.9234999999999998
3.49
3.3917
3.3388
3.807
3.6329000000000002
3.408
3.0359
3.8815
3.1061
3.8616
3.1218
4.0472
3.1376
3.57
3.3912999999999998
4.0798
3.311
3.423
3.6359
3.7223
3.2757
3.4172
3.1795
4.098199999999999
3.2471
3.5056000000000003
3.1551
4.311299999999999
3.235
3.8630999999999998
3.3758999999999997
3.8892
3.7453
4.2529
3.2328
4.0028
3.7007
3.7547
3.254
3.8775
3.3718
3.9757000000000002
3.2131999999999996
3.8286000000000002
3.1874
4.0020999999999995
3.3427000000000002
4.0001999999999995
3.1789
3.6351
4.0771999999999995
3.8081
3.3960000000000004
3.5539
3.6422999999999996
3.5428
3.0804
3.6603999999999997
3.0985
3.9081
3.1283000000000003
3.5986
3.1365
3.8086
3.261
3.4608999999999996
3.7745
3.8596
4.1551
3.7739000000000003
3.2141
3.5715999999999997
4.2033000000000005
3.749
3.2234
3.7023
3.7307
4.2829
3.2339
3.5155999999999996
3.7580999999999998
4.1895999999999995
3.641
3.7339
3.7172
4.1781
3.1986
3.4605
3.669
3.7540999999999998
3.5545
3.6453
3.6047000000000002
3.7516
3.5286
3.6306
3.6776
3.7425
3.093
4.5534
3.659
3.7241
3.2428
3.7899000000000003
3.6121
3.7144
3.0368
3.4005
4.1833
3.7390000000000003
3.0682
3.3906
4.2544
3.8195
2.9598
3.4764
3.6513
4.4694
2.9846999999999997
3.3737
3.598
4.2994
2.9636
3.4336
3.6172
3.796
3.4889
3.4037
3.6277000000000004
3.7379000000000002
3.9537
3.527
3.742
3.6683000000000003
3.7007
3.7192000000000003
3.7182999999999997
3.6925999999999997
3.1599000000000004
3.8108999999999997
3.6698
3.6919
3.0206
3.6458
4.3761
3.8181000000000003
3.0206
3.9433999999999996
4.0007
3.7093
2.9913000000000003
4.1589
3.9899
3.6949
3.0265
3.5777
3.4935
4.3006
2.9781
3.3671
3.5595000000000003
3.7975
3.18
3.3861999999999997
3.6877
3.6804
3.4758
3.3587000000000002
3.853
3.9837
3.0472
3.9417999999999997
3.5939
3.6725999999999996
3.0303999999999998
4.0255
3.5778
3.7772
3.0522
3.8108999999999997
4.6880999999999995
3.7965
3.1232
3.6261
4.178
3.7719
2.9412000000000003
3.2611
3.9265000000000003
3.8035
2.984
3.3207000000000004
3.7803
4.0647
3.115
3.3366
3.6229
3.7999
3.4705999999999997
4.0419
3.6107
3.8205999999999998
3.4804
3.5964
3.6456
3.6866999999999996
3.0133
3.7906
3.6185
3.6598
3.1032
3.8105
3.9357
3.9219
3.0635
3.3455999999999997
4.853
3.6383
3.0423
3.3492
4.1855
3.7133000000000003
3.0145
3.4007
3.8432000000000004
3.9684999999999997
3.0859
3.3733
3.6020000000000003
4.181500000000001
3.5479000000000003
3.3341
3.5822
4.958200000000001
2.9548
3.3813
3.6046
3.6822
3.4711
3.3422
3.7594
3.8313
3.5075000000000003
3.3136
3.6934
3.698
2.9795
3.7075
3.6922
3.6500999999999997
3.383
3.7066
3.8409
3.6831
2.9661
3.3493
4.0191
3.8196
3.0327
3.5869999999999997
4.5823
3.6508000000000003
2.8768000000000002
3.4025000000000003
3.4974
4.7005
2.8573
3.2163
4.4784999999999995
4.0694
2.9144
3.2382
3.6598
3.5187
3.451
3.2367
3.7115
3.7643
2.9001
3.6432
3.5769
3.5975
2.9396
4.3739
3.5937
3.5488
2.8888999999999996
3.2196
4.0462
3.5269
3.0108
3.2092
3.9524
4.0817
2.9171
3.2079999999999997
3.8364
4.0025
2.8430999999999997
3.2779
3.4876
4.2315
3.6045000000000003
3.1976999999999998
3.5321
3.7304999999999997
3.0688999999999997
3.4533
3.6172
3.7454
2.9227
3.7152000000000003
5.1279
5.3856
2.9608999999999996
3.66
3.5093
3.4968999999999997
3.5396
3.311
3.9332000000000003
3.5109999999999997
3.0178000000000003
3.2161
4.223
3.5795000000000003
2.8958
3.415
3.5011
3.9068
2.8871
3.3032
3.4906
3.6254
3.3440000000000003
3.2053
4.2033000000000005
3.577
3.5823
3.2471
3.7218
3.6122
2.915
3.5957
3.6754000000000002
3.6464000000000003
2.9256
3.2801
3.9438
3.6976
2.9578
3.281
4.2963000000000005
3.7133000000000003
3.4266
3.2731000000000003
3.5514
3.9306
3.3513
3.3133
3.5939
3.9774
3.0273000000000003
3.3115
3.5764
3.6809
3.4013
3.3598999999999997
3.5333
3.5568
2.9701
4.2417
3.6375
3.6074
2.9546
3.7091
3.7922
3.5764
2.9177
3.3167999999999997
4.2106
3.8097
2.9837000000000002
3.3019999999999996
3.8008
3.7256
3.032
3.3541
3.5344
4.3673
2.8907999999999996
3.3466
3.5829
3.8267
3.3223
3.2489
3.6015
3.6477
3.4202
3.246
3.6394
3.6380000000000003
3.2561
3.6637000000000004
3.6056
3.6825
2.9415
4.100300000000001
3.8435
3.8648
2.9261
3.3879
4.1194
3.6237
2.9894000000000003
3.2618
3.6521000000000003
4.075200000000001
3.0493
3.2795
3.6645
4.0888
4.1057999999999995
3.3371
3.6306
3.7799
3.3014
3.3358
3.6648
3.7007
3.4234
3.4346
3.6349
3.7761
3.0987
3.7903
3.6513
4.5017
2.9522
4.0193
3.6994
3.6067
2.9311
3.2986999999999997
4.2135
3.6212000000000004
2.9868
3.3086
4.2004
3.7001
3.075
3.3384
6.838
3.8909000000000002
3.1451000000000002
3.6225
4.1017
3.8324000000000003
3.0508
3.3812
3.7815000000000003
4.1144
3.0662
3.366
3.8239
3.8678
3.2647
3.3982
3.648
4.3664000000000005
3.4662
3.5197000000000003
3.625
3.6832000000000003
3.1189
3.9003
3.6343
3.7889999999999997
3.0458
3.8382
3.8505000000000003
3.6688
3.1336
3.4584
4.8293
3.9053999999999998
3.0593999999999997
3.4201
4.2527
3.6644
3.0351000000000004
3.5602
4.176799999999999
3.693
3.0212
3.359
3.6635999999999997
4.188899999999999
3.0772
3.3504
3.5942000000000003
4.6812
3.0499
3.972
3.6364
3.9760999999999997
3.3813
3.3438
3.5962
3.7580999999999998
3.4615
3.444
3.6419
3.6470000000000002
3.5103999999999997
3.858
3.6397999999999997
3.7832
3.5225999999999997
4.0692
3.8080000000000003
3.7296
3.2269
3.7281
3.9198000000000004
3.6662
3.0931
3.3903000000000003
4.0955
4.0504
3.2539000000000002
3.4595
4.7911
4.2421999999999995
3.1075
3.6985
4.305
3.7439
3.0456
3.5975
3.7142
4.1678
3.1034
3.6051
3.692
4.3483
3.1432
3.5069
3.9656
4.1314
3.2509
3.4050000000000002
3.9273
3.6471
3.5837999999999997
3.3227
3.9111
3.7071
3.2147
3.5829
3.7963
3.6337
3.0751
3.7734
3.5987
4.2595
2.9973
3.3956
4.0592
6.0647
4.539
3.8828
3.9724
3.7191
3.0573
3.5596
4.1202
3.6616
3.0588
3.3538
4.094
4.3332
3.0227
3.357
4.1426
3.8173
2.9528000000000003
3.4069
3.5591
4.0025
2.9402999999999997
3.3234
3.6648
3.6144
3.4781
3.2512000000000003
4.2277000000000005
3.6411
3.4323
3.2750000000000004
3.9718
3.5771
2.9407
3.7821000000000002
3.5929
3.8135
2.9444
3.6202
3.7453
3.7173000000000003
3.0504
3.2681
4.033
3.8054
3.6292
3.347
4.223
3.6368
3.0905
3.3501
3.67
4.1446
3.1519999999999997
3.4242
3.5937
3.9297000000000004
3.385
3.4326
3.9519
3.7419
3.4562
3.9654
3.657
3.6870000000000003
3.2707
3.6844
3.6778
3.7699000000000003
3.0454000000000003
3.8811
3.8095
3.7069
3.2034
3.7632
3.9305
3.8685
3.1061
3.4902
4.5776
3.7387
3.1378
3.4407
4.3
3.7984999999999998
3.2365
3.6426000000000003
3.9122999999999997
4.0472
3.1866
4.0762
3.7529
4.114
3.0117
3.5112
3.7213
4.185099999999999
3.1205
3.7017
3.7182
3.7278
3.4722
3.5547999999999997
3.7498
3.7658
3.5969
3.4432
4.2868
3.757
3.1022
3.8531
3.9365
3.7611
3.3199
3.9093
3.8644
3.7017
3.0572
3.5452
4.165699999999999
3.64
3.1055
3.4067
4.1895
4.3915999999999995
3.0458999999999996
3.3985
4.0882000000000005
3.8417999999999997
3.0267
3.3982
3.7407
4.2614
3.0473000000000003
3.3714
3.7180999999999997
4.2198
3.1375
3.3447
3.7687
3.6741
3.6071
3.3537
4.352
3.6942
3.4846
3.4053999999999998
3.8603
3.7547
3.1104000000000003
4.6835
4.913
4.6765
3.9689
3.3518
3.7992
3.6695
3.0547
3.7281
4.2925
3.6487
2.9773
3.7476
3.6782999999999997
3.7721
2.9486999999999997
3.3676
4.249499999999999
3.7515
3.0035000000000003
3.544
3.8151
3.7805999999999997
3.6807
3.3135
3.5871000000000004
3.9201
3.1365
3.3129
3.5561
3.8608000000000002
3.1275999999999997
3.5342
3.6755999999999998
3.6773000000000002
3.4895
3.4727
3.6646
3.6406
2.9816000000000003
3.8064
4.1262
3.6602
3.0052
3.7733
4.0752999999999995
3.6253
2.978
3.3192
4.12
3.584
3.5563000000000002
3.3074
4.3862
3.61
2.9789
3.2607999999999997
3.5717000000000003
4.5698
2.8936
3.2496
3.5425999999999997
4.307799999999999
2.9520000000000004
3.261
3.6384
3.6421
3.4423
3.3600000000000003
3.6502000000000003
3.6523
3.3936
3.5865
3.82
3.5685000000000002
3.4091
3.7836
3.5450999999999997
3.5964
2.8993
5.2275
3.7081000000000004
3.5634
3.3508999999999998
3.7531
4.0445
3.5545
2.8899
3.3613
4.0806000000000004
3.5986
2.9177
3.2785
3.5254000000000003
4.1937
2.8922000000000003
3.2329
3.8373
3.9864999999999995
3.0277
3.2131
3.9726
3.5855
3.3173999999999997
3.2136
3.512
4.085
2.9432
3.7837
3.5324000000000004
3.7535
2.9604000000000004
3.6454
3.5176000000000003
3.5302
3.0406
3.2016
4.0152
3.5261
3.0282999999999998
3.4363
3.7192000000000003
4.072
2.8951
3.8367
3.5484
4.0766
2.924
3.5502
3.8593
3.6137
3.5277
3.9636000000000005
5.3699
3.7948999999999997
3.3933
3.4402999999999997
3.5401
3.6107
3.2258999999999998
3.3283
4.1791
3.5862
2.9344
3.6932
3.6982
3.5795000000000003
2.9994
3.2845
4.0739
3.5488999999999997
2.9296
3.3048
4.0318000000000005
3.7964
2.9160000000000004
3.2954999999999997
3.8013
4.6251
2.8853
3.2625
3.6441999999999997
4.3727
3.0288
3.2686
3.709
3.5947
3.4838
3.225
3.5531
3.5739
2.9272
3.6517
3.5279000000000003
3.6944
2.8933999999999997
4.2226
3.5476
3.5918
2.9879
3.2234
4.0697
3.5589
2.8832
3.2013
4.5484
3.8453
2.8857000000000004
3.2491999999999996
3.6573
4.009600000000001
2.9194999999999998
3.2285999999999997
3.6020000000000003
4.162800000000001
3.4699
3.2302
3.6148000000000002
3.6342000000000003
3.0083
3.4811
3.527
3.5206
2.9591000000000003
3.6216
3.5205
3.5058
2.9736
3.2712000000000003
4.0062
3.5071999999999997
2.9334000000000002
3.8750999999999998
3.5086000000000004
4.1687
2.823
3.4632
3.5522
3.9563999999999995
2.8552999999999997
3.2393
4.019
3.5901
3.2572
3.1684
3.5686
3.5477
2.898
3.7493000000000003
3.6051
4.1651
2.8722000000000003
3.5762
3.6384
3.6378
2.8682
3.2328
4.0470999999999995
3.6056
3.0088
3.2677
3.5693
3.9382999999999995
3.2754
3.1852
3.5439
3.9932
2.902
3.7135
3.5288
3.5439
3.2714
3.4329
3.5582000000000003
3.5457
2.8518
3.5433
3.8134
3.5963000000000003
2.9505999999999997
3.2244
4.2067
3.6227
2.8649999999999998
3.2429
4.0084
4.0802
2.9012000000000002
3.3808000000000002
3.5625
4.1399
2.8815999999999997
3.4703
3.5806
3.9407
3.6888
3.4419
3.7137
3.7265
3.5682
3.2292
3.496
3.559
3.1911
3.8254
3.5265
3.5683999999999996
2.8723
3.8432000000000004
3.5536
3.5888999999999998
2.9632
3.3936
3.9536
3.593
2.879
3.2897
3.8655999999999997
3.8066
2.8989
3.4363
4.0959
4.074999999999999
2.8616
3.2835
3.5052
3.6879
3.4928
3.298
3.6672
3.9757000000000002
3.2933
3.2933
3.5103
3.5502
3.0209
3.7088
3.5193
3.5184
3.6204
3.2339
3.9845
3.5093
2.9413
3.4188
3.9702
3.5476
2.8561
4.234800000000001
3.6714
4.0537
2.9006000000000003
3.453
3.5219
4.0267
2.9118
3.2464999999999997
4.1037
3.5447
3.421
3.2624
3.9251
3.6278
3.0833000000000004
3.4009
3.5963000000000003
3.5365
2.8404
3.6672
3.5015
3.8062
2.8977
3.9025000000000003
4.0266
3.5414000000000003
2.9283
3.1972
4.5108
3.8555
2.9754
3.5968
3.6289
3.9868000000000006
2.8293
3.1995999999999998
3.5532
3.6594
3.1538
3.1802
3.4278
4.3243
3.3949000000000003
3.196
3.622
3.8516000000000004
2.8844
3.6117
3.6807
3.504
2.8992
3.2525000000000004
4.0375000000000005
3.5531
2.8879
3.1808
3.9189999999999996
4.3512
3.0122999999999998
3.2247
3.4948
3.9894
2.8771
3.2805
3.5131
3.5263
5.7627
4.2271
3.4682
4.0932
2.9311
3.2344
3.4518
3.6925
4.133900000000001
3.1799
3.6801
3.5698000000000003
3.0071999999999997
3.6835
3.6416999999999997
3.5473000000000003
2.8811
3.7374
3.8329000000000004
3.5376000000000003
2.8544
3.3975
3.9464
3.5092
2.8011
3.4126
3.4345
3.5783
2.7977000000000003
3.3742
2.9295
3.1294999999999997
3.3032999999999997
3.3796
2.8382
3.4153000000000002
2.8169
3.8318
2.8686
3.2721
3.0148
3.4891
3.2845999999999997
3.1672
2.839
4.0991
2.8323
3.5582000000000003
3.0224
3.4686
2.9504
3.205
3.2295000000000003
3.4045
2.8747
3.4405
2.8015000000000003
3.9306
2.7696
3.3216
2.8266
3.49
3.2959
3.1483000000000003
3.3828
3.5866000000000002
2.8501
3.5867
2.8758
4.101
2.9245
3.2899000000000003
3.3679
3.3886
2.9099
3.1986
2.9642
3.8592
2.8914
3.3302
3.0346
3.4499
3.2573
3.8213
2.9811
3.5585999999999998
2.8476
3.5996
3.1953
3.3861
2.8317
3.169
3.5005
3.7102
2.8083
3.1843000000000004
3.0482
3.9158999999999997
2.7732
3.146
3.0065999999999997
3.4096
3.8257
3.1767000000000003
2.9877
3.4827
2.7504999999999997
3.7281
2.8419
3.5884
2.7762
3.1471
4.1998
3.3400000000000003
2.8041
3.3375000000000004
3.2772
3.7816
2.7510999999999997
3.335
3.2129
4.6223
2.8321
3.1468
3.0415
3.4561
3.1497
3.3093
2.8756
3.4034999999999997
2.7579000000000002
3.4437
3.6936
3.4459
2.8266
3.7935
3.8697
3.6345
2.7926
3.3181
3.9557
3.8912999999999998
2.7555
3.1350000000000002
3.3533999999999997
3.4989
3.1386000000000003
3.1827
3.2243
3.7750000000000004
2.7819
3.5559
3.3422
3.4515000000000002
3.0217
3.3291000000000004
3.6697
3.5503
3.0422000000000002
3.5798
3.8076999999999996
3.5488999999999997
2.7659
3.2983000000000002
3.3086
4.4802
2.9515000000000002
3.5303
3.5501
4.1563
2.8855999999999997
3.1365999999999996
3.4637000000000002
3.499
3.039
3.2965999999999998
3.3557
4.0763
2.8024999999999998
3.6125
3.3133
3.5791
2.8764
3.1481
3.8094
3.4503
2.9574
3.1722
3.5534
3.8717
2.9144
3.2546
3.3697000000000004
3.6029
3.3018
3.8749000000000002
3.3592
3.5154
3.4475000000000002
3.2089000000000003
3.4318999999999997
3.6365
2.811
3.6188000000000002
3.6024
3.4413
2.836
3.2363
3.7688
3.7015
2.8208
3.2439999999999998
3.3653
4.7088
2.8958
3.1744
3.3658
3.9515000000000002
2.9754
3.2276000000000002
3.3986
4.245299999999999
3.5349
3.1797
3.3624
3.4996
2.9194
3.782
3.3336
3.5078
2.8592
4.0837
3.4504
3.5153
2.7918000000000003
3.1396
4.1913
3.5009
2.8804
3.1747
3.5836
3.9579999999999997
2.7887
3.2373
3.384
3.7214
3.1525
3.1721000000000004
3.3287999999999998
3.5612
4.417800000000001
3.248
3.4477
3.8598
3.1438
4.381600000000001
3.5955000000000004
3.4916
2.9229999999999996
3.4225000000000003
3.5312
3.5284999999999997
2.9014
3.3092
3.902
3.556
2.7856
3.6444
3.4567
3.9722000000000004
2.8339
3.2426
3.6721000000000004
3.7285
3.1387
3.1846
3.4868
3.6361000000000003
3.0736000000000003
3.3549
3.3634
3.6691
2.8151
3.6746
3.368
3.7242
3.2388999999999997
3.2455000000000003
3.8449999999999998
3.617
2.8893
3.2248
3.5211
3.8552
2.79
3.2112
3.3306999999999998
3.9902999999999995
2.9724999999999997
3.3099000000000003
3.3672
3.4930999999999996
3.0257
3.3425
4.002000000000001
3.7079
3.6118
5.010599999999999
4.5774
3.6805000000000003
3.0055
3.8027
2.8642
3.2363
2.7978
3.4625
3.2915
3.1991
2.8251999999999997
3.675
3.0337
3.5501
2.8478000000000003
3.3809
3.0743
3.2507
3.3016
3.4716
2.847
3.3603
2.8358
3.8971
2.8485
3.1691000000000003
3.0065
3.4810000000000003
3.3073
3.2351
2.8064
4.012
2.8026
3.7245
2.7991
3.4913000000000003
2.9987999999999997
3.2045
3.5569
3.4919000000000002
2.8202000000000003
3.1738
2.8028
3.9708
2.8043
3.2030000000000003
2.7989
3.471
3.8179
3.2560000000000002
2.8882
3.4949
3.4597
3.654
2.8609999999999998
3.4925
2.8566
3.3879
3.2853000000000003
3.5048000000000004
2.8541
3.2361
2.9518
3.8685
2.8543000000000003
3.2664
2.8360999999999996
4.2549
3.3566
3.2196
2.8352
3.5193999999999996
2.8291000000000004
3.6277000000000004
2.8958999999999997
3.4392
2.9556999999999998
3.242
3.2802000000000002
3.4483
2.8248
3.3731
2.8481
3.9217999999999997
2.8719
3.1525
3.5715999999999997
3.5043
3.2508
3.1387
2.7767999999999997
3.7615000000000003
2.8101
3.6795999999999998
2.7994
3.4717
2.8495999999999997
3.2015
3.5469
3.5122
2.834
3.175
2.8397
4.3599
2.8547
3.2152000000000003
2.7973
3.615
3.2639
3.1867
2.8678000000000003
3.5383
3.0512
3.5822
2.8341
3.4827
2.8104
3.3023000000000002
3.2502
3.5249
2.8462
3.139
3.5121
3.8362000000000003
2.8349
3.1936999999999998
2.7920000000000003
3.492
3.2285999999999997
3.4133
2.8287999999999998
3.414
2.9205
3.6022
3.0805
3.4493
2.85
3.2297
3.2605
3.9521
2.8192
3.4102
2.8356000000000003
3.9442
2.9305999999999996
3.2276000000000002
2.8026
3.4462
3.5971
3.5096
2.9014
3.6524
2.9196999999999997
3.5958
2.7927
3.7247
3.0387999999999997
3.202
3.2246
3.5701
2.9815
3.1532
2.826
3.8323
2.8064999999999998
3.3397
2.8202000000000003
3.4198000000000004
3.2441
3.1954000000000002
2.9084
3.4573
2.8659
3.6221
2.8238
4.077500000000001
2.8175000000000003
3.1744
3.2609000000000004
3.3935
2.8996
3.1542
2.8095
3.8088
2.7892
3.7245999999999997
2.8273
3.4263000000000003
3.1538999999999997
3.2463
2.9895
3.4080999999999997
2.7994
3.5624
3.4657
3.4301000000000004
2.799
3.2788
3.1887
3.5699
2.7899000000000003
3.1136
2.8159
3.7959
2.9425
3.1736
2.8089
3.4489
4.3326
3.1679999999999997
2.8262
3.4381
2.7835
3.9148000000000005
2.8092
3.3746
2.7680000000000002
3.1350000000000002
3.265
3.4131
2.787
3.4088
2.7906
3.9494
2.8186
3.2869
2.8070999999999997
3.5234
3.1132
3.4187000000000003
2.7680000000000002
3.4492
2.8379
4.2606
2.7905
3.3924
2.7701000000000002
3.2154000000000003
3.3717
3.5483
2.9697999999999998
3.6601
3.2216
3.9306
2.913
3.1161000000000003
2.7986
3.4665
3.2832
3.8516000000000004
2.818
3.6311
2.7885
3.6702000000000004
3.0058
3.5925000000000002
2.8230999999999997
3.2278
3.2837
3.6882
2.7973
3.2222
2.8192
4.0605
2.8664
3.1847999999999996
2.8583
3.4683
3.9553000000000003
3.1936999999999998
2.8078
3.4800999999999997
2.835
3.8
2.8341999999999996
3.4619
2.8426
3.1999
3.2439999999999998
3.5234
2.9568
3.201
3.0211
3.8971999999999998
2.7984
3.2016
2.7807
3.4677000000000002
4.0790999999999995
3.1830000000000003
2.8366
3.4290000000000003
2.98
3.6457
2.8377
3.5203
2.8538
3.3289999999999997
3.301
3.4652
2.8217
3.2322
2.9518
3.9383999999999997
2.9177
3.2219
2.8223
3.9702
3.2913
3.2655000000000003
2.8204
3.4881
2.8246
3.8874
2.8634
3.4452
3.1024999999999996
3.2264
3.2129
3.471
2.811
3.3219
2.7920000000000003
3.9474
2.8679
3.2174
3.6032
3.5082999999999998
3.2923
3.2068000000000003
2.8257
3.6
2.8114
3.6294
2.8487
3.5208
2.8569
3.2150999999999996
3.3079
3.4446
2.9505999999999997
3.1812
2.8051
3.9313000000000002
3.0288
4.0013000000000005
2.8341
3.5114
3.2293
3.2163
3.2513
3.4953
2.8573
3.5033999999999996
2.7758000000000003
3.4925
2.8102
3.166
3.2733
3.4148
2.8717
3.1963999999999997
2.8501
3.9034999999999997
2.7755
3.6523
2.8744
3.6102
3.1978000000000004
3.3197
2.843
3.5446
2.8766
3.5804
2.9359
3.523
2.7916999999999996
3.2161
3.2058999999999997
3.5544000000000002
2.8299000000000003
3.2873
2.8122
3.8600000000000003
3.5758
3.1368
2.8268
3.4026
3.2916999999999996
3.1304000000000003
2.8358
3.4568
2.8270999999999997
3.8632
2.8064
3.4044000000000003
2.828
3.2336
3.0325
3.7058
2.8392999999999997
3.1923
2.7973
4.1561
3.0579
3.4096
2.8481
3.4454
3.1405
3.3569
2.891
3.503
2.83
3.4814999999999996
3.0185
3.4211
2.8434
3.2001
3.2584
3.8287
2.8493
3.1418
2.8346999999999998
4.0606
3.0972
3.1957999999999998
2.7923
3.5744000000000002
2.8627000000000002
3.5504
2.8461
3.4505
2.9868
3.1982999999999997
3.3939
3.477
3.0583
3.2831
2.8312
3.8571
2.8371999999999997
3.1978000000000004
3.5622000000000003
3.5961000000000003
3.1917999999999997
3.1825
2.8542
3.5469999999999997
2.931
4.0546999999999995
2.9371
3.7641
2.8251999999999997
3.4272
2.9485
3.4351999999999996
2.9684999999999997
3.2137
2.9681
3.7056
2.8360999999999996
3.7697999999999996
2.7888
3.7984999999999998
2.9684
3.3571999999999997
2.863
3.669
3.0844
3.3769
2.9903
3.46
2.7941
3.7113
2.9452
3.6376
2.8672
3.3064999999999998
3.7065
3.4654
3.0124
3.226
3.0328
3.7779
2.8638
3.1546
2.8253000000000004
3.5473000000000003
3.0325
3.3262
2.8362000000000003
3.4269000000000003
2.9168000000000003
3.4323
3.0342
3.3971
2.7778
3.8733999999999997
3.2017
3.5219
2.8118000000000003
3.3283
2.8356000000000003
3.8063
2.9531
3.1803
3.0723000000000003
3.4472
4.0834
3.1387
2.8329
3.6022
2.8032999999999997
3.6755
2.7954
3.5757
3.3611
3.1428
3.1837
3.382
2.9511
3.1782999999999997
2.8127
3.9148000000000005
2.817
3.3119
2.8588
3.4492
3.4864
3.2199
3.0129
3.453
2.8799
3.6332999999999998
2.8032
4.028099999999999
2.819
3.2485999999999997
3.2108000000000003
3.5404999999999998
3.3055
3.4134
2.9128000000000003
4.4401
2.9036999999999997
3.1531
2.8059000000000003
3.463
3.4516999999999998
3.292
2.8455
3.4917
2.8286000000000002
3.6064000000000003
3.5281000000000002
3.6113
2.8211999999999997
3.1187
3.6341
3.5571
2.8275
3.3011999999999997
2.8032999999999997
4.1338
2.8414
3.2006
2.812
3.4787
3.3792
3.22
2.9985
3.5717000000000003
2.8306
3.7215
2.851
3.6245000000000003
2.8717
3.1700999999999997
3.3473
3.4329
3.5551
4.2096
3.6832000000000003
3.4418
2.9509
3.1626
2.8337000000000003
4.4117
2.9943
3.1594
2.855
3.6834
3.4181
3.1687
2.8685
3.4614
3.9164999999999996
5.0485
2.9537999999999998
3.5431999999999997
2.9657
3.6427
2.8655999999999997
3.4631000000000003
2.8438
3.7729999999999997
3.2573
3.4650000000000003
2.8939999999999997
3.1647
3.2287000000000003
3.9192000000000005
2.853
3.1517
2.8011
3.5609
3.2418
3.2175
3.0339
3.6105
2.8433
3.5463999999999998
2.8745
3.4939
2.988
3.1399000000000004
3.0523
3.671
2.8061000000000003
3.3776
2.848
3.7542999999999997
2.9457
3.1698
3.4461
3.5079
3.2605
3.1969
2.8383000000000003
3.5406
2.8706
3.4884999999999997
2.9882
3.4484
2.7906
3.1971
3.2319
3.7079
2.9398
3.5274
2.8154999999999997
4.6229000000000005
2.875
3.2281
2.8026
3.5608
3.3566999999999996
3.1763999999999997
2.856
3.4788
2.9637000000000002
3.5896
2.8395
3.5404999999999998
2.8129
3.2555
3.053
3.8156000000000003
2.7994
3.2028999999999996
2.926
3.9208000000000003
2.9677000000000002
3.1454
2.8325
5.216
3.2548
3.1112
2.7734
3.7908999999999997
2.8029
3.5972999999999997
2.7504999999999997
3.4537999999999998
3.4569
3.1905
3.3057
3.4549
2.8841
3.4876
2.8175000000000003
3.9076
2.7897
3.3268
2.8278000000000003
3.493
3.2368
3.1785
2.9621
3.5076
2.843
3.6624000000000003
2.8324000000000003
4.085100000000001
2.8960000000000004
3.1202
3.2527
3.442
3.1891
3.2244
3.182
3.8221000000000003
2.7776
3.2206
2.898
3.6892
3.2588
3.1843000000000004
2.8585
3.4361
3.5978
3.5844
2.8295999999999997
3.4875000000000003
2.8638
3.3617
3.2984
3.4852
2.8327
3.3409
2.8465000000000003
3.8662
2.8548
3.2123
2.9552
3.5067000000000004
3.3578
3.7713
2.8308999999999997
3.5441000000000003
2.8169
3.9703000000000004
2.8441
3.4838999999999998
2.8701999999999996
3.1963999999999997
3.7914
3.799
2.9813
3.2453
2.8822
3.8949000000000003
2.8977999999999997
4.0283999999999995
2.8162000000000003
3.7298999999999998
3.0609
3.1978000000000004
2.9426
3.4995
2.9846999999999997
3.5105
2.847
3.5406999999999997
2.8574
3.3438
3.2934
3.5618999999999996
2.9036
3.16
2.8922000000000003
4.1400999999999994
3.5467
3.1857
2.8686
3.9912
2.9082
3.3909000000000002
2.8502
3.5616
3.3007
3.3329
3.0554
3.5482
2.9914
3.7001999999999997
3.1441
3.5202
2.8719
3.2523999999999997
3.3067
4.2078999999999995
2.9051
3.2954999999999997
2.9307
3.9749
3.0377
3.2747
2.9039
3.5528
3.5279000000000003
3.433
2.8669
3.5645
2.8822
4.209499999999999
2.9232
3.4949999999999997
2.8681
3.6235
3.4711
3.5674
2.9326
3.2429
3.3638000000000003
3.4356999999999998
2.9419
3.2887
2.9257
4.0894
2.9426
3.2651
2.873
3.5076
3.4611
3.2077999999999998
2.8785999999999996
3.571
3.0152
4.0019
2.8574
3.7359
2.9762
3.5844
3.5578
3.7692
3.2392
3.332
3.1029999999999998
3.68
2.9042
3.231
3.1098
3.9873
2.8879
3.2788
2.9001
4.0355
3.4572000000000003
3.249
2.8807
3.7316
2.9377
3.6952000000000003
3.1565
3.7258999999999998
2.9183
3.2374
3.4088
3.5848999999999998
2.9068
3.5444999999999998
2.8992
4.6026
3.0286000000000004
3.2603
2.8662
3.5984
3.4207
3.2697
2.8960000000000004
3.5135
3.0841000000000003
3.6294999999999997
2.9984
3.533
2.8814
3.5911
3.0487
3.5361
2.9835000000000003
3.2748
3.8222
3.5269
2.9466
3.2885
2.9355
4.1662
2.9471
3.2294
2.9021
3.9826999999999995
3.3971999999999998
3.4916
2.9524
3.628
3.04
3.6053
3.61
3.6009
2.9868
3.3397
3.4501000000000004
3.6303
2.9334000000000002
3.3681
3.0934999999999997
4.271999999999999
2.9409
3.2901
2.933
4.0489999999999995
3.1886
3.3040000000000003
3.5724
3.5144
3.3040000000000003
3.2599
2.8867
3.6278
3.0803
3.6747
2.9175
3.5479000000000003
2.8855999999999997
3.2504999999999997
3.3245
3.5176000000000003
3.0328999999999997
3.1927000000000003
2.873
3.9423000000000004
2.8543000000000003
3.8885
2.8689
3.5365
3.3937
3.2282
3.0252999999999997
3.5095
2.8986
3.6969
2.891
3.6028000000000002
2.931
3.2870999999999997
3.3708
3.592
2.899
3.262
2.9399
4.0671
3.7326
3.2513
2.9855
3.7819
2.9335
3.3316
2.915
3.6262
3.2908999999999997
3.2678999999999996
2.9074999999999998
3.6127
3.0187999999999997
3.7212
2.8989
3.689
2.9099
3.5774
3.3287999999999998
3.5467
2.8244
3.384
2.832
3.9225
2.9621999999999997
3.1898999999999997
2.98
3.4521
3.3163
3.4637000000000002
2.8638
3.8762
2.8323
3.6351999999999998
2.8103
3.6037999999999997
3.0387999999999997
3.2444
3.3688
3.5606
2.9387
3.216
2.8481
4.0681
2.8686
3.2588999999999997
2.906
3.6009
3.2878
3.2
2.9233000000000002
3.5601000000000003
3.5649
4.3790000000000004
2.9208
3.5257
3.008
3.4562999999999997
3.1498
3.7978
2.9424
3.4209
3.1521000000000003
3.7115
2.9194999999999998
3.2314000000000003
2.9947
3.8526
2.907
3.1732
2.8718
4.0996
3.3938
3.2483
2.8495
3.4895
2.8291000000000004
3.6431
2.9012000000000002
3.4795999999999996
2.9758
3.1580000000000004
3.0518
3.6932
2.8800000000000003
3.4045
2.8297
3.9576000000000002
3.4694000000000003
3.5621
3.6645
3.4683
3.3508999999999998
3.2103
2.9049
3.4605
2.8070999999999997
3.6519
2.7896
3.4583
2.8384
3.235
3.5089
3.4705999999999997
2.9013
3.1722
2.8387
4.394699999999999
2.7889
3.2457
2.8095
3.6626
3.2781
3.284
2.9123
3.4621999999999997
2.8360999999999996
3.6098
2.7943
3.5596
3.0967
3.1767000000000003
3.3444
3.47
3.4751
3.1948
2.8153
3.8626
2.7887
3.2443
2.8318000000000003
3.4762999999999997
3.2754
3.2013
2.94
3.4474
2.9453
3.5916
2.8698
3.6175
2.8405
3.2079999999999997
3.2671
3.9769
2.8982
3.2246
2.8324000000000003
3.9334000000000002
3.9362
3.1519999999999997
2.969
3.6599
3.3368
3.1817
2.7903
3.5379
3.0549
3.4447
2.8351
3.4605
2.7843999999999998
3.3390999999999997
3.8041
3.4354
2.7985
3.1944
2.9543999999999997
3.7676
2.9083
3.2483999999999997
2.799
3.5987
3.0117
3.1838
2.8397
3.4657999999999998
2.8107
4.1309
3.0136999999999996
3.5537
3.2199
4.330299999999999
2.8023000000000002
3.4878
2.8814
3.1913
3.5622000000000003
3.5004
2.8326
3.1703
2.8163
4.1035
2.8379999999999996
3.2586999999999997
2.8633
3.7889999999999997
3.343
3.2087
2.8722000000000003
3.6119
3.4718999999999998
3.6456
2.8514
3.4261999999999997
2.8009
3.8293
3.2075
3.4987999999999997
2.8238
3.3266
2.8265000000000002
4.1777999999999995
2.8232
3.2751
3.1026000000000002
3.4891
3.3879
3.2311
2.8305000000000002
3.7459
2.9926000000000004
3.6971
2.8581000000000003
3.4667
3.0063999999999997
3.1830000000000003
3.2839
3.4421999999999997
2.8337000000000003
3.305
2.8442
3.9623000000000004
2.9334000000000002
3.2951
2.8238
3.4973
3.2732
3.2229
3.5524
4.8994
3.9002
3.4137
3.0924
3.4543999999999997
2.8723
3.7188
2.8268
3.7756
2.9388
3.2197
3.2924
3.4723
2.9978000000000002
3.1751
2.8583
3.8463
2.8802
3.7574
2.8662
3.5224
3.3217
3.3695
2.8688
3.4437
2.9515000000000002
3.5588
3.0358
3.4762
2.8665000000000003
3.2206
3.3136
3.7513
2.8497000000000003
3.23
2.8471
3.9417000000000004
3.4336
3.1714
2.8746
3.4959000000000002
3.6174000000000004
3.1844
2.8667
3.5078
2.8368
3.6654999999999998
2.8195
3.4227
2.8364000000000003
3.2198
3.4408
3.4748
2.8422
3.2213
2.8419
3.9936
2.9570999999999996
3.1963999999999997
2.8687
3.4665
3.3677
3.1433
3.0466
3.5518
2.8617
3.8462
2.8714
4.5177000000000005
2.8501
3.2294
3.2523
3.6816
2.96
3.175
2.8954
3.8249
2.9726000000000004
3.1679
2.854
3.4797000000000002
3.2899000000000003
3.3671
2.8324000000000003
3.4640999999999997
2.8708
3.6438
3.5766999999999998
3.4283
2.9315
3.1753
3.3032999999999997
3.6378
2.8776
3.2795
2.8436
3.9439999999999995
2.8419
3.225
2.8473
3.4827
3.4867
3.1576999999999997
2.8047
3.4737999999999998
2.8592999999999997
4.2411
2.8324000000000003
3.4447
2.8341
3.1884
3.2791
3.4359
2.8555
3.1805000000000003
2.8359
3.9842000000000004
2.7804
3.2559
2.8144
3.4584
3.4674
3.1944999999999997
2.8423
3.4857
2.9983
4.1374
2.8398999999999996
3.5144
2.8588
3.3173
3.245
3.4597
2.8567
3.137
2.9509
3.9225
2.9102
3.1566
2.8254
3.6923
3.3024
3.2171000000000003
2.7707
3.454
3.0981
3.6082
3.1864
3.6763999999999997
3.0225
3.2889999999999997
3.2723999999999998
3.4722
2.904
3.5668
3.0525
3.8687
2.8208
3.2523999999999997
2.9537
3.4882
3.2298
3.163
2.8259000000000003
4.1363
2.8526
3.5897
2.8295999999999997
3.4869
2.9429
3.173
3.4788
3.4343
2.8726
3.1867
2.8704
3.9476
2.7985
3.2455000000000003
2.8484000000000003
3.4833
3.8084
3.1584999999999996
2.8736
3.4396
3.0321
3.782
2.8321
3.5526
2.8641
3.4278
3.3145000000000002
3.4318
2.8661
3.2194
3.0311
4.606
2.8548
3.17
2.8211999999999997
4.1526000000000005
3.4295
3.2366
2.8233
3.7992
2.931
3.5839000000000003
3.5011
3.5296
2.8327999999999998
3.8216
2.8638
3.4434
3.1199
3.1952
3.2696
3.6955
2.911
3.8127999999999997
2.8571999999999997
3.8598999999999997
2.8922000000000003
3.1484
2.9878
3.4694000000000003
3.3267
3.1365999999999996
2.8662
3.5791
2.8641
3.6509
2.8597
3.5679000000000003
2.908
3.2386
3.3056
3.4616
3.6069999999999998
3.1509
2.7883
3.9591000000000003
2.7710999999999997
3.2874
2.8404
3.5203
3.785
3.4005
2.835
3.4160000000000004
2.9158999999999997
3.76
2.9131
3.4198000000000004
2.8154
3.8256
3.3198
3.5612
2.8445
3.1905
2.9364999999999997
4.0034
2.8377
3.1281
2.8512
3.4299
3.3088
3.1905
2.803
3.5894
2.7880000000000003
3.4951000000000003
2.8368
3.47
3.4643
3.1515
3.3414
3.5593
3.0429
3.2007
2.7458
3.9690999999999996
2.8914
3.1413
2.7807
3.4402
3.3598999999999997
3.16
2.8208
3.4231000000000003
2.8037
4.0861
2.8327999999999998
3.4676
2.7945
3.1916
3.3141
3.3977
2.933
3.1667
2.8096
4.061999999999999
2.8099000000000003
3.1936999999999998
2.7829
3.4237
3.4865
3.1502000000000003
2.814
3.5842
2.7933
4.076
2.8038999999999996
3.4461
2.8758999999999997
3.2651
2.991
3.5303999999999998
2.812
3.1256999999999997
2.9245
3.593
2.9415999999999998
3.163
2.7929
3.4991000000000003
2.8417
3.512
2.7925
3.3991
3.4807
3.1142000000000003
3.1902
3.392
2.8102
3.4014
2.8224
3.8314
2.7937000000000003
3.1266000000000003
2.8541
3.4855
3.2435
3.1254999999999997
2.8043
3.4855
2.8482
3.5418
2.7774
3.4225000000000003
3.4914
3.1549
3.2056
3.4055999999999997
2.7622
3.2017
2.7764
3.8931999999999998
2.7683999999999997
3.1372
2.8153
3.4356999999999998
3.0758
3.2839
2.73
3.4926
2.7813
3.3771999999999998
2.9316
4.218999999999999
2.8169
3.1442
3.2477
3.7203000000000004
2.9108
3.1740000000000004
2.8028
3.8718
2.9234999999999998
3.2758000000000003
2.7937000000000003
3.4627
2.943
3.455
2.9196
3.3981
2.8161
3.1555
3.2054
4.0444
2.7691999999999997
3.1488
2.7523
3.8718
2.8962
3.1382
2.8337000000000003
3.4183
3.3726
3.1203
2.7620999999999998
3.4359
2.8167999999999997
4.0268999999999995
2.8442
3.4378
2.8093
3.1622
3.8524000000000003
3.419
2.8763
3.1521000000000003
2.7725
3.9278999999999997
2.7716
3.1412
2.7946999999999997
3.4098
3.3047
3.1382
2.774
3.4505999999999997
2.8121
3.6281
2.7877
3.3735000000000004
2.8682999999999996
3.1323000000000003
3.9202999999999997
3.4198000000000004
2.8108999999999997
3.1412
2.7804
3.9927
2.9972000000000003
3.112
2.751
3.6254
2.9664
3.2869
2.7958000000000003
3.3939
2.9465
3.2443
3.2263
3.9819
2.8005
3.1579
2.8053000000000003
3.7163
3.5098
3.274
2.9334000000000002
3.6521000000000003
3.0733
3.1268
2.7851999999999997
3.4414
3.0006
3.6755999999999998
2.8311
3.487
2.8243
3.3103
3.7241
3.6403999999999996
2.8379
3.1766
2.9239
3.9652000000000003
2.7939000000000003
3.1832000000000003
2.8104
3.5682
3.1969
3.1351999999999998
2.8742
3.4755
2.7826999999999997
3.5722
2.7737
3.4667
3.5758
3.2702999999999998
3.1321
3.4746
2.9391
3.1510000000000002
2.8119
3.9101
2.8806000000000003
3.2493000000000003
2.7655000000000003
3.4798
3.3213
3.1116
3.169
3.4163
2.8244
3.6082
2.8053000000000003
4.2418000000000005
2.8295
3.1721000000000004
3.265
3.4515000000000002
2.9315
3.1336
2.8491
3.8859
2.8436999999999997
3.8276999999999997
2.8171
3.7903
2.9949999999999997
3.1844
2.7902
3.4532
2.989
3.2811
3.4772000000000003
3.4768
2.9036999999999997
3.4053
2.9218
3.4708
3.0063
3.2701000000000002
2.9562
3.8310000000000004
2.8049
3.2144
2.8211999999999997
3.6743
3.2028999999999996
3.1957999999999998
2.8204
3.4912
2.9953
4.163
2.8209
3.4205
2.7699000000000003
3.3013
3.5665
3.4556
3.0807
3.4778000000000002
3.3883
3.4183999999999997
2.7626999999999997
3.1489000000000003
2.7746
4.050599999999999
2.9632
3.1534000000000004
2.7832
3.7926
3.8757
3.1475
2.7707
3.5161
2.7644
3.7035
2.7881
3.4945000000000004
2.7876
3.1859
3.3465000000000003
3.6643
2.9224
3.1411
2.7933
3.7813999999999997
2.9394
3.1502000000000003
2.8112
3.391
3.5256
3.3638000000000003
2.7937000000000003
3.4461
2.8386
3.5784
3.1075
3.5519000000000003
2.8776
3.1182
2.9549
3.8054
2.7759
3.2153
2.7574
3.3907
3.5744000000000002
3.6172
2.8008
3.3756
2.7713
3.8185
2.7548
3.4177
2.8177
3.1176
4.1092
4.3811
2.9229
3.1564
2.9681
3.6432
2.7742999999999998
3.0940999999999996
2.7763
3.5086000000000004
3.3809
3.1118
2.8082
3.577
3.0359
3.6556
2.7931000000000004
3.472
2.8075
3.2979
3.0312
3.3808000000000002
2.8359
3.2377000000000002
3.0076
3.8069
2.7723
3.146
2.7975
4.164700000000001
3.2837
3.1666
2.7680000000000002
3.1238
2.8377
3.4316
2.8124000000000002
3.0953999999999997
2.7430000000000003
3.2502999999999997
3.231
3.0619
2.7895
3.1337
2.9362
3.286
3.1908000000000003
3.1140999999999996
2.7647
3.7619
2.8497000000000003
3.4709
2.7416
3.0738
2.8429
3.0691
3.1808
3.1243
2.7735
3.2329
2.7369
3.7117
2.7908999999999997
3.0648
3.0431999999999997
3.0837999999999997
2.8899
3.3871
2.7989
3.6837
2.7797
3.1486
3.1727000000000003
3.0835
2.9274
3.0635
2.7353
3.6219
2.7262
3.4398
2.7897
3.0736000000000003
3.2704
3.076
2.8773
3.1029999999999998
2.7265
4.408600000000001
2.7858
3.186
2.7368
3.1005
3.0431999999999997
3.7902
3.3057
3.4308
2.9466
3.404
3.3289
3.3854
2.7763
3.2699000000000003
3.9994999999999994
3.4938000000000002
2.7089000000000003
3.1326
3.9677000000000002
3.8552999999999997
2.6992000000000003
3.4631000000000003
3.4618
3.4562999999999997
3.1883
3.0784
3.2961
3.5212
2.7222
3.548
3.2874
3.4346
2.8411
3.1384999999999996
3.7992
3.3878
2.7438
3.876
3.3611999999999997
3.801
2.7268000000000003
3.2527
3.3905
3.6409
2.9344
3.1197
3.4805
3.5583
2.9294
3.3291000000000004
3.6069
3.7656
2.7845999999999997
3.6458
3.4169
4.0938
2.7742999999999998
3.2706
4.468
3.7119
2.7668
3.0836
3.5042
3.8103
3.0162
3.1357999999999997
3.4183
3.6591
2.8776
3.4024
3.2911
3.451
2.9752
3.3547
3.8697
3.4053999999999998
2.7222
3.4893
3.3954
3.4091
2.7575
3.3892
3.7347
3.5553999999999997
2.6979
3.1963999999999997
3.3178
3.9482
2.7198
3.1860999999999997
3.4829000000000003
3.4389
3.8286000000000002
3.1136
3.4608999999999996
3.3758999999999997
2.7456
3.6611000000000002
3.2697999999999996
3.4865
2.8639
3.1126
3.8489
3.4532
2.7875
3.1307
3.621
3.7168
2.7114000000000003
3.1407000000000003
3.2675
4.631900000000001
2.7536
3.1407000000000003
3.3165
3.4261
3.3454
3.1024
3.3458
4.0812
2.8617
3.7327
3.2866000000000004
3.3563
2.7098999999999998
3.1662
3.9486
3.5118
2.7304
3.2026
4.1098
3.6112
2.8468999999999998
3.1457
3.3991
3.7839
2.7666
3.1606
3.2892
3.695
3.1175
3.1584999999999996
3.2791
3.49
2.7294
3.5199
3.3047
3.3712999999999997
3.6243999999999996
3.1024999999999996
3.7564
3.4998
2.7314000000000003
3.3038
3.3547
4.1648
3.1153
3.2258
3.2805999999999997
3.5703
3.2502
3.0872
3.5456
3.6018
2.991
3.3745
3.2577000000000003
4.0600000000000005
2.729
3.4174
3.5158
3.5235000000000003
2.7123
3.105
3.8390999999999997
3.4959000000000002
2.8574
3.1077000000000004
3.3366
3.8877
2.868
3.3072000000000004
4.075699999999999
5.3886
2.8101
3.3722000000000003
3.4534000000000002
3.4596
3.1927000000000003
3.1969
3.2929
3.4827
2.8454
3.6355
3.3137000000000003
3.5476
2.8014
3.2745
3.8497000000000003
3.6359
2.7907
3.8661
3.3023000000000002
3.9376
2.7723
3.1143
3.4409
3.5654
3.0837999999999997
3.1143
3.456
3.4440999999999997
2.9349
3.3836
3.29
3.5269
2.7788
3.6736
3.4543999999999997
3.4448
3.46
3.1345
3.7851999999999997
3.4527
2.8952
3.1559
3.266
3.9089
2.8023000000000002
3.392
3.424
3.5109
3.2335
3.1015
3.6713
3.4655
2.7619
3.5324000000000004
3.7294
3.5376000000000003
2.7464
3.1834
3.8545
3.4361
2.8074
3.2239
3.471
3.7361
2.766
3.1278
3.4314
4.4424
2.8757
3.1629
3.3359
3.464
3.2033
3.7931000000000004
3.2941
3.7716
2.8024999999999998
3.5962
3.3392
3.4596
2.7149
3.1147
4.0358
3.5439
2.7506000000000004
3.1486
3.3639
4.2985999999999995
2.7169999999999996
3.1068
3.3046
3.7935999999999996
3.0126
3.0793
3.3519
3.4417
3.0655
3.3905
3.3153
3.5006
2.7672
4.0353
3.3397
3.5444999999999998
2.7583
3.3919
3.9097999999999997
3.4417
2.8648
3.1078
4.2305
3.8430999999999997
2.8352999999999997
3.1525
3.3022
3.4764
3.1667
3.2851
3.3899999999999997
3.4589
2.7428
3.4145
3.5013
3.4899
2.8545
3.0896
3.9436999999999998
3.9084999999999996
2.7851999999999997
3.1624000000000003
3.6614
3.4724
2.9788
3.1054
3.3739999999999997
4.107
2.8227
3.1387
3.3554
3.4434
3.3916
3.1583
3.3475
3.5259
2.7374
4.3242
3.4206000000000003
3.4822
2.7243
3.0795000000000003
3.9252999999999996
3.4346
2.7908
3.1308
3.3462
3.9302
2.8259000000000003
3.1014
3.3352999999999997
3.6454999999999997
3.0151000000000003
3.1079
3.3400000000000003
3.499
6.3011
3.2146000000000003
3.4657
3.5938
3.0103
3.2216
3.2967
3.4561
2.8276999999999997
3.3765
3.4299999999999997
3.5093
2.7641
3.4328000000000003
3.6562
3.4794
2.764
3.1212
4.1431000000000004
3.8687
2.709
3.0839000000000003
3.2519
3.5334
3.2765
3.153
3.3507
3.4204
2.76
3.5562
3.6875
3.4561
4.0442
5.8839
3.6717
3.458
2.7156
3.1268
4.077800000000001
3.3749000000000002
2.8127999999999997
3.095
3.3729
3.9239
2.7590000000000003
3.0907999999999998
3.3074
3.7192000000000003
3.1776999999999997
3.0864
3.347
3.4363
2.9554
3.8005
3.2748999999999997
3.4616
2.784
3.4960999999999998
3.3175000000000003
3.5983
2.7777000000000003
3.6318
4.0667
3.4063000000000003
2.7439999999999998
3.1292
3.3082
3.852
2.7171000000000003
3.1292999999999997
3.436
4.2236
3.0512
3.1468999999999996
3.42
3.4467
2.9383
3.4363
3.2950000000000004
3.4257
2.7428
3.6094
3.4756
3.4215999999999998
2.7423
3.2152000000000003
3.5577
3.539
2.8064
3.4619
