6.95176e-310
6.95176e-310
569.876
555.7
534.206
497.685
497.591
470.37
456.907
460.224
435.027
452.23
415.739
421.609
405.105
403.843
407.859
395.676
365.915
368.341
350.74
363.861
354.239
338.316
345.013
341.353
330.52
336.202
327.856
320.642
318.797
323.551
311.128
308.746
312.546
300.034
295.724
306.83
289.978
288.505
287.498
297.367
281.176
278.822
275.864
279.909
268.839
266.228
270.147
259.28
259.094
254.171
258.947
248.65
249.657
251.084
256.355
249.773
244.384
243.002
236.749
246.978
230.523
230.536
226.965
231.144
225.874
224.162
228.114
218.746
228.886
218.336
220.502
216.307
221.189
212.987
211.853
210.15
208.562
214.467
207.708
205.661
206.829
205.952
208.206
205.824
199.158
202.346
201.037
202.98
200.486
195.514
197.432
195.262
195.119
201.891
192.865
191.035
189.24
193.308
197.177
190.945
191.44
188.369
189.298
190.559
185.781
182.465
175.632
175.609
170.724
179.944
168.605
171.325
166.605
170.267
169.553
177.848
168.425
170.973
166.713
166.897
168.467
169.47
174.182
170.193
166.221
163.782
160.667
165.635
170.909
159.042
160.015
159.188
159.691
160.175
167.533
158.338
162.165
158.105
158.608
158.332
158.008
166.154
157.44
157.106
157.294
157.664
157.347
162.479
158.041
154.387
155.25
154.449
152.783
156.476
162.005
155.525
149.998
152.256
149.513
149.463
149.925
158.754
148.192
150.995
151.224
153.03
151.367
159.078
146.496
147.109
144.795
145.078
143.505
144.01
149.103
150.491
143.247
142.582
149.082
141.979
142.894
141.901
150.494
140.199
141.715
141.856
140.897
139.575
145.857
150.221
138.742
141.957
139.973
139.916
138.138
137.942
144.503
140.506
138.305
141.219
138.873
138.577
137.571
143.022
141.541
137.934
139.158
136.272
138.744
136.162
136.765
143.846
135.999
135.064
134.006
131.968
132.906
131.601
132.789
137.592
131.067
128.328
128.093
127.836
129.104
129.05
126.704
134.958
128.931
124.99
126.5
125.739
126.433
124.695
124.33
130.144
121.285
123.586
120.025
119.303
118.927
119.339
117.931
121.779
121.172
116.969
116.497
113.956
115.424
114.736
118.494
113.935
120.231
112.045
111.915
113.391
111.441
111.324
111.648
113.133
112.512
112.202
119.975
112.787
113.983
111.854
112.334
111.051
114.562
111.123
109.952
118.864
108.728
112.769
109.026
109.707
109.868
109.038
111.417
110.83
118.873
108.489
110.056
110.092
110.108
108.357
112.159
109.213
109.107
114.095
112.448
109.035
111.086
113.175
108.132
108.135
108.265
109.938
107.415
118.417
108.349
108.529
109.945
108.664
108.755
109.589
108.26
108.983
116.394
110.399
111.422
112.162
110.87
110.631
109.044
109.196
109.262
111.583
119.428
111.358
110.906
111.175
110.427
111.228
108.337
108.906
110.714
118.648
110.515
109.007
108.961
108.773
108.839
107.43
107.787
112.41
119.568
108.242
107.38
106.574
107.068
111.216
109.299
110.136
109.118
110.347
114.732
102.875
103.813
103.349
105.055
103.385
102.768
102.649
103.939
102.865
111.706
101.702
102.383
101.975
105.166
102.648
102.032
100.844
101.263
100.542
109.964
99.8405
101.159
100.492
100.554
100.76
102.012
99.7941
99.8093
100.776
110.302
100.438
99.6828
99.6809
100.926
99.2141
99.3124
98.9975
100.124
99.0338
108.799
100.059
98.5183
99.6663
99.3067
98.5271
101.245
101.764
100.956
98.2662
97.6786
106.811
97.6973
97.2631
99.0503
98.6153
97.4066
98.0422
97.0787
95.2844
95.9464
105.474
96.9926
95.1993
96.8818
97.8315
99.2391
101.463
101.081
99.723
99.8285
105.413
100.631
98.8947
98.218
96.3748
96.6278
95.1593
98.4892
98.5361
97.7307
99.3754
106.68
98.224
97.864
97.984
99.1428
97.215
98.9524
98.8124
97.841
97.8517
103.632
101.649
102.281
94.707
95.3524
95.8836
95.272
95.3097
95.6961
94.5829
94.7332
102.346
94.1717
95.0152
95.0391
95.7576
94.8462
94.496
93.6671
92.6716
93.6248
91.6328
101.751
91.665
93.6194
89.9673
89.8094
88.8622
89.6733
87.3063
88.4071
88.7577
87.591
95.3683
88.851
87.1216
88.3012
88.1483
87.0267
88.1448
86.4278
87.4956
87.7943
86.0461
88.9704
95.9287
91.335
87.7241
90.0195
86.399
87.3291
87.3108
86.3164
86.3551
88.6384
86.3339
85.0873
94.4829
88.5209
88.7805
89.4727
88.7152
87.9823
88.6168
89.918
89.0908
88.8931
87.4427
97.0973
87.0581
83.9651
84.0627
84.2704
83.9508
82.517
82.5422
82.3119
83.4364
84.1673
83.0832
82.7489
90.5283
82.7574
82.9261
82.4575
85.3245
83.5317
83.3461
83.7154
85.2127
84.1136
85.4229
83.812
96.0954
83.4885
83.9186
83.578
80.3436
79.5089
78.7901
79.9704
78.0842
80.3702
81.6236
82.7244
91.1087
80.0557
77.8195
80.095
78.1731
79.9489
79.9223
76.767
77.8408
77.17
77.4116
77.2005
77.8852
82.9184
81.291
76.5297
75.7665
76.4283
74.6555
77.7476
75.6331
76.3774
75.3981
75.8871
76.2908
75.7388
77.0342
84.4965
75.6334
76.5234
76.0095
75.167
74.8232
76.1316
75.7641
73.8424
74.0128
74.0978
73.5278
75.9837
78.032
78.7091
73.7559
73.5849
73.6799
73.389
74.6985
75.9451
74.7654
74.1295
74.1488
75.4396
74.3194
74.4828
82.3984
75.2505
74.5813
74.7569
75.2796
73.9771
76.3075
79.9214
90.3369
103.472
100.379
102.787
88.6127
82.4127
76.5532
74.7219
75.0561
79.3599
80.3735
80.5701
79.9525
79.1352
79.022
79.3963
79.3741
73.9023
80.0172
73.5191
72.2912
74.6458
76.3905
76.7943
71.3059
73.4515
75.9872
77.5204
77.9411
77.4068
75.5123
82.6919
71.9586
78.495
76.6238
74.2351
72.1046
72.686
76.5538
76.5441
77.3234
79.0476
78.1949
77.9768
77.6673
84.2301
75.1201
74.4961
78.6397
77.6747
71.9508
71.3996
71.131
75.7306
76.384
77.9544
73.1214
71.7062
76.9929
80.4862
77.0974
76.1509
71.606
72.3097
79.4519
78.4802
77.7617
74.397
76.7522
71.4432
74.0154
75.6108
83.6858
74.2698
76.5293
72.6452
74.886
73.8268
72.2505
74.8932
84.7446
88.0687
81.7672
79.1827
74.6307
78.36
77.9283
74.9552
76.4149
75.4027
74.8806
75.5092
70.9508
70.5128
74.6415
74.2479
76.4257
75.9614
73.2283
78.8842
73.4679
78.367
77.4069
73.9466
73.0342
76.4758
91.7188
92.0155
74.662
76.6998
77.7803
75.949
77.3945
77.8981
70.1899
70.876
69.9864
70.0974
74.9337
75.548
70.0055
72.4834
74.0859
77.9226
77.3886
76.1108
81.1644
73.1209
75.1658
68.6728
123.925
104.367
84.9714
77.0094
78.0142
76.224
77.8297
75.5209
74.8238
82.0044
71.1725
75.1418
71.1909
69.3494
67.9107
70.5475
72.8363
74.3179
73.7919
72.26
74.0066
72.6849
71.5878
80.0044
71.0775
66.9618
69.3465
70.8752
70.927
67.4153
71.3945
88.9595
74.6483
77.7986
65.788
65.7322
76.389
81.7031
74.1614
83.4694
68.8578
66.204
67.5788
77.4619
75.8264
68.5338
62.1957
69.0419
66.1633
65.8657
62.7461
61.5333
69.2856
63.7132
62.7696
62.8243
62.9013
70.1923
69.918
66.9237
62.8612
69.805
67.0198
64.3906
62.959
63.4014
62.8844
61.425
69.0223
66.9488
75.4666
67.8301
66.9561
69.2395
68.9739
70.3001
71.6082
70.2333
76.3027
65.6845
67.3456
62.1461
64.5405
90.8846
97.972
75.1835
66.2269
66.1276
66.5304
64.8986
65.2929
60.74
62.1008
60.4775
60.6151
61.095
60.8614
62.1207
63.1201
69.779
61.6675
61.006
60.4247
60.9655
61.3054
62.26
61.6582
62.1578
62.8292
62.6047
62.9517
63.9994
61.7142
62.714
62.9835
71.1109
64.4534
61.9224
61.8009
61.7022
63.8042
62.2454
62.6751
62.0963
63.6291
61.811
61.9748
60.8956
61.5526
61.535
61.6169
62.0501
70.7626
62.9279
62.5772
62.2552
62.2547
62.4152
62.581
62.7715
63.6533
63.9459
63.6114
62.9117
63.0377
62.8242
63.1951
62.9
73.3047
66.1093
65.4617
65.4135
68.5758
65.441
65.5387
64.6887
63.5388
64.2631
63.3041
63.1795
62.5103
63.5549
63.0041
63.0828
72.6305
62.3375
63.3408
63.4657
62.6598
63.0082
62.229
62.8829
62.154
61.9217
62.417
62.5795
62.4578
62.5859
62.2973
62.2484
70.2625
67.3894
64.073
66.1
64.6676
64.5131
64.4156
63.8894
64.4719
63.8594
63.5414
62.6228
61.1929
60.7638
61.5757
61.1249
61.6654
69.2257
61.5012
62.5136
61.6584
61.8588
61.9676
61.7784
61.4471
62.3663
61.2166
61.6841
62.4204
61.1107
60.732
60.4391
60.4886
63.6895
65.5144
60.0456
62.298
59.4109
59.8968
59.0394
59.1169
58.4177
59.6469
60.6636
60.1294
61.9204
59.4669
58.6209
59.8638
59.3996
59.2129
66.3794
59.2191
59.083
59.7114
58.8304
57.9163
58.1994
58.2651
58.4698
58.8962
57.7034
58.8134
58.7726
57.9042
57.596
57.7184
57.4738
63.2338
58.137
58.3822
59.1385
60.9017
59.3876
60.4568
59.994
59.4992
58.3441
57.1618
57.1624
56.7505
57.9195
56.0156
56.5792
56.7537
56.0488
65.0193
55.7856
56.2818
56.2921
56.1497
56.5659
55.8467
55.781
55.9183
55.8631
55.9115
54.9015
55.6702
56.449
57.0101
56.8832
57.4505
57.7535
60.7321
61.4492
57.1929
57.9194
58.6687
60.1953
57.8324
59.0098
58.3532
58.6606
57.9451
59.131
57.2647
58.2571
58.6362
57.8401
57.5832
57.1411
65.355
57.5621
58.366
57.4728
58.7426
56.7036
55.718
55.9242
55.3267
56.519
56.2805
56.7702
56.038
55.9463
55.7087
57.2277
56.6743
57.6871
63.9588
56.6133
56.0884
56.1612
56.0581
56.3425
55.9879
55.8623
54.6531
55.5823
55.7154
55.2198
56.1508
55.7664
55.3903
56.2415
55.5508
54.7299
56.554
59.0823
54.6846
55.039
54.687
55.049
55.1788
56.8543
52.8311
54.0724
52.7841
53.3018
52.1412
52.4083
51.2599
53.8247
53.7962
54.2511
55.0368
53.8184
60.0248
53.165
53.9096
53.9759
54.0824
54.8399
55.3212
54.7309
53.6714
53.8967
53.662
53.9138
54.0577
54.3627
54.1116
55.5961
55.6774
54.4521
55.5669
60.8556
54.0239
54.4523
53.6953
55.0975
54.6796
53.9749
54.0091
52.9796
53.0697
52.9519
53.2562
54.021
53.6798
53.982
54.0679
55.1247
56.394
54.7956
60.6058
55.1443
55.1688
54.9098
54.9373
54.2323
54.3753
54.9243
54.6023
54.3261
54.2109
54.5773
54.7598
55.3323
55.0978
55.4366
60.1347
55.213
56.437
59.0423
53.8111
54.0747
52.9373
52.5386
52.7352
52.7984
52.6521
53.7481
53.3711
53.9392
54.2953
54.1055
53.9563
55.0613
53.3929
53.2736
54.2006
53.413
59.889
52.6869
54.1752
53.3424
52.877
53.0789
52.8091
53.1752
55.4689
52.9437
52.3354
52.4294
53.4187
52.0473
53.0148
52.7075
52.658
52.4513
54.4012
61.1027
53.6292
54.0132
53.928
54.2823
54.6183
54.4864
54.5434
54.6287
55.9113
54.5156
54.6563
52.9016
53.7888
54.9889
54.3486
52.8529
53.2016
53.0574
60.3153
53.1937
53.7845
53.3731
53.7171
53.5189
52.036
52.14
51.7968
52.4139
52.19
53.2839
52.3645
52.2162
51.4279
51.2838
50.2195
49.999
50.4283
50.9153
59.3803
51.5997
50.7899
51.5284
51.2143
51.2775
51.0684
50.3654
50.461
51.0327
51.2963
50.6295
51.0308
53.0414
51.0459
50.3161
51.2692
50.5395
49.9263
50.0003
58.846
50.385
50.2773
50.2361
49.8806
49.8629
49.9825
50.3082
49.5836
50.2586
51.0271
51.3411
50.7413
52.2971
52.6192
51.2442
51.7298
51.0433
50.2001
51.0047
52.4884
57.0555
50.7619
50.3785
49.7099
49.9385
50.1752
50.3111
49.5542
50.1865
50.5981
50.3524
50.4193
51.5752
49.9513
49.5099
48.9806
48.5409
48.6519
48.6177
49.2636
56.6945
50.6287
49.9957
48.1839
48.3851
48.6392
47.8298
48.5201
48.2714
48.6888
47.2919
48.085
48.9464
48.3675
48.5165
49.1921
48.7949
49.0931
48.2736
48.6286
48.6822
52.7705
53.798
50.526
50.4438
50.1449
49.9554
50.5736
50.0958
50.4233
50.0677
50.2397
52.9925
51.1348
50.7805
50.8996
50.6556
49.9572
50.2896
50.1973
50.5518
49.7219
56.8803
49.5378
50.4542
49.4078
49.574
49.2012
49.4252
49.2826
48.8769
49.4253
49.7272
50.1707
50.279
49.4194
48.7754
49.3859
49.1724
48.8946
47.9996
49.5109
48.6665
56.3231
48.74
50.2866
48.3344
47.7478
47.0198
47.7419
46.8086
47.3703
46.5099
50.2469
48.1778
48.9076
49.6415
48.3343
47.9116
48.572
47.1052
47.4122
47.0357
46.9597
54.085
45.6415
44.8612
46.1119
45.3327
45.4421
45.9675
45.6994
45.8564
45.2735
46.7971
45.4381
44.9924
45.4767
45.4322
46.3183
45.8457
45.9574
44.3696
44.5263
44.7279
44.577
45.4705
54.2833
46.7802
45.7296
46.8087
46.6902
47.8394
46.7493
47.0631
45.9146
49.8816
45.5695
46.0846
45.9882
45.3212
46.8897
47.3993
46.6045
46.1044
46.2773
46.4293
45.7644
46.5384
54.2895
46.3637
45.0685
46.4804
47.4914
47.8094
46.3092
46.4202
46.8763
46.3198
46.1086
45.6163
46.0251
45.2022
45.8705
46.7331
44.7893
44.112
44.4556
43.8156
43.6672
43.9751
43.8765
51.6615
43.9129
43.916
44.0449
43.8942
43.6015
43.3582
45.9124
44.2263
45.2524
44.548
45.3764
45.4338
44.7652
44.4206
43.8149
44.9728
45.7238
44.5441
45.1201
44.8738
44.6392
45.0555
53.2645
44.4006
43.809
43.8787
44.4621
44.1823
44.2516
44.4924
43.9228
43.6516
44.5735
44.6918
43.8404
44.7536
43.877
43.1214
44.0247
44.2788
43.3412
43.6627
42.6855
44.73
44.3287
52.3545
44.7905
45.9981
44.8013
43.5098
44.8524
46.2485
42.9229
43.7179
43.5032
43.1163
43.6488
43.7628
43.4602
43.0833
43.4244
44.223
43.6688
45.3843
45.1503
44.1595
44.6802
44.9164
49.9793
46.7732
44.6413
44.0801
44.6895
44.5225
45.5471
44.3495
44.3514
44.9249
45.0336
44.4905
44.642
44.5841
44.2389
44.181
44.8299
44.0756
45.4492
44.4805
44.4426
43.7884
46.7085
49.1263
50.6141
46.0583
46.1267
45.5902
47.0052
44.887
45.4775
44.8054
44.3241
44.9238
45.2993
45.9207
45.2952
44.7559
44.5063
44.6483
45.0749
45.0751
44.8463
44.7274
43.8201
45.8763
51.7512
44.5841
44.4727
44.2314
44.9179
44.5651
45.2316
45.2156
44.6155
44.4701
44.6334
45.1527
44.5698
46.8169
46.4181
44.681
45.0792
44.8747
45.123
44.832
44.6989
43.9232
44.8719
51.8127
44.2196
43.7605
46.3504
44.5694
44.1034
44.1914
44.7201
45.041
44.3648
45.2544
45.0155
45.0144
44.9811
45.2894
45.1091
45.2239
45.5741
45.8148
46.3566
46.0625
45.3342
45.0972
53.6572
44.9367
44.6913
44.7275
44.6405
45.2631
45.047
45.2359
45.5646
45.8784
45.4876
45.0316
45.5435
44.6781
45.01
45.0286
45.6355
45.2206
45.2513
46.7568
46.2659
45.4279
46.2936
53.8428
47.5201
46.7166
45.5307
45.6219
45.6244
45.1081
46.8516
46.0928
45.801
45.0349
44.3601
43.3311
44.0025
43.8958
43.7992
44.1517
43.4481
44.79
44.9912
43.9193
44.5233
44.6065
50.8372
42.719
43.7022
43.148
43.1928
43.0154
43.4042
42.9992
43.3383
44.2436
43.3917
43.4999
43.0883
43.2817
43.9734
42.2945
43.0809
43.0642
43.4457
42.6951
43.1954
43.5552
43.4463
48.9879
46.7957
43.1018
43.4623
42.4996
42.1537
42.7611
43.0592
42.2076
42.3478
43.8426
42.8218
42.3995
42.5382
43.0363
42.3969
43.5744
44.5142
43.0145
44.6846
44.7332
45.0774
44.9527
46.6517
52.8021
44.4857
44.5552
44.2598
44.6106
44.2232
44.2801
44.5426
43.4296
44.6924
45.3211
44.5528
44.3029
43.9931
43.6759
43.6355
43.3245
42.1769
41.5017
41.7395
41.6366
42.7415
43.1595
44.0835
48.4334
42.8471
42.8692
42.4754
42.6582
43.0536
42.7885
43.1648
43.119
42.2771
43.2966
42.9168
42.1784
43.5082
43.0307
43.5168
43.6006
42.6241
43.004
42.5626
43.9022
43.287
44.4518
51.0358
44.9897
43.294
43.2142
43.4927
42.7162
43.3233
43.9208
43.2511
44.0163
43.3769
44.0067
44.5005
44.4263
43.4435
45.2245
44.6084
44.334
43.6235
44.5264
44.4629
43.6869
46.3787
44.9125
51.9235
44.5399
44.9236
45.1962
44.8365
44.8372
44.7481
43.5442
44.2712
43.1942
43.0589
43.9277
44.1546
43.6282
43.3476
43.663
44.0386
43.3546
42.9376
43.9311
43.6134
43.8764
43.6253
52.4478
45.1067
44.9364
44.045
44.0996
44.5488
43.5277
44.3638
43.3795
43.5888
44.3346
42.9959
44.5962
43.6071
43.2498
44.1505
44.1628
43.5063
43.836
42.6579
44.0669
41.5054
42.4648
41.5027
50.6933
42.9644
42.238
41.4931
41.9879
41.9347
41.9641
42.632
42.4596
41.8691
42.9184
42.4457
41.5692
42.9546
42.1312
41.3451
41.9958
41.7657
42.4629
42.3214
42.0075
42.3553
41.5923
42.0717
51.2916
42.4886
43.2733
42.7393
42.0619
42.8931
41.8265
43.4482
41.9276
42.4512
42.1858
41.6308
41.731
42.3228
42.4184
41.5653
41.0282
40.9331
41.1268
40.66
42.7271
40.8836
40.5001
40.0557
45.1276
43.6496
39.9271
40.3658
39.3338
40.6227
39.2071
39.1509
40.064
39.4075
39.2567
39.7202
39.2569
39.4061
39.4594
38.7673
41.1915
39.9094
39.9748
39.8746
45.6576
39.5416
39.5497
39.1091
39.5172
43.1175
45.5673
39.5683
39.8295
39.5747
39.6333
39.4181
39.0299
40.3703
40.4719
40.8977
41.4564
39.8446
40.0871
40.2244
39.1003
40.375
41.1578
39.8029
40.6177
41.5996
40.99
40.0083
39.873
40.6606
40.9233
47.6926
44.8585
40.3008
41.4365
41.1552
41.1527
40.5184
40.4249
40.8103
40.2534
39.7485
40.1069
40.5994
40.0296
39.9928
40.1382
41.6516
41.6954
40.1912
41.0233
41.3408
40.5578
41.1835
41.1211
40.6244
50.9523
42.3834
41.1231
41.8745
41.5252
41.8463
41.2498
41.992
40.7924
41.7258
42.2082
42.1366
42.7267
43.3827
41.4195
42.1218
40.6777
42.9052
44.3756
41.1561
41.5296
41.3153
40.602
41.3006
47.1014
44.4347
40.932
41.2897
41.6928
42.1558
41.8939
41.0414
40.9604
41.3001
40.8884
41.2161
41.4614
40.9073
41.4175
41.1427
40.2391
40.6905
40.7246
41.0801
40.5955
39.6977
39.356
39.2724
39.379
46.9154
41.9096
38.7178
39.5931
38.233
39.2007
39.745
39.3545
39.1746
38.7505
39.1988
38.9647
38.2893
38.5832
37.9217
38.8565
38.4887
38.0216
38.8324
38.6275
37.9486
38.1964
38.3689
38.8181
38.7829
38.1634
44.4635
41.9234
40.3001
40.078
39.7721
39.3517
39.5894
39.8002
40.614
39.9016
40.8764
39.1652
39.6763
39.7716
40.1163
39.1133
39.2756
38.793
40.1571
39.8105
39.6537
41.0225
39.5389
39.1133
39.5945
41.673
47.6984
39.6962
39.0506
39.0654
38.6464
38.8038
39.3024
38.7423
39.7387
38.6899
39.2639
38.4036
38.3916
39.148
38.1364
39.247
39.233
40.9042
39.1928
39.6143
39.1895
40.8247
40.2173
41.3517
40.4533
45.9935
47.5647
51.6707
55.2819
48.4728
46.7829
48.3864
42.895
42.0996
42.1517
42.8459
42.1018
42.7192
41.3548
42.3366
41.4493
42.7569
42.2262
41.662
42.1366
41.7602
42.9381
42.3964
48.2428
46.4453
42.2859
42.5419
41.3978
42.5434
42.3067
42.4302
42.5813
41.6788
42.9317
41.9365
42.3297
41.5819
41.9919
42.4261
44.3222
42.2369
41.8333
41.7983
42.1365
42.1279
42.0388
42.8762
45.6695
49.1914
42.3364
42.2315
41.9832
42.2256
42.4536
41.3269
41.8812
41.9013
41.7902
42.9887
42.5361
41.5544
41.9273
42.4839
41.2075
42.4058
42.0216
42.0627
41.9951
42.5374
42.076
43.0846
43.1848
51.6776
42.6802
43.1429
41.9413
42.9321
42.913
42.257
42.82
42.8596
41.8517
42.1672
42.649
41.4211
42.1606
42.8889
42.0314
41.8285
41.6369
41.2445
42.0658
41.0012
42.1409
41.1027
42.3225
48.8099
41.8696
40.8873
41.2369
42.4275
40.776
41.7071
41.7236
41.775
42.9915
42.2647
41.8643
43.3374
42.0015
41.6373
42.342
41.4461
41.7465
41.6537
42.3068
41.6083
42.2578
41.9886
42.0603
42.5714
50.2697
42.2529
42.7818
43.5699
41.1544
42.0533
42.1616
40.8839
41.4589
41.041
40.2872
41.0385
41.7051
42.3748
40.0073
39.3416
40.596
39.4767
39.8005
40.0215
40.1068
39.4904
40.0055
39.5477
40.2305
48.2241
39.6713
40.0904
39.5121
39.51
39.83
40.2034
39.588
39.4646
38.5914
39.1669
38.9718
38.4027
39.9904
38.5968
39.7082
38.9035
38.6721
39.3172
39.5013
38.93
39.2143
38.5078
38.9858
39.1703
38.1918
45.7281
40.8458
39.8335
40.6855
38.9964
40.6495
39.8033
39.7388
40.1952
40.3604
39.7758
40.3838
41.2185
39.5631
40.0447
40.1574
39.8723
40.8105
40.2093
40.6821
39.9418
40.0621
40.0418
39.6986
40.1225
40.3559
47.1571
38.6722
39.0091
37.6604
38.7892
37.8778
40.3832
40.546
40.2562
39.9646
40.2978
40.3276
39.4207
40.6107
39.7425
39.8044
40.7008
40.1059
40.3613
40.2861
40.2336
40.2982
40.266
40.4827
41.0843
41.0478
47.7722
41.2578
40.9857
40.86
41.4912
41.5169
40.9181
41.5349
41.1332
41.1052
42.6711
40.9612
40.1813
41.3596
41.5697
41.7345
41.0606
40.4693
40.5725
40.3934
40.2485
40.9253
40.749
39.4666
40.6368
46.6527
39.3382
41.0364
39.2729
39.3534
38.6535
38.1486
38.7264
38.2386
38.7165
39.1689
38.6723
39.008
39.3982
38.4858
39.0649
40.1674
40.0965
40.1958
39.3933
39.7983
39.3722
39.5272
37.8144
38.8284
37.6018
43.1875
38.5459
37.1767
36.8273
37.7373
36.324
36.9187
36.3907
36.6555
37.7624
37.0501
36.755
36.672
36.1203
36.8783
35.8838
36.6732
36.0726
37.8191
37.0478
36.4975
36.5568
36.264
36.533
35.8272
36.6817
36.0469
36.2103
39.8599
41.6746
35.8902
35.7564
36.1308
36.2898
35.3683
35.7026
36.3954
35.7123
36.4229
36.3942
36.3241
35.8574
35.9602
35.5011
36.1374
36.7243
36.0391
36.8724
35.5802
36.2
35.5634
36.1977
36.1353
35.5891
35.8544
35.8038
36.6582
44.6614
36.3423
36.6481
36.5698
36.6859
36.9177
36.5104
38.5243
35.9424
36.6721
36.3538
35.637
35.7681
36.3606
35.3295
36.6283
35.4156
36.0267
36.2426
36.491
36.3462
36.0274
36.1839
36.0061
36.2061
36.4262
35.6079
36.5096
41.9753
38.4247
36.4248
37.1177
37.0759
36.868
37.2451
36.2278
35.8368
34.9737
35.4556
35.0878
34.9564
35.1528
34.5882
34.9084
35.3871
34.9558
36.5449
36.0059
36.6514
36.4807
35.8777
36.6119
36.205
36.223
36.7711
37.0048
36.5618
43.9942
36.2888
36.4104
37.3329
37.0726
37.1774
39.0465
36.2112
36.5893
36.4831
35.9521
36.5805
36.5949
38.3347
36.6071
37.0803
36.6984
36.3434
35.6234
35.1308
36.2901
35.4182
35.8097
35.2386
35.1542
35.1928
35.2502
35.4592
43.1872
36.0491
35.8886
35.399
35.8397
35.1756
36.5619
35.4343
35.7311
35.3194
35.634
35.4179
35.3963
35.4854
35.1125
36.0873
35.8171
36.0919
35.9794
36.7659
36.4711
36.3047
36.8276
35.7118
36.0286
35.4569
36.3496
36.0225
35.3885
43.9679
35.4932
36.0654
35.702
38.2549
35.8944
35.3558
36.1655
35.092
35.3025
34.8412
35.4459
34.5384
35.5463
35.2343
34.7175
35.3498
35.1488
35.9389
35.5956
35.7398
35.4243
37.1263
36.0839
37.3558
36.3712
35.7423
35.1208
36.2552
45.0743
35.9681
36.8446
36.1411
36.8772
36.3079
36.812
37.1024
37.148
36.2049
36.5683
35.7614
36.3058
36.3856
35.8198
36.2412
35.5694
36.4915
35.7654
36.4026
35.8098
37.2355
37.3481
37.1965
36.8899
36.1387
36.6275
37.1417
45.3002
37.5982
38.4724
37.2222
38.0361
36.4824
36.9684
39.3327
39.8882
37.3879
37.1022
37.0012
36.9674
37.3264
36.5325
37.0637
37.8593
37.4617
38.8277
39.07
38.1814
38.9138
38.794
36.7267
37.0862
36.0528
37.6805
39.6666
42.17
37.0676
35.9534
36.4802
36.5202
35.9855
36.8114
36.3563
37.6597
36.4391
37.0782
36.9481
36.6958
36.9909
38.1934
39.2467
38.4012
38.5829
38.4545
38.2529
38.9167
39.0418
39.069
38.1361
36.0118
37.5511
36.2001
45.1147
37.5608
37.2906
37.2313
37.7521
37.0539
38.2987
36.4516
37.1003
37.5952
36.1485
36.7127
36.7444
37.1481
36.8298
36.5964
36.6497
35.9875
36.754
36.2808
36.4418
35.9213
36.6353
37.9613
36.7781
36.8702
36.7212
37.2218
45.0379
36.5296
36.8423
36.6351
36.8352
36.6477
36.6534
35.6739
36.0954
36.3827
36.8019
35.8947
36.4086
35.9394
36.6044
36.2788
35.4667
36.6082
35.803
36.6236
36.1754
36.2976
35.9322
35.845
36.4414
36.3925
37.1209
37.5585
43.6391
36.8133
34.9577
35.7489
35.1129
35.9275
35.3891
35.4378
35.54
35.7205
36.6058
36.7516
35.8393
37.0954
36.8216
37.1395
39.6005
37.8872
37.331
35.6947
36.1628
35.212
35.9529
35.2975
35.3983
36.4406
35.8938
35.5427
34.9139
43.3664
35.0737
35.734
35.4898
34.7018
35.4193
34.7669
35.3849
34.8439
35.8215
35.604
36.5597
36.6115
35.1638
35.5455
35.7998
35.7845
35.7995
35.7536
34.9946
36.2348
35.7661
35.3069
35.854
35.4724
37.8922
35.8523
34.9805
33.8752
42.0665
34.3079
34.2965
34.3749
34.0708
33.9548
34.4309
33.6902
34.455
33.8565
36.2463
35.946
36.282
35.8735
35.8659
35.7058
35.5993
35.8579
35.8556
35.7133
35.9569
34.9403
35.9591
35.3555
36.1321
35.7934
36.372
36.403
35.8064
42.5821
35.731
36.2116
35.8414
36.3311
36.0188
35.7614
36.1457
35.5534
35.9307
35.8307
35.7878
36.5053
36.8656
36.164
35.4979
35.0377
33.8151
34.567
34.1846
34.1749
33.9684
34.4912
34.5615
36.0844
34.3624
33.9175
34.1748
34.6492
41.4688
34.5886
34.0056
33.8145
34.3354
34.6386
34.1335
34.6855
34.0424
35.2954
35.6823
34.4445
35.107
35.6394
35.1157
34.9083
34.3438
34.4697
34.0924
34.908
34.7218
34.8415
34.4688
35.71
34.9577
34.8932
35.4497
34.4452
35.3557
35.4817
42.0134
35.4481
34.5297
34.9498
34.5493
35.2123
35.2961
35.3573
34.1374
34.9512
34.6763
33.936
35.0751
35.0105
35.3005
34.6286
34.758
34.1329
34.7894
34.3417
35.1559
35.1935
36.0956
34.3476
33.4719
33.8223
33.0298
33.9338
33.1082
35.8866
39.9936
33.2368
33.6034
33.2186
32.7695
33.0372
32.9255
33.6328
33.0318
33.355
33.1966
33.5432
33.113
33.1095
32.6277
33.1858
33.2171
32.3607
32.8718
32.0786
32.5521
32.3305
32.7838
32.0345
32.8286
32.1722
33.0277
32.0734
32.6611
31.7502
32.7255
40.986
32.5005
32.6353
32.3867
32.7315
32.3119
32.7971
31.7395
31.945
32.1423
32.2076
31.7717
32.5606
31.9235
32.2434
31.7541
32.8657
31.968
31.9914
31.5849
32.1178
31.9669
34.7684
32.1278
32.5432
31.9983
32.3919
31.6783
32.3664
31.6548
32.3172
31.7639
41.5723
32.8591
33.4631
32.9996
33.3837
32.3661
32.9905
32.3567
34.2159
32.8011
34.8189
33.4372
32.561
33.0707
32.5537
33.2854
33.1302
33.5728
32.8523
32.6586
32.0838
32.8573
32.143
32.4321
32.2047
32.8588
32.0899
32.6694
32.3175
32.9365
32.4358
40.943
34.0282
34.0907
33.2258
33.5339
33.4016
33.3663
34.6339
33.4322
34.2562
32.7101
32.6676
33.2439
32.8768
33.0642
33.2188
33.4423
33.368
33.2893
32.4092
34.5527
33.4332
32.8305
33.5874
33.0278
33.4729
32.5685
33.0159
32.6674
32.5396
32.859
41.0857
33.4479
34.2152
32.9002
32.2712
32.8269
32.4339
32.7851
32.4237
32.8282
32.2125
32.7117
32.2503
32.5399
31.6742
32.621
33.225
31.9863
32.9052
33.0434
31.6694
32.7277
31.9656
32.3677
32.1024
32.7331
31.536
32.5122
31.7035
32.1445
31.6312
31.9518
39.6577
32.6647
32.3396
32.8516
31.865
32.3037
32.0964
32.568
31.911
32.2989
31.6586
32.6509
31.8183
32.3609
32.0437
31.9476
31.7143
32.3033
33.8113
33.1321
32.0326
32.1186
31.6247
32.0539
31.802
32.0145
31.5453
31.7659
30.5444
31.6311
31.0464
31.7691
38.752
32.2066
31.5298
33.0282
32.1392
32.2238
31.6241
32.1233
31.466
32.1108
31.76
32.1359
30.9718
31.1218
30.834
31.4675
30.7663
31.4321
30.3911
30.8874
31.1124
31.5495
30.6949
30.9765
30.7684
31.6246
30.3285
30.3121
30.456
31.5659
31.1653
31.9931
31.1788
39.0583
32.2886
31.6412
31.9798
31.9592
31.5554
30.9954
31.1904
32.0032
31.283
31.9189
31.8323
32.5626
31.1317
31.7105
30.7125
31.7324
33.1831
31.3775
30.9287
32.0137
31.6611
31.6701
30.2042
30.3366
29.9524
30.6053
30.1299
30.6696
30.0264
30.7468
30.2072
30.6987
39.0723
30.5456
30.0491
31.0995
30.4626
31.3601
30.0711
31.0653
30.3978
31.0675
30.7567
31.1724
30.4116
31.413
30.3547
30.6107
30.6988
30.9774
30.4884
30.1832
31.2038
30.7971
31.6266
31.0497
31.1812
30.7161
30.9977
31.0978
31.0322
30.9618
30.9695
30.5304
30.061
38.9269
33.3877
30.6773
30.946
30.2551
31.148
30.8281
30.2348
31.0976
30.0219
30.667
29.9873
31.1204
29.9639
30.6514
31.1468
30.7717
30.0191
30.6097
30.249
31.0385
30.0537
30.0202
30.9435
30.738
29.933
30.4144
29.8554
31.2195
29.9574
30.5399
29.9506
30.5246
30.5644
38.6665
30.8567
30.9224
30.8566
30.9942
30.9603
31.654
30.986
30.8762
30.8671
31.2052
31.217
31.4304
31.0186
31.2558
30.8275
31.5846
31.3011
31.1396
31.777
31.2968
31.7522
31.6096
32.7033
31.7326
32.0903
31.5829
32.0776
31.252
31.9549
31.1357
32.7092
32.0752
39.3786
31.0853
30.4413
30.3763
30.2297
30.3564
30.539
30.6539
30.7147
30.6615
30.5894
30.4002
31.1662
33.0946
31.3255
30.8373
31.2068
30.7617
31.559
30.5295
30.461
31.3806
31.4006
32.2699
31.6913
32.0528
31.2724
31.393
30.9158
31.4816
30.9473
31.5433
31.5298
39.0965
31.5579
31.5489
31.7378
31.7028
31.2675
31.4956
31.969
32.1954
30.9042
31.4363
31.1365
31.6749
30.8072
31.7156
31.7599
32.659
31.384
31.8384
31.1329
31.6812
31.6528
32.3287
31.7349
33.1599
31.7852
31.7847
31.4255
31.359
31.3175
31.4458
32.3738
35.0516
37.7945
31.5722
31.7574
30.8812
32.2173
31.394
31.883
32.4631
32.0539
31.2464
34.2342
32.6688
31.6319
32.0879
31.62
31.8161
31.2464
31.972
31.4768
31.9338
31.592
30.7483
30.5867
31.8422
30.0853
31.5165
30.4115
30.8345
30.0937
30.5937
30.1014
30.6096
38.2246
31.2298
29.8982
30.2089
30.0028
29.549
30.6008
29.3314
30.0939
30.9322
30.3602
29.8846
29.9617
29.4995
30.3634
29.8211
30.0177
29.3051
30.3032
29.7071
30.0888
29.2872
29.8246
29.9492
29.4817
30.0121
29.7042
30.8172
30.0958
30.3559
29.8167
30.3935
30.1921
30.9914
33.2704
37.0905
30.248
30.9122
30.365
30.9526
30.0883
30.7255
30.1785
32.3277
31.3283
31.0029
30.1758
30.8902
30.2573
30.0134
29.8126
30.5787
29.8269
30.1335
29.5104
30.6457
29.8927
30.0368
29.5674
30.1062
29.8601
30.9052
30.2187
30.2516
29.82
29.6932
30.4449
29.681
34.7129
34.3098
29.6102
29.4627
30.2424
29.5403
29.8931
29.287
30.5237
29.7555
30.6383
29.8505
29.2744
30.124
29.6248
29.6366
29.1719
29.5447
29.0964
29.4875
29.5174
29.5881
29.5243
29.002
29.6202
29.032
30.1504
30.1127
30.1136
30.3675
30.0143
30.3936
30.1875
29.8795
30.4448
38.1931
31.2497
30.7977
31.0363
30.3421
30.6139
30.6104
32.4307
30.3925
30.7504
30.2841
30.7979
30.4026
30.2619
31.6094
30.7269
30.7811
30.0547
31.6432
31.0638
31.2618
30.348
31.3243
30.6935
31.6292
32.0226
31.4371
30.5555
31.5024
30.503
29.9067
30.4013
30.2622
33.2855
34.66
30.8744
30.7613
30.9842
30.588
30.953
30.244
31.1947
31.7801
31.4863
30.3187
31.1619
30.2583
29.6675
29.9915
29.92
30.1844
29.5761
30.2073
30.1136
30.5687
30.1025
30.4071
30.8365
31.165
31.3189
31.2575
31.0835
32.6198
32.0489
32.0029
31.92
31.2739
38.4729
31.4097
31.0935
31.0778
31.1437
33.1158
30.764
31.0902
30.7987
31.5295
31.1861
31.7649
31.3053
31.727
31.0096
31.4238
30.8649
31.2182
30.9333
30.9623
30.4588
31.0784
30.6145
34.3111
31.0487
30.9408
30.1583
30.5492
30.4352
31.0103
30.8282
31.3564
30.5561
38.0188
31.4815
31.0256
30.4351
30.8478
30.5584
30.848
30.4754
31.2339
30.6455
31.2066
30.4603
31.345
31.5146
31.3471
30.6619
30.5158
30.8454
30.2973
30.1471
30.2029
31.3842
30.2685
30.469
29.9313
30.9597
29.9788
29.8566
29.1822
29.8032
29.5517
30.7904
30.1679
30.5944
37.4818
30.4425
31.0534
31.0967
30.2816
30.3123
30.2665
30.0981
30.3242
30.716
30.9909
30.3711
30.6176
31.343
31.1316
30.5115
31.223
31.5143
31.1367
31.0842
32.2242
32.1734
31.2993
30.8007
31.8399
30.9242
31.1813
31.0532
31.1075
30.8276
31.8969
30.966
30.5939
38.5813
31.1743
29.7059
30.4989
29.9614
30.4939
29.5759
30.578
29.7334
29.901
30.601
29.4805
30.5855
29.6763
30.8933
30.3773
30.5242
30.2164
30.7626
30.3398
30.4209
31.048
30.2813
30.5131
30.4919
31.1465
30.7683
31.3095
30.9786
31.0756
30.4444
30.5746
31.8042
30.9013
40.0758
31.5831
30.5847
31.52
30.6901
31.2143
30.7143
30.3676
30.89
30.8649
31.4402
30.5744
31.1149
30.98
31.4469
32.0901
32.3852
31.5632
31.3993
30.8498
30.9136
30.0821
30.654
30.1784
30.8363
30.2642
31.0742
30.9923
31.3264
30.6061
31.2863
30.9741
31.6835
38.8165
31.0238
30.2135
29.9538
30.0198
30.4934
30.2536
30.4064
30.0553
30.7488
30.3722
30.5796
30.4169
30.7498
30.4481
31.2133
32.4573
31.109
30.6533
31.0975
30.7436
30.9369
30.7817
30.9195
30.5001
30.1557
31.1032
30.2939
30.95
30.2193
30.5072
30.2725
32.2396
33.1734
37.2888
30.0941
29.9482
30.2983
29.5772
29.6002
29.6591
29.7102
30.4443
29.3581
29.9405
29.4276
30.4756
29.5832
30.1415
29.9791
30.5749
30.4085
30.337
29.629
29.793
29.7416
29.5973
30.0388
29.381
29.9315
29.3192
30.0691
29.4518
29.9049
29.3899
30.3614
29.7745
30.3192
38.2566
30.6845
33.9606
32.5697
30.6115
31.8949
30.7428
31.7378
31.3792
32.0002
31.4247
32.1946
31.39
31.8323
30.8906
31.079
30.7219
32.0737
31.1187
31.4431
30.9901
31.5918
31.1003
31.2482
31.2689
31.5367
31.2488
31.313
30.9045
30.9158
34.7633
31.9687
31.0972
38.4995
31.4745
30.5825
31.1649
30.9804
31.1493
30.9682
31.4739
30.9451
31.1892
30.5265
31.0488
31.3156
30.3945
30.8399
30.4839
30.0714
31.4302
31.044
30.4602
29.912
30.4553
29.1946
29.8375
29.7928
30.2395
29.6939
29.6788
30.4455
29.7498
29.6181
30.7915
29.7785
34.7666
34.4021
30.6708
30.155
30.6906
30.3918
30.6035
29.9152
30.5768
30.4875
30.6269
30.8003
30.6806
29.4961
30.2737
30.017
30.1516
29.5776
30.4494
30.1815
30.4785
30.4558
29.7523
30.4044
29.6632
30.6679
29.8968
30.301
29.8258
32.045
29.6889
30.5448
29.9148
30.2184
32.7902
36.1675
30.1281
30.9762
32.1752
30.4118
29.7346
30.5853
31.2417
31.2351
31.0229
30.8253
30.4775
30.4156
31.7408
30.7624
30.9709
30.849
31.084
30.8526
32.2544
30.721
31.2923
30.6378
31.3095
30.4069
31.2191
30.9422
31.2844
30.9079
31.6463
30.9552
30.8428
30.8233
38.2285
31.5809
31.4331
31.205
30.9089
30.7887
30.2077
31.491
31.0282
30.4001
30.0685
30.2897
29.784
31.1271
30.0087
29.8394
29.2318
30.2066
29.5781
29.6283
30.1124
29.6945
29.083
28.4778
29.3588
28.3184
31.0502
28.6787
29.2527
28.4137
28.6659
28.922
28.4746
28.8325
35.2453
30.5093
28.4442
28.7554
29.7039
28.6908
28.9887
28.6487
29.4155
28.5141
29.1549
28.5886
28.8767
28.2276
28.5273
28.6426
28.444
28.8533
28.86
29.3409
29.0807
29.5691
29.4345
29.8744
29.6564
28.7798
29.6053
28.7935
29.4774
28.7484
29.3432
28.8368
29.2097
28.4406
29.0026
29.8587
36.177
29.2625
29.7905
28.9385
29.8551
30.4907
29.6877
29.7928
29.2679
29.697
29.2504
28.8362
29.601
28.8746
29.6338
28.708
29.7175
29.1646
29.5175
29.2615
29.6321
29.6258
30.5347
29.3475
29.7996
30.9868
29.5925
28.8835
29.5237
28.7451
29.5341
29.6449
29.6852
30.1974
31.4426
34.2699
29.4252
29.8345
29.9148
29.516
29.2815
29.6213
28.8143
29.6412
28.5896
28.8623
29.2167
29.0624
29.2087
28.877
29.915
29.5788
29.2712
28.658
29.4562
28.699
28.1719
29.5459
29.0348
29.0473
28.0443
28.817
28.0532
29.0909
28.192
28.5838
27.6536
27.9677
28.4644
27.8135
34.5261
29.716
28.1958
27.8083
28.0953
27.6422
27.9828
28.6628
27.6159
28.1754
27.717
27.6866
27.5579
28.0076
27.385
27.9343
28.365
28.1634
28.2312
27.8191
28.3857
27.7549
27.82
28.4242
30.2522
29.0585
28.4557
28.169
27.9558
28.3455
27.7765
27.8341
28.4529
27.8321
28.917
27.8182
28.3145
36.5006
28.4351
28.0397
28.2163
27.7877
27.7821
28.9901
28.411
28.7488
27.9509
28.3978
27.8109
28.4478
28.1815
27.6437
28.3873
27.7832
28.4584
28.6384
29.3
28.7831
29.2868
28.9684
28.4032
29.1622
28.6456
29.7964
28.5875
28.854
28.5758
29.1822
28.6889
29.3318
28.8895
28.7861
28.9526
36.068
29.2278
28.4673
29.4358
28.645
29.0256
28.3438
28.8643
28.1481
28.1332
27.4381
28.239
27.9664
27.6536
28.1448
27.6322
28.1752
27.679
27.6115
28.1401
27.6971
27.9509
29.4798
28.3407
27.5638
28.1438
28.7244
28.069
28.295
28.4261
28.4139
27.7483
28.6235
28.0384
27.8461
27.8896
30.8629
33.1559
28.0731
27.5433
27.9743
28.4442
27.6201
28.4182
28.3602
28.7497
27.9262
28.9874
27.822
27.8676
28.1348
28.6698
27.9719
28.2581
28.9003
28.0678
28.6957
28.5997
29.3986
28.0887
28.9977
28.5726
28.7418
28.2647
29.1367
28.9927
28.1171
28.6488
28.2506
28.7135
28.0958
28.9532
29.0708
35.3726
28.208
27.8186
28.4577
27.8015
28.1227
27.7689
28.4106
27.8341
29.6449
29.035
28.8951
29.0981
28.8056
29.2373
28.6868
29.0518
29.2405
29.8176
30.1482
29.0793
28.8393
28.7875
29.0927
29.006
29.4164
29.2677
29.9867
28.6603
28.9878
29.0506
28.807
28.3551
29.4067
30.0955
35.8837
28.8545
28.549
29.0909
28.6967
28.7899
29.0188
28.7051
28.7811
28.3468
29.6016
28.2584
28.8645
28.1866
28.9164
28.2869
28.3536
29.3364
28.718
28.8227
28.2524
29.2839
28.7143
29.212
28.8175
29.7139
29.6731
29.8129
31.1253
29.6878
30.4043
29.8533
30.335
29.6565
30.1076
34.7504
33.3128
30.0813
30.4381
29.8487
30.1671
29.7512
29.9446
29.8289
30.6742
30.3519
30.9922
30.0304
30.0748
30.4948
30.2553
30.5134
31.6673
29.8899
30.171
30.1602
30.488
30.3419
30.6665
30.4243
30.4191
30.9436
30.4722
31.7658
31.0636
30.8431
30.2755
31.1713
30.7012
38.5479
31.3225
30.8931
29.7929
30.4343
30.4335
30.1836
29.8482
30.4193
30.0953
30.0421
29.9403
30.8721
30.0156
30.089
29.7819
29.3358
29.9941
29.2566
29.9437
29.4542
30.5786
29.8376
30.1739
29.3777
30.1989
30.4079
30.2169
30.1341
30.7246
29.6813
30.1462
29.9364
29.3756
34.3473
33.2758
29.8367
29.3549
30.0274
29.4543
29.2056
29.2748
29.3725
29.5503
30.0799
29.6481
30.7911
29.7061
30.4375
31.9206
29.7502
29.3549
29.9378
29.6553
29.6299
29.503
29.951
29.1231
29.4959
28.9774
29.8312
28.9792
29.9898
29.6935
30.5299
29.2603
28.9983
30.2866
29.2791
36.909
29.5938
30.2132
29.4389
30.2761
29.7826
30.0849
29.5902
30.1967
29.9874
29.9823
29.9148
30.7085
29.8485
29.684
29.7304
29.3281
29.817
29.5737
30.2552
29.7693
30.3721
29.5279
30.1313
30.1157
30.3415
31.2508
29.8739
29.8035
30.1289
30.3229
29.9797
30.5299
29.3728
32.9884
34.0484
29.9561
29.385
30.1558
29.4973
29.732
29.215
29.6696
29.2209
29.6876
29.262
29.7742
31.2524
30.4525
29.1003
29.0471
28.7457
28.6918
28.4872
28.4115
28.7374
28.4932
28.887
28.4208
28.3006
28.5458
28.3468
28.7502
28.4577
28.8089
28.4613
29.4374
28.6178
28.9823
28.361
36.1703
28.4874
28.0917
29.1726
28.2751
28.8378
28.0623
28.9661
28.0862
28.7074
28.4282
28.6575
28.4804
28.0164
29.2096
28.6375
28.4248
28.3926
29.0893
28.1838
27.8262
28.9659
27.9212
29.3857
28.3592
28.2156
27.7485
28.2479
28.1265
27.503
28.3975
27.7485
28.3529
27.591
29.0283
27.9586
35.9
27.8298
27.9815
27.3971
27.1126
27.7879
27.4475
27.3742
27.4859
27.8799
27.3075
29.8455
27.2515
28.0481
27.4716
27.6661
27.5691
28.6013
27.4373
26.8057
27.6264
27.2814
27.6332
27.4063
28.8741
29.4472
28.2956
27.1151
27.7184
27.6977
27.2135
27.7664
27.4242
27.9288
27.0222
28.6884
28.3567
35.7864
28.2162
27.3179
27.7715
27.7124
27.3695
28.13
27.2089
27.6143
27.3655
27.2969
28.1626
27.4394
27.8445
27.4782
28.2229
27.4327
28.6221
27.5986
27.2273
27.5613
27.5402
27.7473
28.0255
28.1064
27.1627
27.2788
27.9142
27.0021
27.9143
27.2693
27.8424
27.4529
27.4216
27.6854
28.2109
28.5837
32.1549
31.1282
27.5441
27.8083
27.4054
27.4317
28.1782
27.1269
27.8063
29.7239
28.0154
27.2644
27.7366
27.2028
27.969
28.1736
27.304
28.1295
27.909
27.6858
27.0585
28.0409
27.6603
27.6949
27.3855
27.7836
27.6545
27.8804
27.2074
27.5778
27.8529
26.9742
28.1976
27.5834
27.4603
27.3621
27.3148
29.9405
33.5096
28.2592
27.0693
27.7993
27.4403
27.8673
26.976
27.4615
27.7859
27.189
27.5316
27.2455
27.7937
27.3084
27.2997
27.8328
27.3515
27.1689
27.4716
28.6646
27.7357
27.0101
28.0512
27.1222
27.6518
27.4093
27.6582
27.4127
27.0864
27.4586
27.503
27.7357
26.8017
27.5538
26.9277
27.1331
27.7613
35.3466
28.2263
27.0673
27.3826
27.2496
27.5288
27.6982
28.7795
27.8785
27.5349
27.997
27.4365
28.0999
27.2669
27.7213
27.4076
27.3664
27.6534
27.2325
27.8491
27.9979
27.6817
27.1925
27.5499
27.9127
27.334
28.0505
27.8006
28.1893
28.222
27.6638
28.4437
27.568
28.4877
27.7742
28.206
28.0648
36.2824
28.9274
28.2728
27.6864
27.9854
28.4126
27.5189
28.0821
27.891
27.9512
28.0592
27.3362
27.9698
27.5287
27.9446
27.6192
28.353
27.8554
27.3927
27.7695
28.69
27.9774
28.1594
27.7914
27.9512
27.4935
28.1033
27.6379
27.9031
28.2339
27.7979
28.6458
28.0709
27.8195
28.875
28.4172
28.0693
36.8197
28.3531
29.7008
28.7308
30.3526
28.391
29.7408
28.4981
29.4152
28.4021
29.468
28.5738
28.396
30.8312
28.7612
29.7023
29.2104
29.4395
28.4541
29.5981
29.5799
29.3803
28.4562
29.0819
28.7712
28.9861
28.9931
28.7424
29.2984
28.4942
29.0655
28.6637
29.1654
28.3502
28.4234
33.5814
31.7923
29.4851
28.5072
28.9345
27.8409
28.2543
28.0959
28.7613
27.7683
27.8988
28.5157
28.1365
28.2029
28.2349
28.239
27.6339
28.3172
27.9798
27.4751
28.3443
27.9341
29.4432
28.4812
29.2126
28.8935
29.0366
28.3481
28.6676
28.6861
28.1894
28.9234
28.562
28.9675
28.335
28.9275
31.4172
33.4083
30.7962
28.704
28.5573
27.5792
28.4814
27.5782
28.3914
27.4984
28.0498
27.5571
28.2475
27.662
28.083
28.134
27.3572
28.0404
27.7241
27.9432
27.644
27.6211
27.9696
28.2601
28.2313
27.3541
28.2048
27.7046
27.9597
27.7101
27.5737
28.0216
27.4964
27.881
27.5526
28.0839
27.7597
33.9372
30.3793
27.3737
28.0492
28.4823
28.1915
28.0573
27.9547
28.4897
27.8831
28.3481
27.5991
28.7988
27.8776
27.4037
28.1295
27.8669
28.2027
27.7406
28.6687
27.893
28.3812
27.7707
28.5123
28.696
27.8663
28.4614
27.7011
28.8967
28.1036
28.5134
28.169
28.7095
28.4689
27.8185
28.2559
28.4351
37.2746
29.2272
30.2028
30.1564
30.0276
30.0467
29.592
29.4162
29.5105
29.5884
29.6239
28.9227
29.5547
29.2197
28.8318
29.5598
28.5227
29.5226
29.0608
29.7945
28.9765
29.4928
30.0176
29.7955
28.8486
28.9224
28.9684
29.3109
28.9884
29.6784
29.1756
29.6734
28.9363
29.6041
29.5349
36.4474
30.0276
29.815
29.4851
29.9754
30.3321
29.2677
29.3143
29.0854
29.1653
28.7497
28.9646
28.5437
29.2822
28.8657
29.1562
28.2981
28.4726
28.8932
28.8835
28.9272
28.2599
29.1956
28.5974
29.4126
28.5812
29.2494
28.3551
28.7226
29.5967
28.8412
28.703
29.2964
31.5402
28.9422
32.2159
33.6513
29.3081
28.7583
29.262
28.5642
30.0775
30.1092
29.524
28.7564
28.1197
28.0324
28.2584
27.5661
28.4507
28.6148
27.5155
28.4589
28.3062
28.513
27.8847
28.4314
28.1408
28.6282
28.105
28.6903
29.0877
28.4261
28.5851
28.2298
28.5626
28.1361
28.5599
28.2431
27.8887
28.7554
31.2717
34.5582
27.5223
28.304
27.7836
28.0266
27.9223
28.3852
28.8546
27.632
28.2974
27.8577
28.4428
27.3929
27.8197
27.0383
27.748
27.5783
27.1364
27.7143
27.1358
27.8726
27.1413
27.4698
27.269
27.1895
28.011
27.4441
27.7095
26.9874
27.6945
26.9685
27.1915
29.664
27.3868
27.5546
27.3508
29.0645
34.1202
27.4719
27.2756
27.1944
27.917
27.1055
27.5799
26.9636
28.2152
26.8271
27.2391
27.6095
26.7391
27.3658
27.2317
27.6094
26.9697
26.9657
27.6046
26.8856
27.2912
26.8987
27.0596
26.9939
26.9478
27.1369
26.6229
28.1249
26.8429
26.879
27.5817
26.5518
27.5497
27.1423
27.8787
27.263
26.7954
32.0601
31.9804
27.9588
27.527
27.6637
27.1044
27.0654
27.5405
27.1118
27.7791
27.9723
27.5628
27.321
27.3484
28.6416
27.5497
27.0676
26.8658
27.1452
26.915
26.7721
27.2668
26.9954
27.2704
26.8319
27.1035
27.2471
26.9893
26.8595
27.2357
27.4288
28.7332
27.0009
27.2131
26.95
26.7134
26.7994
27.2578
34.0648
28.1522
27.0743
26.9583
26.7036
26.2805
27.4804
26.489
27.0051
26.9704
27.7745
26.4453
26.4489
27.1141
27.0292
26.9708
26.463
27.1533
26.4179
26.837
27.0407
26.3994
26.8812
26.9339
26.732
26.871
27.2406
26.614
27.2202
27.0147
27.066
27.0071
26.8988
27.3297
26.2919
27.1257
26.5164
26.7474
29.3261
31.4881
26.9569
26.4106
27.0666
26.461
26.6003
27.1341
26.4131
26.9765
26.7411
28.0908
26.6737
27.273
27.3915
26.7376
27.1285
26.6726
26.8351
26.618
26.231
27.2925
26.5115
27.0668
26.5291
26.5933
27.0218
26.6025
26.8098
29.0735
27.3739
26.9552
26.5515
27.1948
26.5789
26.4965
26.3855
27.2042
26.5786
34.4173
27.1274
26.3615
26.5799
26.4264
27.2757
26.2771
26.6929
26.8959
26.6125
26.9885
27.304
27.6806
26.5426
26.8615
27.0534
26.5887
27.2965
26.4027
26.6159
27.1936
26.2481
26.8895
26.6248
27.1011
26.3653
26.1928
27.0667
26.18
27.1031
26.6719
27.0586
27.2208
26.6243
26.8506
26.7384
27.2072
27.4771
32.5842
28.8363
27.1062
27.586
27.093
27.3787
27.4123
27.4453
26.3095
26.8454
26.7787
26.3051
27.9257
26.4494
26.5604
26.5758
26.4917
26.931
26.0575
26.3674
26.0299
26.281
26.6246
25.8255
26.5257
25.8379
27.0287
28.1088
26.2814
26.2063
25.6631
26.2615
26.2277
26.3282
26.3182
26.3158
26.3666
25.7629
26.0209
34.0773
26.5405
26.039
26.2012
25.8982
25.713
26.2696
26.1982
26.2311
25.8223
25.6224
25.8077
26.2883
26.9252
26.329
26.3118
26.3742
25.7801
26.595
25.9743
26.8016
26.1461
25.8179
26.6209
26.3666
26.425
26.6304
26.5434
26.0511
25.99
26.6729
26.236
26.7546
26.6966
26.6541
27.2501
26.2969
26.1177
26.2299
33.3471
27.5296
26.7909
28.1474
27.6065
27.3828
26.9753
27.1305
26.8269
26.5346
27.6718
27.1043
27.0773
27.5133
28.2087
27.0606
26.8039
27.2898
26.4141
27.2654
26.4482
27.0151
26.7693
26.8223
29.6103
27.1175
27.1417
26.8862
27.1629
27.171
27.1246
27.528
27.1893
27.7548
27.7855
26.8247
26.5936
27.0854
34.1211
26.824
26.4577
26.9733
27.1848
26.5061
27.3899
26.8866
27.2366
26.5467
27.0064
27.0222
27.02
26.9971
27.3523
27.5636
27.0649
27.1709
26.7856
26.6523
27.3769
26.6351
27.3998
27.4863
27.5977
26.2769
26.2227
26.9719
26.3145
26.7371
27.1513
26.9287
26.8704
26.5264
26.9271
26.8225
26.9688
26.6675
30.4727
30.0873
26.2836
27.0561
25.9152
26.5896
26.0465
26.0279
26.5679
25.6984
26.7507
25.91
26.0509
26.6568
26.0054
26.4943
26.4019
26.9488
26.0678
26.0512
26.5147
25.5378
28.0217
25.9662
25.8625
26.6575
26.1033
26.5785
25.8916
25.8813
26.5996
26.1951
26.335
25.6286
26.4861
25.687
26.3911
26.7332
26.2448
28.447
32.34
26.4827
26.0158
25.8001
26.5766
25.8466
26.5352
25.7366
26.0232
26.945
25.711
26.6489
26.458
25.9603
26.6184
25.9544
26.7077
26.9833
25.9571
26.6334
26.5029
26.8717
25.9411
26.1288
26.7909
26.1168
27.6807
27.3335
26.4265
26.9359
26.0864
25.8767
26.5495
26.1494
26.3873
25.9721
27.4205
26.0503
28.4942
32.4385
26.3666
26.5759
26.248
26.0353
26.2769
26.4042
26.0761
26.4685
26.2828
26.0352
27.2686
26.4988
26.6291
25.9635
26.8275
26.1412
27.0437
27.2494
28.3391
26.7835
26.1905
26.5929
26.1808
26.1233
26.6459
26.1786
26.6497
25.8198
25.9185
26.686
25.5522
26.6517
25.7588
25.7065
26.7367
26.2984
27.0033
28.9962
32.1926
26.0936
25.4181
26.4219
25.9398
26.134
25.8723
25.3508
26.5869
25.7513
26.0628
25.6695
26.6792
25.9055
25.4701
26.4011
25.6802
26.7424
25.9974
26.4477
26.4941
25.7903
32.7807
26.7187
26.6422
26.628
26.0479
27.0554
26.0252
26.7425
26.189
26.0798
26.6946
26.5638
26.6221
26.4387
26.7035
26.3465
29.6016
31.6154
25.8086
26.6987
25.7211
26.8702
25.8889
26.2557
26.3285
26.0982
26.7853
25.8276
25.9461
25.7774
26.6157
25.8218
26.3947
26.2307
27.8043
26.9686
26.6009
26.5367
27.3307
35.6955
27.6762
27.0029
26.8184
27.104
27.9588
27.7576
27.4895
26.8664
26.6803
27.3129
26.9319
27.7566
26.8464
26.8672
27.1431
33.992
26.0898
25.9335
26.4781
26.1957
26.2871
25.9233
26.0392
26.7446
26.0277
26.2136
26.035
25.7594
26.3884
26.3244
26.4647
26.1319
26.4495
26.3733
26.2896
27.2527
26.2474
26.8084
26.2529
25.8211
26.7845
26.2548
26.2785
26.2031
25.8289
26.5777
26.0032
26.5183
26.1631
26.6006
26.0083
25.8406
26.6372
26.1619
34.0486
27.1055
26.9078
26.2119
26.5464
26.7831
25.9
27.1225
26.0896
26.2647
26.6531
26.6528
26.6783
26.3425
28.1417
27.2541
25.9927
28.3698
26.4165
27.3084
28.0916
27.8877
27.3397
27.5666
26.8218
27.4953
27.3142
27.4472
27.3575
27.3404
27.6843
27.9584
27.539
27.2338
27.8704
27.3742
27.3549
27.652
35.4882
28.5873
28.2698
27.6621
27.9121
27.3736
28.0144
27.1408
26.9834
27.4733
27.3516
27.4976
27.5727
27.6698
27.1018
26.7265
27.3349
27.0849
27.3597
27.8792
28.141
27.742
26.9199
27.5023
27.3102
27.6107
26.8813
27.1821
27.2628
26.9435
27.294
27.1013
27.8336
26.999
27.1027
25.979
26.4946
29.094
33.3266
27.2501
26.9341
27.3558
26.1668
26.1572
26.2262
26.6132
26.1611
26.2812
27.1201
26.3031
29.6269
27.1185
26.4627
27.201
26.6916
27.8382
26.7279
27.0224
26.8452
27.5774
26.8537
27.4814
26.6978
27.0539
26.9772
26.643
27.1589
26.6059
26.5864
26.5461
26.2748
26.9948
26.3588
26.7795
26.7904
25.8956
33.9772
27.2012
26.3025
26.684
26.1164
26.5465
25.7928
25.5437
26.2176
26.2037
26.5598
25.8022
25.6371
27.0148
26.1108
26.504
26.0736
25.8946
26.5184
25.5808
26.4493
26.2238
25.9613
27.1128
26.2307
26.674
26.1524
26.4267
26.1553
25.9708
26.4738
25.5488
26.401
25.9044
26.0027
26.5763
25.8008
26.4925
26.0974
32.493
28.8832
26.5788
27.432
27.3259
27.2517
27.0393
27.2075
26.7289
27.049
29.6163
26.811
27.1317
27.0185
27.2543
27.3815
27.0068
27.4317
26.8127
27.2363
27.0231
27.126
26.6376
27.9171
27.8993
27.1778
28.0289
27.0843
27.6003
27.1422
27.0985
27.9256
27.282
27.4776
27.0723
27.5992
26.8424
27.2645
34.1056
27.8139
27.5834
26.8949
28.083
27.5613
27.3794
27.4556
27.3759
27.8552
26.8843
27.9789
27.4068
27.7515
27.1842
27.39
27.5604
29.5273
28.7203
27.658
28.2125
27.7862
26.8644
28.0377
28.0336
27.2402
26.7433
27.4317
26.3434
26.5367
26.5448
27.0433
26.3524
26.9523
26.5423
26.1486
27.1399
27.0437
33.224
26.2933
26.9475
26.5912
26.6652
27.5929
26.6117
29.158
26.4479
27.0427
26.4783
26.3932
27.1267
26.1432
26.5893
26.4696
26.0276
26.6275
26.1638
26.5485
26.287
26.4509
26.2272
26.7765
27.2264
26.7893
26.9848
26.4706
26.359
26.5926
26.3864
26.2537
26.3007
26.503
26.2563
26.1117
26.638
26.013
28.6769
31.8416
26.6915
25.9386
26.5811
26.757
25.9814
27.5072
26.5768
26.0332
26.7402
26.4297
27.0911
26.2055
26.574
26.5213
26.1107
26.9085
26.0399
27.0379
26.2027
25.8454
26.73
26.0825
26.6985
26.2527
26.251
27.4579
26.1357
26.7405
26.0086
26.9191
25.9386
25.9288
26.7734
25.9622
26.691
26.1875
26.1094
29.1786
32.1815
26.5287
26.0734
26.7262
27.5433
26.6366
27.2217
26.893
27.057
25.8804
26.7451
25.6752
26.1606
26.4139
25.7046
26.4095
26.0392
25.8722
26.3583
25.7525
26.3548
25.9731
26.02
26.1947
26.2111
26.5352
26.1019
26.6759
26.3957
26.1987
26.5071
25.9687
26.3247
26.3879
26.1094
26.5226
26.0854
26.9307
27.9678
32.6819
26.6494
25.9429
26.8699
25.9863
26.7244
26.021
27.4185
26.3454
26.1613
26.5371
25.7825
26.4975
26.1016
25.8246
26.5102
25.6118
26.5333
26.0484
26.1764
26.4183
26.1538
26.4355
26.0143
26.6178
26.2067
26.3356
26.9321
27.3231
27.3001
26.2732
26.2274
27.7271
26.9337
27.4246
27.1895
27.4829
27.0579
31.1943
31.2203
27.2522
29.8159
27.3927
26.7431
26.5777
26.6437
26.7578
27.1068
26.8856
26.2075
27.125
26.549
26.4769
26.9522
26.5888
27.5065
26.81
27.1847
26.6059
27.0169
27.5999
26.4781
26.7189
27.1327
26.6333
26.4936
27.2649
27.1515
26.9256
26.007
26.3123
26.3401
26.3676
26.5506
26.6857
26.1778
27.912
32.6002
27.365
26.2448
27.0376
26.44
26.1816
26.9171
25.8148
26.6181
26.6923
26.0994
26.6982
26.2173
26.565
26.1144
26.5105
26.5567
25.8711
26.7778
25.7727
27.0888
25.9518
25.868
26.7872
26.3635
26.8136
26.0705
25.9656
26.7426
26.2361
27.2136
25.9795
26.9115
26.1854
26.2738
27.2078
26.2526
26.755
28.2769
33.4342
26.3267
26.1289
27.1417
26.5891
26.6891
25.9243
26.1088
25.8626
26.8778
26.2331
26.8803
26.379
26.7933
26.4225
26.2556
26.5671
26.1377
26.4474
26.2138
26.0691
26.9064
26.1138
27.216
26.2432
25.8726
26.6481
26.4571
26.4833
26.8439
27.8223
26.7144
26.495
26.3696
26.1308
26.6421
26.104
26.4414
29.2336
31.7771
26.3308
25.8122
26.781
25.8171
26.4669
26.1807
26.7432
26.1512
26.0408
27.0604
26.7082
26.5219
26.4513
25.7713
26.8219
25.958
26.5098
25.8411
26.0091
26.4193
25.8601
26.3802
26.0094
26.2755
25.9641
25.7792
26.6019
25.6554
26.0752
26.2125
27.0263
27.0343
25.79
26.4248
26.6679
26.2672
29.0698
28.3924
32.8156
26.4598
26.0044
26.854
26.3672
26.4234
26.4455
26.8358
26.5226
26.4304
26.9519
26.5739
27.9738
26.7302
26.7588
27.0607
26.5484
27.1206
26.6801
26.9099
26.3222
26.5332
27.06
26.2148
27.0703
26.2835
26.7045
27.0962
26.3395
26.9557
26.6495
27.2646
26.8125
26.2606
27.0792
26.2783
26.6817
26.8122
33.5597
26.8995
26.255
26.5019
26.818
26.0773
26.4776
26.5463
25.8568
26.8148
26.2908
26.8068
26.6777
26.8589
26.4137
26.8601
26.0546
26.1043
26.8899
26.3533
26.4922
26.3713
26.2927
26.731
26.3078
26.4637
26.4157
27.073
26.2286
27.1679
27.7137
27.2701
27.7901
27.4477
29.7387
27.6229
26.8362
28.0765
28.9918
33.4587
27.2541
27.152
26.5342
26.7973
26.7611
26.5732
27.2523
26.4328
27.136
27.2699
26.2248
27.0162
27.2435
27.0532
26.3493
26.8816
26.2585
26.4179
26.7713
26.2341
27.5793
26.3721
26.2859
26.9574
26.7935
27.0933
26.4756
27.2055
26.3979
26.3215
26.8721
26.5235
27.642
27.0382
27.2356
26.916
26.677
34.3415
27.6695
28.046
27.0919
27.6518
27.3898
26.9188
28.1282
27.2145
28.3602
27.1881
28.0876
27.1617
28.2981
28.1727
28.1844
27.7074
27.9027
26.7577
27.59
27.7612
26.5707
26.8551
27.6725
27.0402
26.9101
27.3178
27.043
27.6065
27.0756
27.6272
29.2588
26.888
28.0804
27.4385
27.6176
26.4182
29.0982
31.6423
27.2493
26.6717
26.614
27.3793
26.8927
27.7232
27.0953
27.469
28.2518
27.8203
27.78
27.5211
27.6084
27.9718
28.1575
27.2817
27.2898
27.8494
27.5715
27.0755
26.9659
27.061
26.966
26.676
27.36
26.5281
27.2174
26.6876
27.1903
26.5647
26.9702
27.4049
26.709
27.4492
26.7823
26.2232
30.5625
31.5654
27.2537
26.3992
27.1476
26.9425
26.9749
26.4594
26.6719
26.949
26.2102
26.72
26.5152
26.1241
27.0798
26.7059
27.3683
26.9705
26.7054
26.3412
26.7318
26.6257
26.1466
26.6886
26.8609
25.9828
26.6719
26.2834
26.7194
26.6446
28.9891
26.8106
26.768
27.0951
26.5156
26.9785
27.4822
27.5045
26.7475
35.4526
26.9006
27.6944
27.2653
27.6883
27.2092
26.9766
27.0392
27.3792
26.7268
27.144
27.1556
26.7925
27.8549
27.0351
27.9752
27.6684
28.4319
27.6688
27.7613
28.357
27.8195
28.2397
27.4929
27.9012
27.8378
27.8618
27.9721
28.2257
28.4581
27.4009
28.2032
27.8406
27.954
27.5398
28.2671
28.2475
35.3754
28.3871
27.6458
27.8675
27.1778
27.9311
27.1593
27.1511
27.3995
26.9812
27.3597
27.4473
27.5916
27.3391
27.2993
27.797
27.306
28.3997
27.3769
27.8946
27.5883
27.1318
28.0358
27.3781
27.6306
27.0978
29.641
27.5711
27.3129
27.2537
27.6138
27.2676
27.109
27.4451
27.0513
27.5336
27.4007
31.3879
31.5077
27.6544
26.9789
26.8388
27.4353
26.983
27.6452
26.5734
27.3629
26.9468
26.9194
27.4677
26.7027
27.7378
26.7006
27.0013
26.495
26.7624
27.929
26.8424
26.7005
26.725
26.2852
26.8473
26.284
27.0683
26.6795
26.6685
25.9394
26.2853
26.5215
26.0713
26.4661
26.3137
26.1993
26.4667
26.0565
31.7104
29.7526
26.7928
26.6755
25.8763
26.7711
26.175
26.9954
26.2171
26.799
26.1641
26.0298
26.7947
26.1002
27.1779
26.4818
25.9601
26.7126
26.3197
26.7439
26.786
27.0421
26.355
26.2218
26.9983
26.3373
29.4388
26.6267
26.2976
26.7533
26.5358
26.4575
26.2823
26.7662
26.3893
26.2493
26.6541
26.4469
26.8556
34.4573
27.6965
26.5245
25.904
26.7457
26.0296
26.6201
26.513
26.1349
27.0443
26.7422
26.7104
26.259
26.9519
26.7977
26.4227
26.8497
26.5532
26.5371
26.2333
25.794
27.5376
26.4354
26.2599
26.2999
26.3245
25.9253
26.2562
26.5015
26.0103
26.5308
26.0292
25.7782
27.1164
26.1207
26.8628
26.9245
26.4232
26.0736
34.0291
27.2849
27.0665
26.3447
26.1373
26.7987
26.0237
26.647
26.1675
26.0542
26.706
25.796
26.601
26.5621
26.6563
26.5284
25.9818
27.0689
26.1197
26.8543
26.3526
26.4133
27.7132
28.3245
26.2043
26.6759
26.2977
26.2121
25.9644
26.5871
25.7789
26.2859
25.8203
26.0056
26.8449
25.8899
26.6038
26.1789
25.7291
33.4593
26.8574
27.8395
26.5978
27.1688
26.6783
26.594
27.4699
26.7575
27.4275
26.7613
27.092
26.9592
26.4718
27.383
26.5271
27.0192
26.5327
26.6314
26.968
26.6748
26.3698
26.0755
26.4714
25.8235
25.3413
26.1409
25.6072
25.9536
25.5782
25.5564
26.5027
25.4197
26.23
25.1813
25.3985
25.9281
25.6292
25.965
32.9646
26.7487
25.4748
25.7641
26.6596
25.4248
26.192
25.3236
25.3114
25.8483
25.4586
25.7587
25.5488
25.673
25.9094
25.7297
25.8205
25.5128
25.4571
25.8586
25.6652
27.4477
25.4926
25.4977
26.693
25.3636
25.8882
25.3026
25.3212
25.7766
25.3804
25.7066
26.0722
25.4503
25.8018
25.6028
25.6247
25.6823
25.2486
26.2427
33.3025
26.2073
25.3438
25.5422
25.8466
25.8119
25.7526
25.4697
25.8215
25.4939
24.9637
26.2665
25.3851
25.8644
25.1854
25.2794
26.3832
25.5125
25.719
25.7189
25.7576
25.9703
25.4609
25.7466
26.2235
25.8059
26.1939
25.4546
26.3036
25.7891
26.0523
25.9653
25.7051
26.3014
25.4875
26.3338
25.6588
25.9001
26.1732
25.5282
33.2632
26.8126
26.7556
26.9769
26.6962
27.1651
26.4632
26.2921
26.971
26.2824
27.1039
26.3346
26.0398
26.8709
26.7949
26.9642
26.5395
26.7367
33.7779
27.197
26.5635
26.8772
26.4637
26.2651
27.1663
27.0839
27.0095
26.4504
25.4521
26.297
25.7041
26.0127
25.5639
25.7308
25.651
26.1479
25.4668
25.9326
26.877
32.6333
26.2327
26.4792
26.7255
26.1501
27.6702
26.8105
26.4299
27.1943
26.46
27.0771
26.3569
26.5224
26.2864
26.6
27.3335
26.4228
27.3125
26.9519
26.4976
28.3078
27.4044
27.2339
26.8773
27.5077
27.3096
27.1438
26.8638
26.9853
27.3473
26.4471
27.2749
27.501
27.4001
27.3043
26.7305
28.0603
27.8094
33.8914
27.2167
27.1843
25.9455
25.707
26.5659
25.6539
27.6994
25.7634
25.6683
26.5014
25.6915
26.3209
25.8837
26.717
26.1445
27.9986
26.1138
26.2409
26.7398
25.8599
26.4214
26.7716
25.9924
27.1165
26.3548
27.3182
26.95
27.0079
26.5857
26.5815
26.9014
26.48
26.9625
26.6526
26.5553
26.4223
26.7672
27.2363
34.3987
27.9717
27.5525
28.0611
27.2447
27.6974
28.5799
28.8759
28.1571
27.3935
27.7456
27.3242
28.1276
28.1493
27.2334
27.8463
27.356
27.6934
27.2695
27.6538
26.8152
26.3163
26.9674
26.4247
26.7454
26.6759
26.4053
27.2023
26.6675
26.6968
26.7411
27.4483
26.4583
26.0748
26.6607
26.1953
27.0149
28.4798
32.5123
26.5981
26.1617
27.2508
26.2735
27.0077
26.4781
27.2385
28.5286
27.4639
28.027
27.6207
28.0055
29.9858
27.3696
26.6762
26.6434
27.4419
26.6108
27.3851
27.1289
27.1982
27.2405
26.8358
27.4474
27.0186
27.3864
27.4861
27.8946
27.0865
26.8902
27.0436
26.9466
26.7834
27.0882
26.596
26.4686
29.9368
31.7063
27.3425
26.8831
26.7082
26.649
26.8771
26.0723
26.6635
27.4509
27.1391
26.3145
26.2582
26.2969
26.7944
26.4001
26.4794
26.7347
27.0439
26.1046
26.6622
27.2806
26.1463
27.1028
26.6942
26.3385
27.6152
27.2146
27.1844
28.6593
27.4517
27.1382
26.2041
27.1734
26.2931
25.9448
26.8397
25.7859
26.7241
33.2235
27.1039
25.991
25.7632
26.4007
25.9692
27.7685
26.4535
26.4121
26.3299
27.1779
28.6727
25.9868
26.3363
26.083
25.9251
26.6884
25.995
26.3308
25.6935
26.2855
26.3557
26.1396
26.4003
26.1003
26.4773
26.0128
26.4087
26.5287
26.3428
27.4908
26.22
26.1253
26.5181
26.2271
26.5365
26.3439
26.7789
25.9955
34.478
27.308
26.0222
26.8822
26.4594
26.7005
26.5767
26.8001
27.0734
26.5051
26.9098
27.6186
27.1184
27.5718
27.4878
28.1426
27.4229
28.0805
27.9318
28.1712
27.5988
27.5463
28.2065
27.7577
28.3468
28.0069
28.3702
27.5139
27.5459
28.5654
28.2954
28.064
27.5194
27.9692
27.3349
28.0977
27.8591
30.8108
32.7685
27.4661
28.338
27.5668
27.7752
28.1857
28.2533
28.6872
28.4527
28.0775
27.9143
28.423
27.5788
28.0449
27.6284
27.9632
27.2152
27.7669
27.7544
27.1565
27.8844
27.5078
27.5097
27.3397
27.2299
27.6661
27.0761
27.4535
27.0318
28.0129
27.1955
27.0795
27.8635
27.3131
27.629
27.1799
28.4039
33.6881
27.7635
27.3596
26.9723
28.1266
27.0767
27.6748
27.1561
27.6292
26.962
27.1515
28.0742
27.3976
27.9814
27.5953
27.3821
27.0731
27.0195
27.5103
26.9817
27.52
27.1741
27.2466
27.0247
27.6392
27.4726
26.7054
27.1985
27.0164
26.6674
27.5922
27.0719
27.8046
27.0829
26.9926
26.677
26.6998
29.3561
31.3834
27.335
27.1142
26.9728
26.6374
27.5471
28.2105
26.4408
27.0476
26.6006
26.6677
27.2305
26.9971
27.7593
27.1773
26.8152
26.9245
27.3268
26.9786
26.8417
27.2662
26.5325
27.1026
26.6725
27.3774
26.4111
26.4294
26.8951
26.4903
26.9413
26.4366
26.3041
28.058
26.4487
27.1479
26.8639
26.5885
31.8639
30.86
26.7659
26.3893
27.3207
26.2488
27.2479
26.4784
26.2123
26.9823
26.8409
26.8207
26.4465
27.2006
27.8089
27.1672
26.9444
26.5541
26.7099
26.6179
26.8185
26.481
26.9118
26.0483
25.6941
26.2772
25.6738
25.5444
26.0213
25.5834
26.1082
25.7354
25.6007
26.2145
25.371
26.1593
25.5616
25.6509
26.0006
30.3842
31.5624
26.3263
26.6982
28.147
26.8479
26.5702
26.3928
26.157
26.738
26.3437
26.4834
26.7277
27.1228
26.0674
26.9705
26.7366
26.4733
26.4672
26.2823
26.1519
26.8172
26.3121
26.7945
26.4707
27.2841
26.2275
26.453
26.6925
26.7446
26.6387
26.729
26.5779
26.8255
26.6671
27.0238
26.7508
26.8219
31.5178
30.5614
27.0752
26.6965
26.9731
26.5024
26.6014
26.7874
26.4641
26.9835
26.5494
26.6449
26.7199
26.6651
26.5642
26.5457
26.8728
26.6294
26.6827
26.8268
26.5854
27.1536
26.3722
26.6031
26.974
26.7453
26.4431
26.3387
27.1709
26.2433
27.201
26.4504
26.4376
26.7727
26.7472
26.9455
27.1406
27.7296
27.5131
32.81
27.2615
28.5513
26.7626
26.3035
26.4756
26.276
25.7735
26.8527
27.1307
27.6358
26.2201
27.0324
26.4809
26.1119
26.7288
26.6432
26.9903
26.8243
26.3702
26.3554
26.3789
26.7548
25.9928
26.6672
26.1906
26.4824
26.7231
26.3671
26.4174
26.2354
25.8556
26.7378
26.4139
26.1431
26.5763
26.4067
26.6615
28.5478
32.1262
26.6714
25.6147
25.8354
25.5262
24.9536
25.9675
25.2657
26.4038
25.1762
25.1973
25.2429
25.8086
25.4029
25.6449
25.2164
25.5762
25.7605
25.8678
26.1612
25.6424
25.594
25.4965
25.7947
25.9223
25.8101
25.6862
25.3128
26.1953
25.2764
25.7897
25.2902
25.6792
25.7637
25.5529
25.9591
25.4244
25.376
25.8351
27.4341
32.1141
26.3106
26.7848
26.1848
25.9884
26.6898
26.248
26.7651
26.2958
26.5829
25.9993
26.1941
26.8507
25.7167
26.8789
26.3018
26.2436
26.7493
26.4216
27.3292
26.0615
26.3838
26.1044
26.7221
26.1762
26.2776
26.901
26.3941
26.2928
26.1929
26.9411
26.3336
26.0273
26.8911
26.4568
26.9345
26.2502
26.0059
28.982
32.4002
27.0416
26.0033
26.8385
26.4555
26.1778
26.7349
26.4128
26.0881
25.1811
25.4146
25.9881
25.6246
25.9189
25.88
26.161
25.6889
25.6065
25.5007
26.1144
26.5075
25.6932
25.9795
25.6866
25.6518
25.8431
25.4562
25.8309
25.7488
25.2858
26.0859
25.2374
26.4589
25.3442
25.6412
25.8652
25.4457
27.6977
25.6607
32.6692
28.5085
26.3846
27.1182
27.3869
26.4838
26.3902
27.0519
26.2654
26.2935
26.6311
26.1
26.4212
26.0968
26.183
27.1565
26.8835
26.5442
26.3148
26.1908
26.8825
26.9054
26.1163
26.0578
25.0059
25.1865
26.1046
25.4051
25.9726
25.3166
25.5574
25.9335
25.274
25.4679
25.4539
24.9831
25.8288
25.0434
25.7863
26.3112
31.8547
25.9178
26.1511
25.8784
25.3176
25.6915
25.3536
25.1439
25.867
24.9088
25.7659
25.0499
25.62
25.7459
25.5965
25.7434
25.3783
25.3269
26.2187
25.3809
26.0899
25.4228
26.2181
26.2974
25.182
25.696
25.2575
25.5178
25.7724
25.4723
26.4288
25.5598
25.1994
25.2811
26.1049
27.528
26.0476
25.2397
25.7666
26.0053
33.5252
26.7459
26.807
26.2256
26.6587
26.5318
26.3738
26.4572
25.8252
26.6792
25.8037
26.467
25.6309
26.2114
26.389
25.6462
26.3017
25.7206
25.9459
26.7121
25.7646
26.5298
26.0384
26.4943
26.638
25.9352
26.3423
26.3547
26.2843
25.7696
25.884
26.1676
25.9703
26.446
25.6605
25.9954
26.2325
25.8632
26.4004
31.7106
26.7403
25.9194
25.3414
25.9412
25.5936
24.9105
25.6001
25.0402
25.8029
25.3156
24.9438
25.7537
25.2575
25.9128
24.9747
25.0318
25.8067
25.2915
25.4575
25.1652
24.8674
25.5988
24.9837
26.0645
25.1041
25.2938
25.782
25.3199
25.0446
25.766
24.9341
25.1278
25.979
27.0154
25.868
24.8533
25.1832
25.7829
25.2998
26.3802
31.5165
25.1773
25.7583
24.9395
26.0218
25.4995
24.9696
25.7146
24.9976
25.3678
24.9712
24.977
25.6988
24.8032
25.5998
24.9505
25.1443
25.7873
25.0697
25.3464
25.218
24.9319
25.6825
24.738
25.9004
25.4815
25.1714
25.435
24.9759
25.4579
24.8757
25.0309
25.5662
25.2278
25.5581
24.8067
25.0217
25.6534
25.0517
24.8379
28.9863
30.9253
25.5244
24.8009
25.5866
25.5067
25.6249
25.4628
25.1184
25.5313
25.1501
24.9568
25.7617
24.8544
25.9173
24.9859
25.4638
25.6506
25.1276
25.7345
25.1958
25.4956
25.8097
25.0155
25.8946
25.1394
25.4352
25.8321
25.1035
25.9381
24.8001
27.4069
25.7879
25.1131
25.4572
25.2224
25.4969
25.7967
25.1293
25.818
25.1115
32.7387
25.6968
25.0487
25.6246
25.9017
25.4193
26.0626
25.3896
25.6201
24.8822
24.9784
25.4644
25.2669
25.4931
25.5755
25.0842
25.9052
25.1506
25.7207
25.4932
24.9244
25.9281
25.105
25.0164
25.7333
25.1114
25.0584
26.2288
25.3509
25.7135
25.078
25.2379
25.3242
25.2297
25.7701
24.9912
25.3489
26.0262
25.155
25.3282
29.7289
28.3082
26.3299
25.4015
25.1321
25.871
25.1356
26.5878
25.1441
25.1402
25.5628
25.1161
25.6532
25.1185
25.4615
26.0148
24.9094
25.931
24.822
25.4759
25.8203
25.1549
25.5138
25.1139
25.1742
25.4251
25.0529
25.504
26.4664
27.8158
26.459
25.9131
26.3272
26.2531
25.525
26.7637
25.6166
26.6164
25.717
25.8155
28.7096
31.1635
26.5515
26.0962
26.2961
26.1082
25.6713
26.509
26.628
26.336
25.911
26.1205
26.3113
25.9266
26.2867
26.1283
26.1014
25.952
25.8669
27.1808
26.7132
26.659
26.2437
25.5905
26.3687
25.7675
26.4641
26.1484
26.1918
26.4691
25.9894
26.3939
25.6205
26.4638
26.0118
25.8618
26.0978
25.8338
26.1079
24.8239
33.1035
26.3447
25.0373
25.5183
24.8623
24.9587
25.7361
25.0003
25.5271
26.0323
25.6261
25.6642
25.152
25.4887
25.3648
25.1916
25.8097
25.1107
26.2319
25.2404
25.21
25.4543
25.2722
25.3325
25.3065
24.8212
27.8603
25.1105
25.8027
25.7902
25.6214
26.0091
25.0242
25.8893
25.1521
25.2288
25.7741
25.156
25.8531
25.4392
30.4511
28.3197
25.4878
25.8743
25.198
25.1942
25.1691
25.6997
24.9448
25.8989
26.269
25.2675
25.3969
25.1721
25.6165
26.0937
25.1113
26.1947
25.3372
25.1194
25.5146
25.2507
25.9826
25.1884
25.4109
25.9173
25.4976
25.7844
25.1639
25.6524
26.3542
25.7992
25.7516
25.5204
25.3578
25.936
25.0006
25.9254
25.2958
25.2928
27.0783
33.0024
26.453
25.0743
25.1903
25.2195
25.3179
25.8423
25.5168
25.651
25.8245
26.8341
26.5366
26.796
26.4826
26.4228
26.1064
26.2241
26.2939
25.801
26.2807
25.898
25.7119
27.7881
26.7178
26.4115
26.0983
25.841
26.4485
26.0588
26.6813
27.2562
26.9811
26.533
25.8073
25.7601
26.318
25.9235
26.0628
25.9177
33.0326
26.9675
25.6047
26.3735
26.0306
26.4091
25.8727
26.2482
25.2373
25.0469
25.4124
25.38
26.0762
25.125
24.9554
25.4779
25.2971
24.7301
25.5305
24.8244
25.4397
25.0411
24.7907
25.3611
24.9457
25.4637
24.9667
24.7859
25.6851
24.7759
25.6573
24.7577
25.8381
25.6571
25.0878
25.2208
24.9736
24.7395
25.432
24.9843
26.8174
31.9382
24.9928
25.2613
25.3483
25.2433
25.3297
24.8886
24.9844
25.5042
25.0855
25.31
25.7502
25.5654
25.8732
24.9444
25.4269
25.5021
25.1464
24.701
25.7502
24.6989
27.3619
24.801
25.3932
25.2789
24.9813
25.3
25.1039
24.8437
25.7716
24.5504
25.6404
24.9257
25.5486
25.4707
24.7937
25.5581
24.9892
25.0374
25.2399
27.656
30.6848
24.9311
25.2682
25.4421
24.8403
25.4226
25.1944
24.7947
25.5428
24.7277
25.7618
24.8563
25.8857
25.6058
25.2587
25.5196
24.9258
24.6903
25.4984
24.8728
25.5878
24.6146
25.6214
29.3212
26.4352
25.382
24.7713
25.3654
25.4222
24.8838
25.3298
25.203
25.054
26.0643
24.9358
25.7758
24.9763
24.962
25.1808
25.0797
32.6915
26.1028
25.2443
25.7354
24.7973
25.6309
25.0893
24.9466
25.5512
24.9934
25.4815
25.0987
25.0021
25.9709
25.1695
25.7639
24.8371
25.1803
25.3847
27.6773
25.5025
25.2179
24.9774
25.8848
24.9661
25.3542
24.9471
25.2839
25.6024
25.2495
25.5687
25.2809
25.2888
25.4462
25.6511
26.2488
25.0596
25.1228
25.634
25.2976
26.1544
32.4062
25.0831
25.9476
24.8083
25.1873
24.9617
25.7381
25.8557
24.7293
25.0073
25.0093
25.6654
24.7262
25.5483
25.5244
25.6199
25.547
25.0732
25.1047
25.4533
24.6509
25.6793
25.4519
25.7345
24.9658
25.1247
25.7222
25.2678
25.0937
25.8239
25.0093
25.9396
24.9743
25.7249
25.9684
25.4868
25.4841
24.9932
26.2863
25.1046
29.2427
28.7408
25.6984
25.6968
25.2317
25.8327
25.0674
25.609
25.001
25.0864
25.4792
25.0101
25.326
25.3051
25.2818
25.9309
27.8983
26.0312
25.7812
26.2925
25.803
24.9917
26.1372
25.0663
25.3493
25.7806
25.1823
25.0638
24.909
25.6696
25.2286
25.5363
25.0399
25.0931
25.7795
25.0091
25.8635
25.9479
25.3278
25.8379
24.9063
33.6175
26.0016
26.1785
25.694
26.147
26.1249
25.7956
26.1244
25.9458
25.5867
26.4721
25.5653
26.275
25.7814
25.8814
27.4126
25.422
25.6924
25.2729
24.9174
25.8039
24.9055
25.5765
24.9015
25.14
25.6098
25.0845
25.6874
25.5619
25.02
25.8075
25.1265
25.7145
24.9584
25.1066
25.7925
25.6595
26.026
25.5407
24.8212
33.0781
25.5483
25.2431
25.8123
25.625
24.8296
24.9791
25.4531
25.1436
24.9673
25.5743
24.9649
25.6469
27.0797
25.2672
25.6909
25.5976
25.814
25.6142
24.9314
25.754
25.2635
25.2938
25.0441
24.872
25.9079
24.9619
25.5206
25.1394
25.2155
25.5612
25.189
25.5301
25.3668
25.099
25.5465
24.9532
26.1357
25.5222
25.3784
28.4909
31.1537
26.0851
25.0528
25.7754
25.0749
25.3279
25.85
25.1528
25.8133
24.9768
25.5298
25.8368
25.3986
25.9355
25.1882
25.0751
25.8311
25.1974
26.1748
25.3262
24.9608
25.6032
25.7961
26.004
25.6496
26.1047
26.1285
25.9638
26.1665
25.8512
25.8561
27.1352
27.1264
26.3627
25.902
26.2076
26.5062
26.8151
26.5936
28.6689
31.3502
26.136
25.8116
26.7476
25.7596
26.354
25.997
26.7574
25.6364
25.7097
28.6457
25.7628
25.8091
24.7895
25.2138
25.5005
24.9768
25.788
25.4845
24.7962
25.5618
24.7794
25.5396
25.0479
24.9641
25.5286
25.156
24.9884
25.4261
25.1008
25.1944
25.2624
24.8011
25.6629
24.8229
25.8408
24.8527
25.0668
26.1715
25.8821
33.7807
25.82
26.6456
25.7977
25.5388
26.3729
26.4829
27.1253
26.0077
26.1613
26.6281
25.7663
26.5251
25.6973
26.7964
25.8033
26.0269
26.5807
25.9703
27.0097
25.8703
26.0299
26.4196
25.7526
26.5351
25.8496
25.892
26.0684
26.0106
26.1477
26.028
25.3329
26.1327
26.0523
25.9212
25.9416
26.0965
26.0363
25.831
31.7038
27.2577
25.6339
26.2864
26.0704
26.3296
26.085
25.6404
28.055
25.8509
26.2757
25.9862
26.331
25.9489
25.916
26.3359
25.8674
26.5046
26.0634
25.9262
27.2779
26.0546
26.4522
25.8983
25.6767
26.7604
25.7953
26.438
25.94
26.4054
26.1249
25.8288
26.2076
26.1995
26.5729
25.7939
25.8188
26.2938
25.6802
28.2518
31.1984
26.3587
25.3439
24.9623
25.6261
25.3894
25.1861
25.6285
25.2568
25.5345
25.103
24.8899
25.6211
25.0259
25.556
24.7256
24.8315
25.6321
24.978
25.3531
25.1634
25.1864
26.1544
25.2931
25.4647
25.2928
25.1673
25.6285
24.6939
25.7959
24.8342
25.0511
25.5087
25.2319
25.7359
25.0629
25.0134
25.7847
24.824
25.5173
30.7159
27.1391
26.6378
24.9369
25.6464
25.3442
27.8103
25.0651
24.9616
25.5923
25.077
24.9873
25.4675
25.5584
25.5756
25.1663
24.8899
25.767
25.0485
25.5576
25.1573
25.3076
26.0313
25.5151
24.8815
26.1149
25.0438
25.4957
24.976
24.8548
25.6179
24.7681
25.4925
25.1331
25.1059
25.6091
24.9877
25.125
25.4745
24.9406
24.8612
32.2252
25.1208
26.2394
25.1892
26.7498
25.51
25.8054
25.6117
25.9358
25.9752
25.8829
26.21
25.9004
25.8742
26.4004
25.8828
26.3554
25.6484
26.1779
25.828
26.2477
25.589
26.8708
26.798
26.1489
25.7242
26.3849
25.7213
26.458
25.9707
25.5847
26.499
25.9963
25.8309
25.7262
25.7209
26.2828
25.7573
26.3339
28.1365
30.5399
25.9385
26.2144
29.06
26.4042
26.2655
26.0811
26.3893
25.9939
25.9753
26.463
26.1334
26.383
26.0789
26.1172
26.6106
26.0282
26.4978
25.9496
25.8909
26.7166
26.1777
26.6302
26.7612
26.2038
26.0535
26.3325
26.4938
25.9918
26.5641
26.2567
25.8382
26.605
26.0909
26.6125
26.0147
25.7001
26.6533
26.7141
32.3688
26.1521
25.9241
25.7746
25.4934
25.6865
25.2969
25.6782
25.3131
24.9275
25.7253
24.9942
25.4337
24.8385
25.1803
25.7795
25.2103
25.6213
25.2302
25.5208
26.675
25.3609
25.2412
26.2053
25.7122
26.3341
25.2318
25.9936
26.3141
25.5501
26.1773
25.5226
25.7232
26.0029
25.568
26.0985
25.7074
25.2938
26.2565
25.4461
34.8799
26.5819
27.1261
26.2746
27.3052
27.2644
26.0618
26.0514
25.7484
25.371
25.956
25.5127
25.1735
26.178
25.5085
26.0938
25.5577
25.3433
26.6921
25.3436
26.1719
25.3906
25.7631
26.4709
25.8388
26.8621
26.4361
26.4413
25.3379
25.6972
25.8627
25.2794
25.784
25.3324
25.8644
25.6856
25.3559
25.6105
25.9233
28.2267
31.5712
25.8766
25.9643
25.3624
25.4579
26.527
25.8133
26.0165
25.7772
25.8063
25.8401
25.5305
26.18
25.4171
26.2897
26.1836
26.2904
27.6972
27.1422
26.9339
26.4558
26.3742
26.2303
26.3564
27.3177
27.1314
27.1249
26.8624
26.0738
26.8529
26.384
26.0397
26.781
26.2459
26.6282
26.6156
26.2817
29.3554
28.8241
31.5599
26.652
26.4888
26.2191
26.9864
26.5012
26.7809
27.6598
27.2218
27.146
26.3043
26.4695
26.9397
26.4007
27.0966
26.5271
26.734
26.6295
26.3135
26.9583
27.159
26.8758
27.0659
27.2514
27.6437
28.3861
27.3305
26.9227
27.3491
26.4347
27.1594
26.5433
26.8406
27.279
26.507
27.3366
26.839
26.2899
34.3697
26.6451
27.5617
26.3168
26.9499
26.1773
26.7589
26.9288
26.6758
26.8127
26.2949
26.789
26.6534
26.1501
27.0946
26.3002
26.314
26.521
26.5607
26.6646
26.4339
26.9043
25.9306
26.2266
26.1418
26.5592
26.175
26.5562
26.9422
26.6205
26.0124
26.4567
26.953
26.1749
26.6312
28.361
26.1383
26.6446
27.82
32.6799
26.4349
26.0753
26.272
26.844
26.2658
26.7022
26.3875
29.2107
26.8077
26.5379
26.5894
26.8343
26.979
26.1135
26.2807
26.9758
26.5484
26.7548
26.354
26.5754
26.5878
25.994
25.9806
26.3367
26.0644
25.626
26.8748
26.3513
26.397
26.8494
26.4993
26.3897
26.1995
26.1494
26.1703
26.1057
25.9879
28.2688
30.9107
26.1264
26.279
26.4014
26.5161
25.9359
26.0947
26.5724
26.8702
26.8683
26.3672
26.5435
26.6715
26.321
26.685
26.5956
27.5701
26.7182
26.6017
26.8587
26.0273
26.8422
26.2487
26.515
26.7172
25.8658
26.6737
26.4426
26.6784
26.4962
26.552
26.5279
28.4491
26.5941
26.1905
25.6419
26.4309
25.7449
28.9377
30.9973
26.646
25.9228
26.0186
26.6116
25.9197
26.2897
25.973
25.7915
27.0298
26.453
26.4358
25.8718
26.3956
26.492
25.7241
26.4137
26.1574
25.8566
26.4871
25.6729
26.3231
25.7166
25.9155
26.1189
25.7023
26.641
25.7084
26.2997
26.5647
26.6606
26.693
25.6784
25.8794
25.969
26.4401
25.7075
26.7408
26.3889
32.6489
25.7981
26.1543
26.3793
26.0381
26.2714
26.108
25.7888
26.7674
25.594
26.8115
26.4302
25.6215
26.6327
25.8145
26.6176
27.1512
26.627
25.278
24.8038
25.5629
24.8426
25.242
25.5628
25.2677
25.4256
25.3493
24.8712
25.8899
25.163
25.9764
28.4025
25.5184
25.0705
25.1138
25.6772
24.9308
25.1647
25.8001
26.4142
32.2027
25.0082
25.9789
24.9822
25.0358
25.6825
25.1908
25.9709
25.0855
25.105
25.7714
25.271
26.4355
25.3266
25.2435
25.742
25.0169
25.595
25.1204
25.323
25.4607
25.0831
25.5478
25.1652
24.8491
25.6551
24.9402
25.7889
24.9758
25.0901
26.0615
25.1153
25.898
25.5444
25.4829
25.8825
25.2632
25.7256
25.502
25.2978
32.5061
26.8064
25.7831
25.5217
25.2333
25.8671
26.9218
25.6572
25.4935
25.1574
25.8199
25.2282
25.9915
25.698
26.3131
25.2969
25.661
26.2296
25.433
25.9264
25.089
25.4231
25.9641
25.567
25.6188
25.5647
25.3122
25.7918
25.3887
27.6919
25.5152
25.2417
25.9562
25.2416
26.7512
24.9802
25.2659
25.611
25.4155
25.7863
31.5558
27.6091
26.0251
25.1211
26.1949
25.5343
26.1435
25.0131
25.2911
25.5849
25.6592
26.3982
25.4057
25.9067
25.9729
25.3125
25.8738
25.4698
25.5021
25.731
25.0635
25.9719
25.2144
25.3698
25.5852
25.4381
25.3887
25.4244
25.3379
25.5828
25.3031
25.2281
25.7976
25.1255
26.6157
25.165
25.3268
26.107
25.1692
25.282
27.2773
31.0365
25.0585
25.4991
25.6391
25.1814
25.6391
24.896
25.7137
25.9384
25.2187
25.8897
25.298
26.8692
27.1811
25.4351
26.5827
26.0114
25.753
26.4059
25.7915
26.7277
25.9526
25.9254
26.3382
26.2897
26.398
27.7024
25.9285
26.0997
26.5205
25.9223
26.0204
26.3505
26.1336
26.9231
26.3045
26.8618
26.0574
27.5754
34.1642
27.2345
27.0444
26.4903
26.4039
25.7836
26.2703
25.9572
25.8623
26.0977
25.0306
25.964
25.1404
25.273
25.7082
25.9645
25.9458
25.314
25.0549
25.8356
25.1094
25.919
25.8691
25.2909
26.115
25.0932
25.7472
25.2193
25.1441
25.7064
25.0441
25.3843
25.3455
24.8656
25.6823
25.0369
26.8691
25.3656
24.7857
25.9878
32.6978
25.779
25.7745
26.6251
26.0015
26.7219
25.8019
25.8332
26.6067
25.8481
25.7568
25.9426
26.4962
25.92
26.3594
26.2562
26.6053
26.0784
25.8493
26.5278
25.6784
25.6576
26.2172
25.7866
28.2745
26.0062
24.8722
25.8141
24.8051
25.7542
25.1191
25.469
25.5135
25.2413
25.9194
25.3034
25.8123
25.9711
25.1651
28.2116
31.3039
25.7982
24.8007
25.4061
25.5715
25.0515
25.8504
25.2871
24.9964
25.7184
25.2036
25.8802
25.2322
24.9247
25.6725
25.3674
25.628
25.4951
25.828
25.6144
25.5797
25.8058
25.4823
25.2304
25.8479
25.4419
26.6102
26.1972
25.9804
26.4054
26.0343
26.536
25.8914
26.1608
26.9886
26.1646
25.6637
25.796
26.5201
28.4134
31.2155
25.5975
25.367
25.8541
25.9326
25.9878
25.5362
24.9585
25.7732
25.0841
25.8378
25.1157
25.1662
26.4755
26.4826
26.254
26.0979
26.9112
26.4623
25.5833
25.8971
28.1026
26.6257
25.434
25.785
26.3855
26.0368
26.5099
25.915
25.9286
26.7599
26.0172
26.4406
26.3184
26.2011
25.2508
25.1737
25.7708
26.0231
32.7596
25.8957
25.0939
25.701
25.2994
24.664
25.1282
25.3469
25.0912
24.7166
25.4646
24.9795
25.6628
24.9206
24.92
25.7853
24.9532
25.2317
25.1877
25.2391
26.2513
24.8962
25.1406
24.7907
25.6521
24.9773
25.1631
25.37
24.9692
25.3422
24.6301
25.6223
25.0216
24.8885
25.4987
24.933
25.6893
25.0576
24.6808
25.4571
24.9806
33.795
25.9334
26.4783
26.401
25.9468
26.4278
26.0069
25.7086
24.9414
24.9787
25.5952
24.7593
25.6192
24.7062
25.3802
25.2785
25.0625
25.1692
25.4208
26.4185
26.55
24.9923
25.9551
25.5231
25.6088
25.9162
25.9308
26.1427
25.6501
26.7838
27.2288
25.7112
26.2765
25.7003
26.0951
26.1165
25.544
26.1339
26.471
25.5769
33.8546
26.4571
26.264
25.325
25.9691
25.8873
25.5937
25.3703
24.8861
25.3446
24.9598
24.8352
25.9323
24.8103
25.5095
24.8105
24.8693
25.8001
25.6281
26.1233
25.849
26.2856
26.0514
25.5032
28.0524
26.4518
26.0238
26.0885
25.5984
26.0339
25.647
25.383
26.1148
26.105
25.479
26.0616
25.7104
25.9241
26.0004
25.5533
32.0302
25.9833
26.227
25.4028
25.7979
26.2082
25.3921
25.6811
25.2537
25.9459
25.8628
25.9656
25.9128
25.8461
25.3736
26.2675
25.385
28.5171
25.6844
25.3526
25.9202
25.8685
26.8397
25.7907
26.151
25.8149
25.3299
26.3724
25.6089
26.0329
25.8107
26.3566
25.6708
25.5407
26.0245
25.8349
26.1311
25.5069
25.8856
26.1774
32.5407
26.4505
26.3684
25.5825
26.1273
25.4
26.0609
25.4145
26.1864
25.6561
25.8724
25.8435
25.9367
26.2185
26.2745
26.5619
26.1324
25.6033
26.8124
25.8958
25.4902
25.4451
25.4719
25.3652
25.1562
24.5754
25.234
24.564
25.6019
24.6355
24.9457
25.2882
25.1195
24.9333
24.9076
24.5823
25.1682
24.8821
25.2472
24.7124
32.1625
25.8803
24.8489
25.6307
24.9146
25.6703
24.6296
24.7833
25.3358
24.851
24.8255
24.7568
25.4817
24.6992
24.9455
27.1899
24.9287
25.3276
24.7379
24.8877
25.2814
24.8276
24.9841
25.6066
25.3609
25.4922
24.9212
24.7849
25.7143
24.8678
25.2023
25.4518
24.9128
25.6376
24.5252
25.4553
25.1566
24.8463
25.3838
24.7889
25.6441
32.1267
26.8829
24.8626
25.4029
25.9745
24.9023
24.866
25.7749
24.7065
25.4258
24.9092
24.8548
25.469
24.8652
25.3497
25.1179
24.8092
25.3493
24.862
25.4521
24.9678
24.6027
25.4741
24.6268
25.9165
25.0725
25.3363
25.3223
25.1123
25.192
24.9566
24.9792
25.5883
24.8919
25.3639
24.9818
25.1809
25.1177
24.9689
24.5722
25.4276
32.2282
26.366
24.8532
24.9614
26.2396
26.2301
25.4068
25.0927
24.8626
25.4632
24.8958
25.0093
27.572
25.1803
25.6319
25.9137
26.149
25.6881
25.8302
26.3431
25.5812
25.9816
25.6707
25.6236
26.3359
25.741
26.92
25.7695
25.4677
26.4899
25.5061
26.299
25.6221
25.5989
26.1337
25.567
25.9053
25.8215
25.6212
27.5382
32.6356
26.3124
25.7261
26.3171
25.681
26.2204
26.5965
25.5372
26.3387
24.7354
25.2235
25.161
24.8394
25.3209
24.917
24.821
25.6182
24.5178
25.627
24.5782
24.9955
25.1147
25.0645
25.5049
24.9615
24.8132
26.233
24.8513
25.1202
25.0741
25.132
25.2168
25.0439
24.5314
25.2712
24.7316
25.5182
24.899
24.9168
26.4323
31.8608
25.9304
25.0061
25.8243
24.6735
25.3909
25.3781
25.6806
25.4817
24.6804
27.3571
26.9088
25.4588
26.0699
25.9317
25.5446
25.5133
24.5943
25.6874
24.625
24.8579
25.1147
25.4364
25.2344
24.659
24.8406
25.5764
26.2236
24.8885
25.6937
24.9873
25.2602
24.9103
24.6574
24.7835
25.5493
24.6094
24.9943
24.7464
24.7677
28.6467
29.9954
26.1409
24.6627
24.8174
25.2401
25.1133
25.3849
25.6138
25.0975
25.6682
24.4371
25.3958
24.5388
24.9758
25.2241
24.6474
25.2513
24.7588
24.7109
25.5469
24.6463
25.2073
25.1057
24.8007
25.1772
24.9049
24.8065
25.484
25.0191
26.107
24.8614
24.7496
25.181
24.9019
25.4808
24.7722
24.5286
25.4726
24.6575
25.4582
29.193
29.2603
25.6845
24.6886
25.32
24.6115
24.9801
25.2844
24.8966
27.5861
25.4144
24.7432
25.2437
24.5524
25.5306
24.9075
24.5601
25.5547
24.5737
24.8223
24.9997
25.5085
24.6859
24.6993
25.3987
25.374
25.2508
24.7923
25.2485
25.2655
25.2073
25.5289
24.745
24.8147
25.9016
25.6348
25.9288
25.7469
25.5021
25.2528
26.6789
32.6175
25.3466
24.5772
25.567
24.6518
25.6059
24.7909
25.0068
25.2229
25.2966
25.7528
24.753
24.9165
25.6714
24.4589
25.5428
24.5758
25.0893
24.4456
25.2097
25.1873
25.8313
26.1002
25.5387
26.0499
26.0422
25.7663
26.0293
25.4248
25.4607
26.3013
25.9944
26.2307
25.9285
25.5115
26.0917
25.3423
26.3012
25.7934
28.9143
31.1224
25.7075
25.2975
24.5988
25.1988
24.8673
26.6043
26.2209
24.5966
25.4031
24.5692
25.7119
25.2479
24.9389
25.1288
24.8618
24.5813
25.2823
24.9938
24.6911
25.3413
25.0948
25.2325
25.2008
24.6442
25.7406
24.5437
25.6279
24.7237
24.8859
25.1149
24.7213
25.5192
25.4517
24.873
25.4398
24.3692
25.7725
24.5868
24.9182
29.3962
29.1362
25.4488
24.6596
24.7781
25.4715
24.7269
25.4222
24.7965
24.7222
25.3701
24.7347
25.2625
24.9103
25.8487
25.2082
24.9474
24.9969
25.1497
25.2463
24.7478
25.4123
25.0827
24.8315
25.5066
24.8471
25.4904
24.7809
24.9173
25.2458
24.7201
25.3041
24.5698
24.7038
25.9982
24.9091
24.7014
25.6703
24.8635
25.226
25.6292
33.312
25.5891
25.4452
24.8895
25.2341
26.7076
24.5741
25.5077
24.8251
25.3519
24.6528
24.624
25.396
24.9956
25.6581
25.5577
24.7594
25.6192
24.6165
25.303
24.622
25.3239
25.3911
24.9483
25.1443
25.0898
24.7728
25.5288
24.7046
25.5156
24.8423
24.9966
25.0699
25.0309
24.6729
26.1208
25.0953
25.6367
24.8248
24.7455
27.2076
32.6318
25.5314
24.8456
25.3054
24.8939
24.6544
25.5206
24.5832
25.375
24.5754
24.8771
25.2092
24.9005
24.4968
25.7819
25.2547
25.7658
24.6984
24.7552
24.9727
25.1863
25.3245
25.6021
24.4727
25.4586
24.7128
24.9208
25.0627
25.0315
25.3074
24.7935
24.5348
25.34
24.7314
25.0439
25.2396
25.4756
25.3808
24.9849
24.4508
31.9016
27.4868
25.3509
27.4527
25.2208
24.9637
24.7363
25.3449
24.4928
25.5288
24.546
24.7554
25.068
25.2853
24.5026
25.3026
24.9457
25.959
24.8519
24.8211
25.2956
24.9921
25.2818
24.9214
24.4982
25.6443
24.4758
25.661
24.4752
24.9599
24.8998
24.9159
25.0416
25.235
24.6222
25.1901
24.8596
25.2737
25.7223
24.8619
28.5383
30.8908
25.3886
24.7205
24.7694
25.4562
24.6303
25.3671
24.65
25.087
25.2233
24.8884
24.8579
25.3982
24.5256
24.6971
25.1096
24.9386
25.0653
25.352
24.8117
26.0065
24.6428
25.5036
24.557
24.7706
25.3801
24.9689
25.2551
24.6838
24.8477
25.3023
24.6091
25.2509
25.181
25.0159
24.9911
24.8725
24.6001
26.0376
27.373
31.2621
33.0579
29.8944
32.1627
32.8589
32.0807
32.8376
31.8501
30.8226
27.0453
25.5036
24.6693
24.837
25.1765
24.8569
25.4126
24.8107
25.3406
25.1463
25.3816
24.8693
24.5241
25.4499
24.8043
25.5129
24.5806
24.8433
25.3883
24.6511
25.5059
24.7121
25.019
25.1719
24.5903
24.6452
24.8501
25.6532
24.4979
26.0414
31.0791
26.7582
25.5309
24.5489
25.5363
24.71
24.714
25.0664
24.9025
25.1359
24.9579
24.7663
25.4736
24.5504
25.249
24.5948
25.0188
25.0881
25.2472
24.7647
25.8481
24.7356
25.3239
24.4939
25.0766
25.219
25.0649
25.0388
24.8984
24.5282
25.2673
24.5619
25.3196
24.79
24.8982
25.1499
24.7392
25.4072
24.8397
24.5087
25.2818
30.3203
29.8887
24.9615
24.7928
25.2338
24.6926
25.3352
24.6801
25.1623
25.3621
24.8144
25.1009
24.9378
24.8044
25.2864
24.8059
25.9109
24.5917
24.9376
25.0748
25.129
24.8606
25.9439
24.7188
25.3897
24.9052
24.6932
25.1025
24.9093
25.7191
25.6153
25.2031
26.2787
25.5115
26.0407
25.4495
25.5806
26.9496
26.3259
26.1486
27.0331
33.2759
26.06
25.7272
26.0717
