6.95181e-310
6.95181e-310
1609.39
1211.04
1173.27
1112.42
1077.51
1055.85
993.372
983.601
931.591
881.645
867.524
834.018
827.469
818.896
801.124
787.987
781.071
760.238
744.009
728.899
709.322
690.93
703.578
693.183
685.879
674.753
667.229
658.753
648.561
642.85
636.186
628.968
606.812
595.911
590.159
585.722
598.311
593.041
589.506
586.143
579.592
575.612
572.977
566.026
563.319
554.834
537.763
531.617
540.89
541.813
540.442
537.047
532.746
528.394
526.625
522.419
520.859
519.184
512.736
507.804
503.481
500.543
495.557
493.258
492.089
490.428
485.837
484.125
480.643
480.896
478.13
475.61
464.69
471.441
469.488
465.679
463.746
463.176
460.476
459.118
456.07
454.325
451.627
451.683
447.276
447.456
443.671
428.792
435.904
427.559
420.404
421.724
427.684
421.077
414.486
413.772
412.031
415.406
420.706
419.331
419.176
416.253
416.013
412.147
410.377
410.66
411.72
409.74
408.98
402.252
396.239
392.827
397.139
403.144
401.617
397.469
388.206
391.284
398.953
397.002
397.162
387.28
387.935
380.822
384.604
390.696
389.38
390.763
388.657
386.946
387.027
377.654
384.987
382.914
382.143
378.095
378.076
370.703
376.757
380.26
379.539
378.339
376.026
377.047
373.256
373.875
373.273
372.089
373.103
371.44
370.22
370.111
369.351
370.964
368.499
366.998
366.76
366.702
365.627
365.114
363.875
363.054
359.344
360.273
358.537
360.981
356.791
356.363
356.795
354.451
356.3
354.722
352.528
352.371
345.661
339.218
340.24
338.292
337.989
346.2
347.433
341.869
338.758
345.038
344.365
341.592
340.858
338.971
340.947
339.003
336.995
335.692
333.215
325.888
329.918
334.662
334.993
331.943
333.117
332.045
335.378
331.715
329.628
329.866
329.715
329.112
328.873
327.513
326.801
326.256
325.69
324.389
325.477
322.281
321.907
323.752
318.901
319.027
319.997
310.864
308.226
310.957
311.098
314.766
315.159
307.553
304.154
314.957
314.704
313.797
314.49
317.076
315.713
312.837
312.974
312.627
314.916
303.475
301.062
309.475
305.249
299.051
301.685
307.096
302.508
308.184
304.805
306.326
305.179
304.047
303.785
305.639
302.925
300.152
299.849
299.363
300.962
299.516
299.518
297.683
298.809
298.387
298.323
297.753
299.643
297.223
297.859
297.892
296.82
296.663
295.659
297.786
294.961
294.447
293.853
294.31
289.149
284.928
286.463
283.487
283.341
282.991
287.79
282.573
290.397
292.401
291.716
292.471
290.868
290.343
288.599
281.756
281.798
279.781
279.81
278.632
282.203
282.624
276.427
277.953
283.131
285.297
284.651
285.901
285.466
285.157
285.001
282.248
284.026
283.831
284.612
283.496
283.343
286.035
284.262
283.887
283.005
282.323
282.722
282.066
282.849
281.922
280.312
280.838
271.737
272.355
270.469
270.111
272.416
270.98
268.725
269.042
271.345
267.479
268.218
268.139
268.867
266.9
265.684
274.509
274.693
276.2
275.889
276.748
274.317
274.878
273.191
274.071
273.51
272.587
275.061
272.113
272.547
271.153
263.137
262.397
263.149
265.898
272.037
263.59
262.768
264.467
269.348
267.329
262.375
270.863
268.6
269.66
270.062
268.594
261.395
260.978
260.765
263.88
267.83
268.688
266.828
268.771
268.683
268.348
269.059
263.434
259.903
259.355
260.277
260.393
260.07
260.567
267.042
267.061
260.395
259.556
257.994
258.39
258.137
261.338
268.673
263.912
255.636
256.574
255.973
257.454
264.498
269.377
298.126
262.84
262.317
261.537
262.072
263.156
262.213
260.678
253.282
257.373
261.695
261.854
260.274
260.141
260.967
260.802
259.693
259.305
259.579
259.192
259.401
258.472
261.396
259.226
258.974
258.775
259.396
257.884
258.604
253.972
260.288
258.928
258.648
257.636
258.04
256.978
256.79
256.429
250.093
255.204
255.922
256.203
254.714
254.489
253.572
253.865
254.956
253.09
251.728
251.998
251.245
251.109
251.471
251.073
251.907
249.724
248.859
247.786
247.722
247.88
246.087
247.077
248.73
246.868
247.47
247.557
242.659
243.31
238.046
237.945
240.73
238.207
237.83
237.525
238.395
237.785
238.407
242.627
237.146
241.477
245.366
244.042
244.825
244.27
242.927
244.264
244.317
244.88
243.044
244.231
243.098
243.588
243.503
242.349
244.563
244.972
243.097
244.201
243.364
242.45
240.695
241.595
240.732
240.379
236.339
237.753
233.695
233.226
232.851
233.44
233.995
232.424
234.776
232.669
231.257
232.444
231.025
231.223
232.667
233.625
234.117
233.928
236.806
239.974
241.162
240.255
240.743
240.079
240.016
240.823
239.453
239.092
237.842
238.734
230.817
230.311
231.029
231.027
231.332
233.838
237.681
236.827
229.642
229.316
235.517
237.117
238.896
237.541
236.676
237.487
229.934
230.57
230.629
230.073
229.858
237.19
236.675
236.707
236.231
236.346
236.044
235.231
235.31
237.495
235.297
234.611
235.953
239.065
234.561
234.878
234.455
234.208
237.449
235.012
233.025
234.974
233.284
234.888
234.478
227.798
227.003
228.453
227.231
227.983
234.984
226.762
232.774
232.889
232.697
232.378
224.401
223.953
224.137
224.194
223.488
223.06
229.46
231.183
233.31
230.768
230.379
228.458
225.848
223.755
222.481
223.816
223.913
226.792
224.289
224.822
223.772
227.328
231.36
230.43
231.536
230.272
231.716
229.609
229.919
230.339
230.553
230.78
229.293
229.765
229.913
230.878
230.655
230.115
229.261
223.252
221.604
220.542
220.834
220.641
225.046
218.239
226.019
225.807
219.573
219.003
217.366
218.036
219.645
225.812
224.244
218.92
218.492
219.057
222.996
223.283
219.016
217.745
221.071
220.191
224.211
222.578
222.952
221.931
222.498
221.605
221.211
222.541
221.808
222.594
222.509
223.263
223.15
223.826
223.938
223
219.651
215.819
216.488
216.336
216.134
216.731
216.321
216.803
215.449
222.335
221.02
223.244
224.015
223.171
219.779
219.216
223.405
223.04
225.504
223.756
223.495
224.794
224.079
224.276
224.386
223.176
223
224.715
222.236
221.261
221.749
221.097
220.724
220.975
222.583
220.574
222.738
220.238
220.343
220.054
219.905
220.187
220.071
221.696
221.256
222.411
221.157
221.76
221.626
217.214
214.033
214.055
213.849
218.569
222.988
224.79
214.987
214.442
214.389
214.471
217.74
220.639
220.255
220.102
221.496
219.422
218.929
219.474
218.455
214.041
219.023
212.278
212.678
216.941
221.211
219.927
221.088
220.237
219.784
219.754
220.637
220.116
217.335
214.328
213.662
213.703
214.471
212.838
220.798
211.914
219.439
220.006
221.874
220.07
219.578
221.364
220.483
221.322
219.964
219.359
219.568
221.445
220.194
218.617
218.874
218.622
218.906
219.662
218.016
218.569
220.087
218.263
218.434
211.487
211.061
210.482
210.529
211.164
210.043
211.305
215.837
215.557
214.985
215.471
214.963
215.724
215.053
215.02
214.963
216.825
214.756
213.824
226.297
318.827
229.047
213.845
208.118
212.423
210.177
207.557
212.335
209.28
215.264
207.758
207.137
208.375
207.75
208.892
205.991
206.751
205.26
213.349
205.901
211.035
211.171
210.797
212.239
206.865
205.471
205.547
206.327
205.89
208.484
207.982
206
206.499
206.767
214.126
212.408
213.088
213.463
205.974
205.218
205.008
204.891
204.598
210.072
210.227
210.613
209.5
211.183
210.073
210.81
209.99
210.528
210.684
213.669
207.196
203.902
204.286
203.399
203.644
215.217
211.865
204.191
204.85
209.026
203.907
204.223
203.9
204.531
204.184
203.358
203.232
203.132
210.728
209.274
209.024
208.997
208.297
209.103
208.544
207.51
207.795
208.763
209.752
203.153
203.044
203.778
204.064
203.778
204.448
209.272
211.117
208.96
207.319
211.407
211.759
210.792
210.128
208.957
209.105
208.731
210.192
211.259
209.021
207.471
211.462
207.825
207.639
205.724
203.101
202.886
208.272
204.155
206.191
208.543
208.349
208.61
208.306
208.786
208.604
213.879
208.194
210.784
209.373
208.698
208.525
208.909
208.985
208.349
208.336
208.66
210.464
208.284
208.494
205.27
200.071
200.8
203.155
206.39
206.762
208.262
209.331
207.654
208.1
206.621
206.074
206.611
206.037
206.619
206.734
206.947
209.133
205.805
205.809
206.434
206.697
206.312
206.093
205.549
206.644
206.507
208.307
206.478
206.476
206.271
207.207
205.46
205.465
199.759
199.662
201.564
203.549
205.793
205.415
205.207
204.064
204.092
203.763
203.684
201.685
204.351
201.29
200.835
200.976
201.307
202.871
202.165
202.038
202.73
202.829
204.011
203.043
203.942
202.431
202.641
202.976
202.827
202.215
203.245
202.872
205.061
202.925
202.931
203.488
202.021
201.751
202.296
201.407
195.322
194.688
196.278
194.693
194.292
194.003
194.597
193.885
193.812
195.422
200.179
200.024
199.452
196.073
201.166
200.064
200.667
200.227
200.21
199.732
199.065
198.835
198.618
200.798
198.935
198.628
199.714
199.668
198.431
199.281
198.765
198.839
199.178
200.442
198.308
198.827
197.936
199.049
198.551
198.408
198.81
198.458
199.859
200.701
199.176
198.744
198.141
197.853
197.742
197.654
196.959
198.567
198.502
199.829
197.012
197.617
197.234
198.27
196.916
197.428
197.177
197.655
197.238
199.006
197.702
196.636
196.507
197.116
196.555
198.429
195.736
195.588
192.898
193.045
188.554
191.526
192.455
188.989
189.567
190.814
195.567
194.554
194.534
194.814
196.708
194.492
194.297
203.258
201.387
196.947
201.525
189.088
188.55
188.514
197.476
195.657
195.927
195.53
197.726
195.8
196.965
195.969
196.442
195.985
198.007
195.853
196.084
197.02
197.516
196.227
195.252
195.617
196.438
196.651
196.828
199.424
196.078
196.072
195.533
190.816
189.718
195.088
197.094
195.611
194.188
193.938
188.787
189.057
188.381
189.383
189.402
190.341
194.611
193.691
193.791
192.181
194.163
192.862
193.024
191.386
192.003
192.056
192.245
191.92
187.464
184.961
188.285
184.983
185.443
184.949
185.464
186.922
184.503
183.522
185.556
191.069
191.264
190.574
185.002
185.304
189.942
190.991
190.751
191.255
190.951
190.529
190.872
192.327
191.474
191.295
189.081
184.255
184.597
187.621
190.794
184.766
189.871
190.204
193.362
191.464
190.746
190.433
190.187
190.563
191.341
196.865
195.699
196.681
194.948
191.07
195.103
192.586
184.602
189.304
216.676
196.726
199.261
217.43
195.866
195.21
194.224
189.899
184.31
183.063
189.383
194.095
191.245
194.093
191.848
191.423
183.197
184.048
186.645
188.813
188.756
188.308
188.487
188.348
187.628
187.929
190.821
188.524
189.162
189.457
187.032
189.292
188.546
188.071
187.944
188.182
189.331
190.939
187.19
183.233
182.804
183.324
182.572
182.123
182.711
183.423
188.485
188.455
190.615
187.258
187.034
183.013
182.272
182.122
181.287
187.44
187.942
189.026
189.598
187.433
186.873
186.336
185.652
185.299
185.771
187.236
187.144
185.689
185.654
185.282
186.385
186.06
186.472
185.486
186.063
185.424
186.608
178.649
183.609
184.456
187.672
184.529
184.031
184.561
184.619
184.045
184.255
184.042
183.672
183.819
184.52
186.669
184.318
185.526
183.814
178.278
178.94
178.683
180.24
182.149
184.937
185.819
186.217
183.865
183.641
184.034
184.304
183.371
183.227
183.871
183.665
183.042
181.84
183.022
177.367
177.055
176.278
177.306
179.398
176.886
176.496
174.999
180.305
181.528
183.005
181.56
181.393
182.416
182.298
181.887
182.007
181.894
180.515
181.08
181.263
182.499
181.209
180.6
180.9
177.157
173.809
174.12
179.142
179.041
176.86
174.049
175.255
176.053
174.259
174.217
174.045
174.656
174.203
174.25
175.644
180.528
180.316
175.224
175.636
173.781
174.08
174.286
174.102
174.069
175.286
174.85
174.142
175.083
174.662
173.348
176.216
174.262
175.254
175.986
174.285
174.01
174.475
174.102
173.944
173.766
173.866
176.885
173.988
178.199
173.097
173.437
173.585
172.017
179.095
178.119
178.426
178.004
177.531
178.204
177.466
178.099
177.852
178.326
179.347
179.902
178.68
179.1
177.767
177.833
180.591
176.901
172.244
173.091
174.603
177.27
174.547
172.992
172.422
171.384
171.966
173.19
175.914
176.18
178.351
177.932
177.581
177.875
177.417
179.739
177.026
177.722
177.791
181.695
172.929
171.47
171.476
171.407
170.721
171.363
171.548
171.678
171.718
171.683
172.347
171.702
170.109
170.219
170.57
170.739
174.267
177.504
176.632
175.464
170.219
170.455
177.831
175.104
176.036
176.266
176.662
175.158
176.16
174.985
175.666
174.434
179.337
174.709
175.915
174.436
174.139
176.119
173.281
173.201
174.984
171.681
166.892
167.344
168.282
171.171
172.288
172.047
170.999
173.115
173.568
173.399
172.695
173.836
173.769
173.741
173.441
172.345
167.421
167.717
167.225
168.065
167.097
167.854
167.75
171.217
168.946
166.975
166.692
169.689
167.648
173.355
172.812
173.602
172.812
173.423
172.427
172.296
172.226
172.684
172.086
173.943
170.842
171.102
171.545
171.096
171.143
170.59
171.541
171.349
170.986
171.281
174.003
170.706
170.369
165.225
165.13
165.037
166.384
165.661
170.146
170.918
166.672
165.681
172.241
171.247
170.131
172.082
172.083
170.96
172.055
172.219
171.297
171.882
171.169
171.594
172.347
171.076
171.451
171.446
172.12
173.135
174.779
170.853
171.69
170.988
166.38
166.366
170.328
173.067
172.606
172.342
173.592
173.296
171.786
172.647
174.53
171.721
171.1
172.777
171.672
170.448
170.288
170.683
169.843
171.185
170.626
170.012
170.232
170.864
169.518
172.219
170.131
169.779
170.705
170.503
170.332
170.149
170.879
170.3
169.376
170.338
170.33
171.584
169.548
169.949
169.671
169.596
170.129
169.202
170.236
169.557
168.788
168.168
168.689
170.809
166.149
163.78
164.33
167.4
167.175
163.962
164.269
165.086
164.887
165.357
165.577
169.244
170.588
171.017
170.856
170.162
170.688
171.227
173.269
172.927
171.031
170.787
171.006
173.665
170.304
170.41
170.667
169.795
171.042
170.744
170.613
170.644
170.157
169.968
170.186
172.31
169.609
170.317
169.632
169.812
169.457
169.807
169.453
169.18
169.74
168.06
170.627
168.864
163.286
162.541
162.8
162.706
163.624
162.433
162.867
163.887
162.631
163.325
162.541
168.869
168.905
168.378
169.076
168.612
168.922
168.88
168.357
168.77
167.57
168.462
169.366
165.036
166.848
166.909
166.605
166.663
166.736
166.932
167.011
166.296
166.76
167.649
167.026
169.474
167.707
168.512
168.437
168.548
168.095
167.048
167.379
167.959
168.344
167.714
167.995
170.249
168.526
167.981
168.747
168.038
170.069
168.893
171.773
163.175
163.236
163.71
163.558
165.179
168.264
168.579
167.826
168.8
167.703
162.845
165.651
169.208
168.314
166.091
163.039
166.361
164.351
164.752
167.609
164.147
162.22
164.217
169.304
168.884
168.131
169.198
167.472
170.072
168.163
167.943
167.917
168.833
168.697
168.673
167.845
167.727
167.706
168.02
167.714
170.67
167.832
167.925
164.448
163.172
162.723
167.43
167.951
166.904
167.772
167.445
166.965
169.29
167.069
166.15
166.532
166.783
165.114
166.882
166.666
166.694
165.137
165.081
165.834
168.5
165.677
165.407
164.87
166.136
165.134
165.071
165.997
167.232
165.457
162.558
160.407
162.841
159.959
160.167
160.147
160
160.181
159.645
159.821
159.696
159.593
158.526
166.226
161.971
160.189
159.013
159.378
159.533
159.273
159.088
160.242
161.613
159.169
159.577
162.863
159.044
161.346
159.634
164.945
163.514
164.515
164.925
164.711
164.597
164.61
165.409
163.674
163.945
163.891
162.423
159.016
158.181
158.565
158.473
159.921
158.465
159.027
158.938
158.239
158.048
158.479
161.677
163.88
163.802
163.694
164.805
163.907
164.176
163.658
164.722
163.766
164.67
163.958
163.365
165.869
163.667
164.084
164.156
163.724
164.166
164.101
164.197
164.475
165.125
164.369
165.113
166.617
165.035
166.38
164.681
165.36
165.107
165.137
165.293
164.244
165.65
164.263
164.449
166.963
164.258
165.116
164.656
164.313
163.897
163.782
165.008
163.443
163.51
163.595
163.786
165.576
164.276
163.405
163.397
164.106
162.985
162.222
158.745
159.233
158.029
158.876
157.841
159.204
161.137
159.422
158.574
159.326
158
158.023
158.105
157.851
158.165
158.556
162.447
158.366
166.539
165.047
163.584
165.006
164.227
163.908
164.262
163.585
163.799
163.566
163.093
163.625
162.756
165.334
163.146
163.866
163.844
163.472
162.867
163.728
163.004
164.037
163.917
163.046
163.587
166.59
193.116
178.531
163.686
164.011
163.389
164.843
164.628
164.204
164.031
163.463
164.78
165.866
164.444
163.586
163.39
163.276
164.005
163.802
164.674
164.556
164.132
164.951
164.503
166.611
166.366
165.116
165.679
165.238
165.001
165.923
163.619
164.564
164.292
164.574
164.345
166.424
159.15
163.679
164.258
164.752
166.017
164.157
164.078
163.081
159.124
159.317
160.405
163.758
165.713
163.417
163.817
164.039
162.853
162.691
163.569
163.016
163.54
163.782
162.918
163.768
165.186
163.35
163.705
163.766
163.211
161.778
162.259
162.194
163.079
163.053
164.586
163.451
165.062
163.598
164.894
158.566
158.95
160.067
164.417
164.909
164.896
165.166
165.102
165.917
166.235
167.541
162.747
160.55
160.012
159.648
164.3
164.993
164.866
164.929
164.478
164.392
164.967
167.195
164.488
164.721
164.641
164.665
165.398
163.06
159.246
160.033
159.982
159.715
159.943
162.608
162.603
165.506
164.535
165.16
164.503
164.771
164.227
165.111
164.724
164.496
164.429
164.949
166.72
163.395
164.271
163.929
163.388
163.142
163.528
163.371
163.199
163.26
163.306
158.297
166.219
162.862
162.789
162.565
162.315
162.193
161.97
162.221
162.454
163.897
162.989
162.299
163.03
157.455
159.662
162.382
158.138
158.128
158.861
157.779
158.078
157.979
157.654
158.155
158.894
165.613
164.119
162.986
163.557
162.891
163.638
163.182
162.608
162.935
163.428
163.763
162.858
163.176
157.738
158.708
157.517
157.966
156.9
157.336
158.012
157.892
157.89
157.532
158.273
157.068
162.569
159.206
157.992
157.383
159.82
162.849
162.069
162.043
161.694
161.899
162.478
161.745
162.946
162.46
162.198
162.322
161.992
161.584
161.813
161.151
161.677
160.35
161.327
158.09
158.503
158.371
155.61
157.202
155.553
157.883
162.408
160.519
161.953
160.893
161.438
156.822
156.573
156.121
161.72
160.994
161.544
161.068
161.141
161.298
162.174
162.101
161.439
162.214
159.083
156.657
157.682
156.105
157.175
156.744
157.286
156.241
156.034
156.239
160.429
160.912
160.816
162.028
160.307
162.71
160.563
162.138
161.197
160.571
161.314
162.698
161.227
161.721
161.165
156.657
155.882
157.844
161.592
160.935
156.918
157.027
161.252
160.908
161.318
161.258
162.009
162.021
161.277
161.383
160.965
157.466
155.52
158.668
157.052
155.706
159.636
160.458
161.546
160.749
160.803
162.387
161.394
163.388
161.181
161.071
160.867
162.042
161.388
160.716
160.881
161.744
162.573
161.703
162.23
164.625
161.21
161.151
161.586
161.489
162.027
161.022
161.575
161.455
160.97
162.148
161.705
162.988
162.617
162.503
162.352
161.419
161.783
161.257
161.538
161.353
160.58
161.24
160.8
160.974
162.481
160.58
160.455
159.829
160.337
159.51
160.298
160.916
161.677
160.224
159.837
160.776
161.027
161.69
159.989
160.048
160.102
159.371
158.864
159.444
159.552
159.898
162.1
165.298
164.546
167.272
156.423
159.903
157.661
174.084
170.635
159.553
158.424
159.861
158.871
159.586
160.26
161.068
160.891
160.905
159.651
158.991
160.305
159.977
159.373
158.612
159.651
159.152
158.757
162.279
157.097
153.638
152.625
154.324
152.928
153.334
153.891
152.953
153.868
152.788
154.316
153.221
152.77
160.008
159.566
154.073
154.697
158.61
154.017
153.693
154.043
154.952
158.076
158.945
152.985
157.371
155.793
154.255
152.185
153.182
153.424
153.065
157.158
159.91
158.748
158.629
157.357
156.513
152.443
154.813
156.147
157.031
157.221
159.656
157.035
155.552
157.19
158.17
157.615
156.075
152.939
152.659
155.34
156.734
158.106
159.182
157.87
158.844
157.406
157.597
153.808
152.059
152.85
151.927
152.909
154.982
154.795
158.121
156.793
157.123
156.53
157.183
157.214
156.685
157.684
157.072
156.838
158.081
159.105
157.964
157.514
157.512
157.386
156.698
157.773
156.329
157.225
153.705
151.854
151.733
151.536
154.575
156.994
152.635
152.555
157.505
156.262
151.278
152.855
154.62
155.84
156.176
156.582
155.998
158.887
156.578
156.997
157.503
156.62
156.772
153.447
157.033
157.009
156.108
156.38
157.208
158.887
156.62
156.524
156.359
155.438
156.626
156.149
150.934
154.26
157.423
155.487
155.113
156.143
155.734
157.968
156.369
157.468
157.474
156.542
157.579
156.704
157.071
157.056
157.237
156.587
156.16
159.251
157.162
157.606
159.463
157.429
157.133
156.808
157.538
157.272
156.702
157.128
156.956
156.494
152.783
153.923
152.914
150.974
151.48
155.511
155.686
156.697
156.178
155.31
156.584
156.38
156.34
157.58
156.156
155.602
157.189
155.655
156.394
155.653
155.511
157.634
155.493
153.452
155.452
153.171
156.168
155.003
156.132
155.841
155.734
155.761
155.789
155.282
155.782
156.679
155.921
155.729
155.944
157.234
154.911
155.845
155.981
155.193
155.717
156.099
155.796
154.672
156.053
155.529
155.493
156.122
157.601
155.773
154.932
155.768
155.543
154.784
156.375
155.536
156.02
155.389
155.952
155.905
155.294
158.675
156.229
156.179
155.909
156.814
155.607
155.244
156.818
155.816
156.427
156.922
155.658
155.881
150.604
156.648
156.076
155.506
153.215
150.853
150.107
150.96
150.305
150.583
150.77
152.699
156.591
158.024
156.14
156.081
154.364
153.622
155.505
154.903
150.467
150.515
150.872
149.962
152.012
155.582
156.572
155.566
154.928
155.955
157.448
154.114
153.422
154.755
154.915
155.486
155.381
154.442
154.256
155.751
153.682
153.805
154.355
154.362
154.746
154.273
154.674
154.856
154.373
151.198
149.138
149.668
151.584
153.621
154.495
153.945
154.561
153.918
153.439
153.335
154.063
152.72
148.71
149.215
153.638
154.012
156.224
162.548
153.12
151.017
150.133
148.345
148.43
151.935
154.105
154.564
169.217
157.838
155.432
154.344
154.871
154.35
154.894
155.609
150.606
154.533
154.616
155.663
154.505
154.144
153.285
156.215
154.539
154.733
157.131
153.838
153.061
154.045
149.47
154.411
155.52
155.266
153.472
153.252
156.632
152.197
154.645
150.88
149.188
148.809
152.189
154.448
155.006
153
152.669
152.984
149.94
151.144
148.699
148.284
148.091
148.206
148.764
148.097
147.73
148.662
148.385
147.281
147.115
148.138
147.177
148.135
150.858
152.292
152.745
152.115
153.133
152.582
153.536
153.034
152.584
152.207
152.058
154.025
154.864
152.793
153.215
152.253
152.845
152.276
154.303
152.4
152.315
153.388
152.541
149.65
147.407
149.569
149.471
151.946
152.071
151.879
151.675
151.716
152.846
151.934
147.798
148.519
147.319
151.692
152.407
154.393
152.523
153.348
151.941
151.807
151.536
152.27
151.582
152.09
151.638
152.238
151.948
152.786
154.459
153.233
152.497
151.118
152.818
152.431
151.463
151.981
151.959
152.408
150.948
152.039
151.518
153.039
151.739
151.679
151.012
151.243
151.625
151.98
150.852
151.665
152.774
150.829
150.934
151.008
153.358
151.314
153.876
150.662
147.999
146.108
146.942
146.76
150.499
151.727
152.876
151.18
150.211
153.291
151.283
152.165
150.461
151.363
161.846
165.473
151.255
146.502
150.442
149.901
149.369
150.217
144.905
149.333
150.041
150.44
150.052
150.064
152.169
149.328
150.118
151.946
150.418
149.874
151.04
150.705
152.151
151.219
150.853
149.633
149.695
150.641
149.33
151.437
150.741
151.822
150.308
150.024
152.614
149.99
151.072
151.115
149.134
149.903
149.955
150.266
150.434
149.984
153.549
149.686
150.168
149.498
149.826
150.094
144.887
145.081
144.937
145.988
147.206
147.007
143.495
144.902
145.071
146.081
145.012
144.894
146.165
149.45
144.56
145.585
150.11
149.449
150.174
151.008
149.985
150.085
149.502
150.015
149.144
148.647
150.908
149.402
148.497
149.299
150.096
149.536
149.25
149.634
149.918
149.37
149.892
145.149
144.911
145.091
146.928
145.728
150.015
150.42
149.825
149.575
152.981
149.864
152.033
146.961
145.886
145.757
145.429
148.417
152.553
150.893
150.875
149.993
150.423
150.652
150.994
150.708
152.086
150.113
151.609
151.301
151.435
152.893
150.207
151.415
150.72
149.542
150.818
150.923
149.763
150.673
149.213
150.175
149.775
150.764
152.775
150.221
150.238
150.702
149.655
149.364
150.589
150.585
150.441
149.672
150.689
149.906
148.843
151.433
151.215
150.503
149.496
149.347
149.464
148.877
149.069
149.092
148.995
144.416
144.564
144.28
144.908
151.218
148.994
148.017
149.947
148.276
148.334
149.02
146.097
144.404
143.052
142.989
142.888
144.144
145.636
148.115
147.015
149.494
147.331
146.852
147.355
147.161
150.152
148.037
148.28
147.524
147.508
148.391
148.648
149.412
146.68
147.65
147.314
147.124
142.746
143.134
143.024
147.435
147.858
147.483
147.591
147.005
149.384
147.331
148.617
147.963
147.907
147.653
147.352
147.786
147.322
146.785
147.678
147.8
146.123
146.365
148.82
147.407
145.697
146.335
144.424
143.562
146.185
145.516
147.093
146.808
146.899
146.598
146.512
146.257
148.175
146.727
145.997
145.969
146.006
145.902
145.794
145.98
147.103
145.645
146.237
146.169
146.194
146.441
147.259
147.114
146.062
146.816
145.987
147.236
146.487
146.552
146.939
148.288
146.368
146.189
146.465
145.419
145.166
145.252
144.299
141.055
140.855
141.178
141.216
140.822
141.279
141.706
140.091
140.06
140.084
143.127
141.118
141.109
141.266
141.361
140.393
140.504
141.187
140.649
143.887
144.677
141.424
139.712
140.189
140.184
142.419
141.119
144.846
147.722
144.745
142.636
139.963
141.426
143.482
144.976
144.962
145.543
144.956
144.792
146.718
145.497
144.996
144.644
145.009
144.287
144.839
144.042
145.3
144.867
144.226
145.042
144.885
144.406
146.038
144.023
144.581
140.943
139.626
140.328
140.796
140.182
139.85
141.058
139.549
139.327
139.53
141.01
142.449
142.748
145.253
144.523
140.337
142.292
145.113
145.365
144.142
144.345
144.867
144.664
145.144
145.036
146.292
142.102
139.829
140.778
139.75
140.151
140.566
140.701
144.253
143.842
144.776
144.146
141.922
142.966
146.532
145.716
140.594
139.735
141.152
139.563
140.288
139.436
140.869
140.231
139.859
140.56
140.46
140.37
142.044
141.272
144.198
144.138
145.315
145.051
144.577
144.834
144.97
145.558
144.639
144.559
143.09
140.365
142.203
140.824
144.843
144.199
143.992
142.618
144.292
145.092
145.717
145.188
144.054
144.764
146.384
144.273
141.981
142.224
140.304
144.919
141.113
145.109
140.696
139.717
140.565
144.931
144.887
142.957
142.468
143.178
145.456
141.805
139.359
138.648
139.626
138.547
139.09
139.124
139.604
138.652
139.087
140.292
139.316
140.939
139.269
140.74
139.433
139.616
139.536
139.698
139.679
142.739
142.282
139.723
143.869
142.987
144.353
143.364
142.831
144.48
143.259
142.675
142.22
143.046
142.924
143.728
143.599
141.824
139.244
138.109
139.557
143.188
142.768
143.465
142.55
143.066
142.057
142.463
143.174
142.433
142.046
142.535
143.857
141.516
142.482
142.34
142.093
143.65
141.659
141.426
142.102
141.648
141.688
142.97
141.897
141.148
141.833
141.958
141.644
142.408
140.339
143.711
141.571
141.837
140.047
142.14
141.495
142.074
141.388
141.078
141.59
141.742
142.162
141.394
141.415
139.171
139.949
140.078
138.279
136.918
137.762
140.819
140.884
140.891
141.759
140.328
139.869
136.29
136.967
136.354
138.264
141.461
140.728
138.947
136.519
137.573
137.247
137.075
137.357
142.397
140.095
139.964
141.05
141.261
142.288
141.098
142.221
140.567
140.384
140.115
143.781
149.478
159.647
158.944
142.091
142.733
143.281
140.032
146.406
141.784
141.24
136.08
140.914
139.982
142.679
141.121
142.673
143.561
144.448
141.738
135.911
140.919
143.164
145.127
142.102
145.446
144.865
143.959
140.88
140.445
140.505
136.512
136.491
135.681
136.542
137.182
137.606
141.911
139.329
140.309
145.718
142.988
143.473
138.343
142.494
142.748
140.89
143.362
138.016
142.489
140.91
142.728
142.975
141.261
143.755
144.433
160.879
141.274
146.956
152.189
143.73
145.124
141.906
140.705
144.227
146.628
144.852
143.17
145.199
143.965
139.598
141.73
142.648
143.538
144.601
142.032
143.836
145.951
143.607
142.841
142.257
141.457
145.633
145.326
143.221
143.306
141.24
140.514
144.985
144.658
141.906
136.948
136.494
141.192
136.257
136.198
136.363
136.641
136.138
136.039
135.908
136.845
139.008
140.438
144.516
140.383
140.156
140.744
143.224
136.827
136.967
139.679
155.81
139.745
140.796
140.597
141.543
141.046
137.52
138.581
139.512
136.544
142.739
140.701
140.868
141.779
141.541
141.986
140.551
142.471
141.205
142.803
138.873
138.178
140.596
136.69
139.503
137.186
140.446
144.441
139.706
137.214
139.45
136.651
138.744
140.689
140.605
142.503
140.358
141.054
141.469
142.553
140.25
140.337
140.706
140.896
140.681
140.609
140.041
140.362
140.392
136.32
137.279
137.216
139.592
142.527
137.062
136.688
140.228
141.416
140.947
137.498
136.618
137.456
137.789
141.387
154.38
150.567
140.63
142.239
143.082
142.34
142.431
141.183
141.324
140.351
140.178
141.062
140.572
141.074
140.065
141.137
140.165
139.433
137.881
139.466
140.281
140.078
140.667
141.009
140.525
137.509
138.297
141.939
139.94
140.584
139.949
139.677
141.708
139.33
140.888
138.278
136.491
135.141
136.549
138.32
139.006
140.064
139.842
140.79
140.011
138.978
141.407
139.424
139.756
140.272
139.561
140.683
139.012
139.174
135.004
134.378
135.419
139.105
138.268
137.385
138.101
140.924
138.443
138.916
138.27
138.583
138.138
138.742
138.646
139.052
138.391
138.499
138.839
138.533
138.264
138.546
140.047
137.713
138.761
138.347
138.776
138.056
138.308
138.31
138.763
139.544
138.678
137.844
138.875
138.513
140.186
139.096
138.584
138.44
138.077
138.73
138.606
139.022
138.037
138.62
138.101
138.618
138.679
139.748
139.004
139.82
138.372
136.843
137.816
137.741
138.431
138.186
137.587
137.249
138.129
137.648
137.754
137.706
138.54
139.714
137.377
137.2
137.928
137.534
137.45
137.259
138.544
137.384
138.647
134.548
134.466
134.846
133.883
133.565
137.188
134.145
134.912
134.066
134.495
134.123
133.766
134.253
138.299
139.182
138.03
138.448
138.244
137.94
137.902
141.204
138.408
137.985
139.265
138.587
138.402
138.121
138.335
138.722
138.394
138.392
138.013
138.974
138.459
140.016
138.472
139.59
138.444
137.933
138.221
138.567
139.065
137.835
139.041
138.049
138.089
137.456
138.781
137.749
139.317
138.485
139.255
138.829
138.961
138.73
139.961
138.373
137.836
139.382
138.676
138.431
138.079
138.511
138.735
135.415
138.734
138.38
138.287
137.915
137.817
138.898
138.03
137.95
137.755
138.988
138.117
137.655
138.257
140.223
136.824
137.263
138.298
137.193
137.237
137.835
137.494
136.569
137.976
138.544
137.47
137.35
133.295
137.705
138.065
136.657
136.909
137.09
137.746
136.84
137.61
137.144
137.718
136.42
137.231
137.214
137.627
137.293
139.083
136.94
138.222
137.212
136.257
137.486
137.601
136.707
136.861
137.338
136.994
136.562
136.522
137.372
137.133
138.38
132.306
133.626
132.899
132.79
132.602
133.499
135.735
136.41
135.763
137.049
136.651
137.719
133.378
132.605
137.172
136.902
135.009
137.139
136.246
136.342
137.371
136.667
136.125
136.877
137.016
136.979
136.567
136.311
138.678
136.829
137.136
137.41
137.329
136.715
133.027
133.524
137.512
136.914
136.949
136.479
137.242
136.065
136.812
139.975
139.107
136.98
136.884
136.016
138.028
137.733
134.235
133.819
133.315
134.481
137.292
137.092
138.096
137.096
135.431
132.817
133.388
132.908
133.912
134.791
133.32
133.107
133.528
133.17
133.111
132.812
132.816
133.536
132.964
134.023
132.697
132.941
133.107
133.184
132.737
133.643
132.828
132.18
136.549
138.388
136.824
136.929
137.174
137.634
140.341
136.336
137.184
137.844
136.319
137.348
136.646
137.746
137.002
136.183
136.595
138.373
133.015
132.749
131.458
139.82
136.632
137.089
136.142
137.188
136.884
136.066
136.386
134.716
134.182
136.64
136.745
137.579
136.641
138.02
136.871
136.407
136.504
132.486
133.643
132.941
132.48
132.221
132.958
133.46
136.356
137.188
137.84
136.922
139.179
137.493
138.45
137.135
137.898
136.937
138.072
137.166
136.895
137.006
136.743
136.405
136.28
136.797
136.605
139.05
137.212
136.859
137.245
136.768
136.404
136.426
136.917
136.991
136.939
137.617
136.326
137.149
131.786
133.044
135.683
138.924
137.376
136.848
136.906
134.855
132.539
132.745
132.455
131.539
133.067
137.083
136.625
136.102
136.509
138.095
136.63
136.464
132.696
132.397
132.046
131.723
132.215
135.195
136.368
136.721
136.56
133.503
131.505
131.744
134.131
132.36
131.467
131.8
131.906
132.353
131.437
131.209
131.75
136.408
135.36
135.436
136.529
135.824
136.547
137.608
135.239
135.91
135.212
135.27
136.229
134.892
135.358
135.702
136.02
135.524
136.133
136.775
136.415
137.717
135.498
135.912
136.685
135.367
135.377
136.024
135.544
136.094
135.348
135.886
136.185
137.045
132.552
131.513
134.688
131.677
149.996
149.648
134.512
132.321
130.658
130.81
131.656
133.418
134.892
135.769
135.426
135.174
134.951
138.009
135.798
134.283
130.873
131.697
131.315
131.068
132.633
132.107
132.038
131.375
131.147
131.394
131.321
131.037
133.685
135.172
136.018
131.705
131.079
132.585
131.274
131.7
131.527
133.173
131.755
131.372
131.429
132.136
132.022
131.537
133.517
131.975
131.326
131.402
131.321
132.777
131.68
130.672
132.082
132.311
132.06
131.68
131.414
131.411
134.353
138.006
135.744
136.407
131.601
133.286
131.12
132.932
132.355
132.125
131.813
132.935
135.905
136.421
133.447
132.083
134.76
132.958
135.483
132.189
132.747
135.582
135.748
136.259
135.816
136.753
135.655
136.552
135.484
135.048
136.055
138.057
136.015
135.558
135.136
136.058
135.848
136.924
131.723
132.901
135.311
135.238
135.883
135.729
135.324
135.394
136.561
136.145
134.773
134.857
134.751
135.748
134.21
134.679
135.775
134.829
134.716
134.803
136.065
135.263
136.551
135.006
135.486
134.815
135.239
134.55
135.431
130.241
133.925
134.76
135.334
134.435
131.573
130.404
130.901
130.622
136.222
135.825
134.739
134.506
135.378
135.27
135.532
135.024
134.815
134.637
135.457
134.742
134.532
135.508
137.586
135.675
135
135.348
134.661
130.805
131.257
130.716
131.463
131.039
130.811
131.105
132.324
130.941
135.658
135.461
138.03
132.568
131.143
131.113
132.534
130.869
134.364
135.044
136.756
135.546
134.282
135.096
135.255
134.525
134.372
136.414
135.477
134.509
135.32
134.782
135.321
135.121
135.718
135.487
135.983
135.062
135.667
135.63
135.075
137.399
135.207
135.925
135.54
136.085
135.401
136.267
135.298
135.96
135.986
136.246
135.004
135.694
135.558
136.267
137.976
134.772
135.018
136.327
135.579
135.433
135.378
135.93
135.376
135.448
135.862
137.123
135.823
136.555
135.78
138.833
136.313
136.12
137.123
137.566
136.182
136.52
135.126
131.973
132.142
132.143
132.213
135.862
136.093
135.042
133.954
133.394
137.351
136.308
138.58
135.728
137.758
136.512
138.441
136.525
136.564
136.53
137.189
137.037
137.944
138.244
137.145
135.906
131.944
132.954
133.235
135.822
136.701
135.587
137.228
136.901
136.301
134.882
132.756
132.434
136.621
136.922
137.691
136.186
136.459
137.207
137.114
136.406
136.093
137.024
136.037
131.416
132.85
132.538
132.97
131.015
131.507
133.119
132.501
135.98
136.013
136.149
135.442
136.457
136.135
136.61
135.657
136.688
135.394
138.286
136.507
134.313
132.325
134.538
133.685
131.58
132
134.666
135.751
135.76
133.285
132.801
131.076
132.465
134.325
132.915
135.894
137.052
137.676
136.551
136.317
136.726
136.863
136.513
136.974
135.633
136.153
135.137
133.471
137.845
136.683
136.012
136.681
136.702
136.329
135.012
131.81
131.813
135.917
136.216
136.706
136.853
136.607
135.942
138.131
136.829
136.543
138.355
135.679
136.574
135.478
135.366
135.905
136.025
136.755
135.898
137.486
136.645
136.422
138.256
136.036
136.417
136.852
135.532
136.196
136.076
136.637
136.524
136.434
137.222
136.232
136.424
136.155
138.373
136.665
136.5
135.759
136.31
136.106
133.911
131.482
132.297
130.912
134.785
135.143
132.851
135.416
135.328
137.088
135.974
135.379
136.224
135.519
136.294
135.633
136.424
134.407
132.031
135.851
134.875
135.187
136.15
135.128
137.425
135.355
135.857
135.887
135.724
136.293
135.418
135.231
135.897
136.426
136.66
136.112
136.792
137.09
136.024
137.168
136.676
134.109
135.65
135.918
136.153
136.337
136.233
135.484
135.718
136.059
135.461
136.445
136.069
136.766
137.291
135.591
135.479
136.198
135.273
134.048
132.106
132.262
133.239
132.556
131.596
134.426
135.826
135.876
136.561
138.613
135.498
137.035
137.563
136.259
135.614
136.202
135.884
136.93
136.035
136.101
137.633
136.136
136.413
136.099
138.37
137.544
137.046
135.826
136.562
135.146
135.71
132.018
132.917
134.545
133.687
131.955
132.122
131.792
133.627
136.792
137.78
135.871
135.763
135.26
136.256
135.505
135.523
134.951
135.703
134.991
135.261
135.931
135.757
133.109
131.173
132.318
131.78
131.036
131.592
134.013
134.903
133.787
131.075
132.072
134.974
136.452
134.599
135.585
133.586
131.492
135.162
135.739
135.661
133.975
135.433
135.554
136.241
135.351
135.47
135.54
135.185
135.668
135.008
137.643
135.19
136.137
135.31
135.739
131.196
135.016
135.315
131.448
131.4
131.939
130.281
131.606
131.101
130.945
132.989
131.657
130.764
130.297
130.748
131.17
130.796
131.201
131.301
131.292
130.617
130.368
130.76
130.873
130.646
133.066
135.551
135.06
135.014
134.736
134.287
135.409
134.898
135.035
135.377
135.678
134.736
134.923
135.048
135.557
135.049
136.883
135.256
135.196
135.177
134.875
134.953
134.516
134.588
134.653
134.436
136.191
130.322
131.353
130.757
131.08
133.19
134.012
134.37
131.991
130.242
130.498
130.161
131.113
130.414
130.39
130.134
130.976
130.515
129.733
130.457
132.389
131.136
130.938
129.655
130.408
132.77
133.525
132.758
134.094
134.311
133.525
133.388
134.602
133.966
134.352
135.946
134.725
133.833
134.061
134.05
134.031
134.12
132.636
129.574
132.493
133.328
130.279
128.494
130.208
129.263
131.136
130.42
130.234
129.158
129.228
133.493
134.252
133.177
133.332
133.22
134.143
132.931
133.648
133.767
134.213
133.796
135.612
133.816
135.229
133.332
134.072
133.386
134.654
134.63
134.151
134.137
134.544
134.088
134.051
134.828
133.009
131.482
129.526
129.888
130.625
129.903
129.985
129.895
129.963
129.53
129.797
129.384
129.97
129.086
129.04
129.296
134.619
133.27
133.385
133.101
131.442
129.047
128.94
128.667
129.397
129.036
128.996
129.078
129.485
129.232
128.767
132.006
131.153
132.497
132.9
132.983
134.243
133.504
133.273
134.053
134.317
133.457
134.153
133.81
135.382
133.782
133.823
135.9
134.315
134.273
133.962
133.526
134.259
133.805
133.748
134.379
135.119
133.711
133.958
134.043
134.724
134.403
136.27
133.811
134.868
133.862
133.606
133.959
134.296
133.723
133.231
133.545
133.882
133.545
133.384
133.232
134.278
135.229
134.066
134.161
134.132
133.671
133.297
133.841
134.234
133.511
134.322
133.737
134.794
133.669
133.905
133.691
135.908
135.272
130.836
130.51
130.172
133.392
131.627
129.629
129.818
129.708
129.266
129.296
129.139
128.834
129.586
131.791
129.245
130.344
131.281
129.536
132.154
132.479
132.483
128.411
129.37
128.935
129.009
128.86
129.366
128.644
131.003
129.492
129.468
129.175
128.913
131.762
129.299
128.996
128.619
128.636
129.278
128.759
128.712
128.225
128.88
128.869
130.095
132.524
133.749
133.708
133.118
132.059
132.932
129.292
128.892
130.602
141.207
132.786
132.548
133.451
133.967
134.662
132.653
133.549
133.774
133.758
132.752
132.431
132.878
132.623
132.343
133.162
133.194
132.558
132.146
132.779
135.114
132.845
133.78
131.807
133.398
131.856
131.996
132.171
132.515
132.089
132.683
132.501
133.52
131.854
131.931
133.109
133.155
132.252
132.847
132.591
132.445
132.268
132.479
132.139
133.075
132.147
132.295
132.357
134.16
128.387
128.513
129.836
128.724
128.011
128.205
127.907
128.238
128.218
128.04
128.138
129.002
128.535
130.107
132.26
131.419
132.592
131.763
127.647
131.509
132.239
131.615
131.679
131.433
131.934
131.712
131.068
131.852
133.038
131.667
131.675
131.451
132.287
134.111
132.297
131.781
132.032
131.296
131.561
132.475
131.715
131.155
132.442
132.347
131.761
132.153
131.513
133.03
130.927
128.426
131.918
132.179
132.421
131.512
135.662
131.042
133.81
132.625
131.382
131.741
131.645
127.295
128.217
130.242
128.157
128.087
127.495
128.225
128.57
131.092
131.793
131.503
133.188
131.664
131.642
131.269
131.568
131.923
132.05
133.799
133.726
131.925
131.998
131.65
132.321
132.27
132.038
131.59
132.713
132.138
131.604
131.908
132.999
131.927
133.595
132.761
132.155
133.021
132.012
131.923
132.916
131.081
132.225
128.684
128.047
127.703
127.511
127.523
131.033
132.805
131.262
127.993
127.928
127.617
127.759
126.913
126.895
127.037
127.112
127.791
126.364
127.967
126.827
126.369
126.7
128.975
127.537
127.215
126.749
127.378
127.142
127.681
127.036
127.528
128.605
131.245
131.174
132.096
126.939
127.643
126.958
129.843
130.378
127.652
127.289
127.144
128.127
129.058
132.932
128.401
128.543
127.717
127.188
128
127.901
127.372
129.968
127.087
127.652
131.206
128.539
127.025
130.165
130.334
128.395
128.308
131.29
131.045
131.1
130.938
132.434
130.61
133.474
130.897
131.559
130.912
130.946
130.788
132.017
132.706
128.893
127.377
127.951
127.614
126.616
126.651
127.43
130.417
131.416
130.922
131.106
131.391
130.667
131.158
131.023
131.263
130.76
130.822
131.188
131.509
130.675
131.125
130.344
133.041
131.429
130.722
130.576
131.092
131.153
130.698
130.273
131.621
131.311
130.478
130.639
131.487
133.365
131.056
133.073
132.294
131.19
131.226
131.436
131.858
131.954
134.067
130.688
132.027
131.559
131.34
131.203
131.709
130.518
134.33
131.184
131.811
131.522
131.45
131.712
131.775
130.962
132.037
131.081
132.235
132.174
127.169
128.012
127.865
126.889
128.982
127.419
128.251
130.897
128.341
131.299
129.268
128.763
128.42
127.053
126.707
129.877
130.815
131.76
126.758
131.487
131.597
130.644
131.112
131.423
128.858
127.864
130.419
131.769
131.188
131.191
130.619
131.042
131.152
130.398
130.637
133.486
131.311
130.657
130.538
132.718
130.737
130.542
131.496
131.727
131.821
131.039
130.259
132.003
130.613
130.674
133.15
131.835
130.824
131.299
130.893
131.642
131.095
131.039
130.636
131.551
131.389
131.1
131.524
131.97
131.248
132.604
130.664
132.133
130.741
131.124
130.874
131.998
131
131.421
131.405
131.765
130.915
130.507
133.084
131.905
130.947
132.417
131.179
127.939
128.448
128.315
131.854
132.578
131.721
129.265
130.851
129.209
128.617
128.619
128.913
131.605
132.147
132.732
131.234
132.132
132.858
131.576
130.86
131.707
131.792
131.059
131.94
132.228
131.48
131.512
131.775
134.077
131.82
131.232
131.767
133.196
131.654
131.352
131.348
131.319
132.07
131.338
131.696
130.732
132.782
131.381
132.025
133.945
132.393
131.737
130.589
128.246
128.473
127.891
128.624
127.263
129.219
130.031
144.283
161.613
139.939
139.659
143.276
132.708
132.19
132.318
132.783
132.197
132.208
131.878
132.234
129.478
128.321
129.306
133.92
132.006
131.615
134.09
132.248
132.338
131.195
131.803
131.914
133.49
132.001
132.036
132.233
133.02
131.469
128.514
128.048
128.563
131.004
131.157
131.702
132.601
132.027
131.093
131.69
132.442
132.835
129.116
127.808
128.506
129
129.101
131.023
133.01
133.245
131.006
128.257
127.665
131.726
129.731
131.567
133.134
132.89
132.401
132.032
128.241
131.856
128.927
127.608
129.633
128.526
129.33
130.892
129.651
130.742
131.774
131.455
131.619
131.68
131.727
132.54
133.064
132.081
131.914
130.199
127.576
128.15
128.03
127.315
127.911
128.622
130.783
132.567
131.152
136.891
131.804
131.714
131.658
132.748
131.287
132.778
131.221
132.031
131.175
131.161
127.482
128.417
127.913
127.678
131.845
131.966
131.999
131.691
131.374
133.161
134.07
131.287
131.216
131.869
131.842
131.722
132.083
131.333
132.06
132.345
132.379
132.205
130.541
128.31
130.631
133.674
133.005
131.465
131.494
132.088
131.899
132.452
131.333
132.126
131.978
131.679
131.405
132.17
132.444
132.445
132.263
133.569
132.55
132.031
131.588
128.841
130.624
131.713
132.028
131.722
132.329
131.675
132.495
132.076
132.983
132.765
133.255
132.258
128.755
128.347
128.449
127.938
128.72
128.125
128.079
130.477
132.374
132.134
128.305
127.531
131.376
133.892
131.94
131.876
132.37
131.921
132.343
131.954
132.389
132.279
131.746
131.725
132.622
130.428
128.938
128.526
128.409
129.411
129.786
131.743
133.133
131.677
132.915
131.344
128.598
127.014
127.939
127.771
127.937
127.686
128.987
131.892
134.773
131.615
131.682
128.371
128.614
128.382
127.549
128.374
127.828
130.161
131.885
132.067
133.215
132.709
132.059
130.333
129.756
129.22
128.257
130.529
127.789
128.716
127.571
132.107
131.558
133.08
132.545
133.269
131.56
131.613
127.811
129.819
129.561
132.899
132.53
131.965
131.941
132.525
132.668
132.132
132.103
133.151
131.463
129.983
127.468
128.747
129.207
127.885
130.076
131.235
127.874
128.898
131.783
131.831
131.819
131.978
129.532
128.47
129.407
133.344
132.27
133.056
130.2
127.84
128.488
130.495
131.711
131.843
129.573
128.437
131.973
131.963
132.839
132.13
131.661
132.645
132.225
134.616
132.01
131.693
132.241
131.762
132.334
131.758
131.593
131.77
132.341
132.826
132.074
132.695
132.462
131.948
134.152
132.147
132.197
131.74
132.154
131.88
133.367
131.425
127.47
128.2
127.978
127.593
127.919
127.766
128.459
127.76
129.252
128.767
132.235
132.437
131.033
131.972
131.968
131.963
130.856
127.809
128.961
127.683
127.456
127.435
128.795
130.15
127.273
126.96
128.218
128.26
127.976
127.348
128.611
128.271
127.547
127.253
128.829
131.534
132.327
131.761
131.258
133.843
131.507
131.595
131.362
132.18
131.269
131.492
131.445
132.327
131.994
131.709
131.194
132.737
133.071
131.419
132.875
129.137
128.384
130.649
131.741
128.911
127.656
128.17
128.266
128.123
128.216
127.195
127.664
128.612
127.848
127.849
129.997
127.758
127.161
127.397
127.784
128.334
127.795
127.58
130.318
133.144
132.6
130.819
127.534
129.481
129.686
130.279
127.66
130.354
131.857
131.683
132.319
132.713
132.076
131.768
132.148
132.464
132.52
132.045
131.993
132.428
136.359
133.24
131.945
133.973
131.702
133.257
132.257
133.249
128.899
128.279
132.476
132.723
132.708
132.137
132.349
132.434
134.93
132.108
132.084
129.787
127.993
129.135
131.328
130.28
129.71
129.139
127.69
128.092
128.749
131.269
131.982
134.611
133.9
131.999
131.583
131.707
132.201
131.853
131.473
131.311
131.994
131.901
131.648
131.794
132.453
131.298
131.327
134.374
131.453
128.844
131.343
131.981
132.4
133.177
129.657
127.377
131.978
131.994
131.755
132.066
131.987
131.643
133.916
131.314
132.907
131.017
131.556
131.691
132.38
131.55
131.302
131.315
131.957
132.918
131.791
131.813
132.95
132.733
131.242
131.965
132.098
132.907
131.648
132.192
132.883
131.515
131.816
132.147
132.427
131.435
131.388
132.036
135.437
131.547
131.506
131.765
132.305
134.421
130.871
131.404
131.515
131.487
128.508
131.328
131.707
131.41
131.235
132.16
135.481
129.267
127.777
131.595
132.041
131.911
131.358
133.098
134.232
131.554
131.705
132.348
132.26
131.597
131.289
133.666
132.263
131.749
130.262
127.647
128.077
128.163
130.023
131.828
133.547
133.561
132.089
128.564
127.705
128.362
133.447
130.972
129.857
127.554
129.729
131.682
132.299
131.589
131.984
131.678
131.983
132.703
131.808
131.484
132.213
131.929
133.749
131.551
131.579
132.041
132.088
127.938
128.126
130.244
131.066
131.037
131.48
132.738
131.778
133.804
131.436
132.335
127.416
127.261
127.562
128.013
127.253
127.168
127.396
128.097
127.761
129.797
131.317
132.162
129.883
131.083
133.347
132.702
131.587
131.401
131.153
132.141
131.476
131.674
131.126
133.421
131.638
131.7
130.744
132.228
131.032
129.757
131.846
129.495
130.655
129.452
130.618
130.189
127.905
127.143
127.661
127.847
127.239
127.927
128.453
127.961
127.595
129.581
127.554
127.948
127.839
126.99
127.256
127.963
131.627
132.014
131.847
130.312
132.125
130.841
131.132
132.087
129.971
134.159
131.174
131.466
132.041
131.325
131.337
130.76
132.266
131.823
131.25
132.646
131.954
131.104
130.933
131.339
133.819
131.579
131.262
131.574
132.093
131.858
131.274
131.579
132.909
131.358
131.598
131.475
131.683
131.798
131.291
133.784
131.76
132.093
131.493
131.229
132.62
130.915
132.286
132.059
132.365
131.773
131.286
131.574
128.877
127.213
127.412
129.424
128.678
127.471
129.65
130.335
127.741
127.258
130.864
131.941
131.903
132.014
132.615
133.16
131.821
131.261
130.257
127.23
128.107
127.797
127.636
126.967
127.578
127.38
127.748
127.068
127.685
128.286
127.536
128.754
130.771
131.404
136.361
130.737
131.222
131.674
131.332
127.27
126.875
127.067
127.158
130.806
131.154
132.452
129.634
126.295
126.416
129.964
126.775
129.517
126.899
127.033
126.58
128.017
130.432
131.911
130.755
131.709
131.659
131.45
132.035
130.436
130.371
133.221
131.238
131.021
130.177
131.332
132.598
130.914
130.882
130.715
131.33
130.585
131.656
132.144
131.704
130.743
132.906
130.416
131.788
125.849
126.575
126.487
127.215
127.722
131.247
130.385
131.822
131.439
130.989
130.566
131.358
127.025
128.575
127.128
126.988
127.282
126.369
127.345
131.331
130.855
130.374
130.8
130.233
129.261
127.75
126.624
126.804
129.992
130.845
131.583
130.869
131.279
130.808
130.275
130.279
130.748
130.075
130.225
130.296
130.927
130.223
130.177
129.944
132.478
129.565
130.412
130.843
131.233
129.85
129.69
130.42
130.321
130.541
129.876
127.52
126.981
125.695
125.935
129.944
129.986
128.539
126.424
129.478
129.785
126.527
125.579
126.864
126.287
126.527
130.706
129.765
129.77
129.05
126.688
128.56
128.287
131.444
130.382
130.796
130.383
131.369
130.898
130.509
130.995
132.257
131.085
131.041
130.221
131.262
132.466
130.642
130.21
132.089
130.678
130.396
130.718
131.456
130.893
130.883
131.072
131.313
132.631
130.842
129.981
129.241
127.71
126.197
126.629
127.181
126.394
126.501
126.242
126.214
126.57
127.178
126.391
126.295
127.229
126.676
126.307
126.463
130.849
130.037
130.342
127.753
127.161
126.713
130.403
130.189
130.809
130.394
131.322
130.074
130.757
129.899
131.655
131.407
130.979
130.483
130.541
131.083
131.089
130.095
130.956
130.323
131.513
130.621
130.886
130.595
131.281
130.321
129.897
132.32
131.328
130.49
133.007
126.617
130.498
131.199
127.192
128.135
129.838
131.514
131.28
130.92
133.666
130.502
132.086
131.538
130.439
131.524
128.039
126.424
126.995
127.065
127.339
131.538
131.636
131.515
130.918
130.565
131.334
133.869
131.299
127.856
127.541
126.763
127.811
130.259
130.438
128.318
126.949
130.513
131.365
132.416
130.683
130.715
132.17
129.504
127.119
126.743
126.552
127.294
127.766
130.986
127.613
126.491
127.897
127.601
126.989
131.122
131.459
127.306
126.797
132.461
131.558
131.297
130.589
126.756
126.784
127.275
128.154
130.372
131.576
131.263
130.962
131.025
132.174
132.545
132.317
130.905
131.138
131.271
130.988
130.452
131.664
130.791
131.037
130.359
131.432
130.238
130.61
130.884
132.744
130.672
133.197
130.522
131.326
130.448
130.666
131.149
131.171
130.052
130.972
130.728
131.286
130.442
130.604
130.299
130.564
132.282
130.243
130.543
131.256
129.755
129.607
130.412
131.044
130.809
130.222
130.223
130.439
130.282
129.931
130.266
132.43
130.005
129.518
148.363
153.564
130.41
128.13
126.088
126.355
126.931
130.003
130.118
130.34
130.095
130.73
129.582
133.02
130.815
130.159
130.278
130.577
131
129.742
129.537
129.984
130.712
131.051
130.25
130.32
130.84
130
132.779
130.392
130.522
129.684
129.399
129.788
131.643
130.405
130.124
130.334
130.63
130.327
130.386
130.199
130.412
132.202
131.882
128.776
127.111
126.439
126.353
126.314
126.362
126.822
126.483
126.288
127.249
129.385
129.972
131.054
129.148
128.524
126.249
128.908
131.584
129.661
126.541
127.037
126.294
127.329
126.767
126.837
126.581
127.56
125.769
129.96
130.799
131.987
127.885
131.096
130.827
131.352
130.739
130.143
140.854
132.591
126.446
128.776
134.817
131.731
132.239
132.709
133.076
133.835
132.505
130.562
130.115
131.24
133.689
131.165
127.75
130.096
129.271
129.707
133.266
133.764
136.978
131.737
130.137
133.196
130.719
129.23
128.987
131.434
130.174
131.31
130.997
133.708
130.598
131.331
131.606
131.638
132.487
133.47
131.711
131.554
131.363
131.551
130.84
131.417
132.084
131.196
131.494
131.555
130.801
131.121
130.992
130.756
133.744
131.268
131.044
130.883
130.899
131.815
131.541
131.554
131.129
130.887
131.267
131.49
131.787
131.258
130.69
132.953
131.64
131.058
130.955
130.752
131.115
130.926
130.646
131.007
131.08
130.345
130.213
130.185
131.396
130.225
130.754
132.807
131.199
130.284
130.81
130.939
131.107
130.522
129.976
130.04
131.53
130.198
130.729
130.744
130.308
130.717
130.844
126.421
126.999
125.996
126.174
126.512
127.243
125.888
126.171
126.683
127.334
127.609
126.112
125.939
126.361
129.707
132.194
126.86
126.808
127.047
126.302
126.566
129.088
127.634
126.248
126.855
129.762
131.332
130.153
131.313
130.222
130.924
132.602
129.899
130.042
130.644
130.455
129.693
130.559
130.564
130.137
130.409
129.89
130.438
130.003
129.899
130.241
132.24
130.765
130.333
129.949
130.3
129.789
130.078
130.077
130.757
130.16
130.603
130.03
130.291
130.116
129.772
129.951
131.219
130.773
129.803
129.684
130.318
130.049
130.261
126.344
126.268
126.61
125.816
126.612
125.734
126.887
126.138
128.837
126.593
127.315
125.56
128.322
130.301
130.575
130.766
130.712
130.047
130.563
130.134
129.637
130.316
130.919
130.109
130.554
129.972
130.475
130.154
130.131
129.805
130.19
129.873
126.088
126.364
126.045
126.387
125.908
126.489
126.572
126.927
132.082
130.161
129.969
131.539
129.843
130.464
129.898
126.8
127.308
130.101
130.696
130.45
130.006
130.168
129.997
130.192
125.509
126.074
125.591
125.851
126.679
126.062
125.632
126.003
127.337
129.741
134.361
129.762
130.464
130.185
130.072
131.498
130.577
130.549
129.84
129.381
131.199
130.512
130.202
130.361
130.702
130.064
130.582
130.784
130.489
129.951
133.222
130.417
130.973
127.644
126.223
126.494
127.243
129.957
131.123
129.736
130.766
130.216
128.76
126.005
126.509
126.335
128.295
126.111
126.541
127.14
126.639
126.281
128.611
126.666
126.256
128.369
130.222
130.683
129.911
130.239
131.241
131.937
131.147
131.139
129.958
130.967
130.403
127.981
126.117
127.673
129.865
127.906
126.828
126.287
125.714
128.088
129.859
133
129.763
130.046
129.924
129.899
130.028
130.41
130.403
130.274
129.658
129.687
129.576
130.285
129.861
129.615
129.748
131.263
129.958
129.873
129.383
129.54
130.726
129.894
129.641
130.049
130.461
130.364
130.278
129.595
130.849
130.337
131.834
129.358
131.553
131.168
129.331
129.057
129.892
129.675
130.031
128.478
127.034
126.157
125.731
129.445
130.781
128.688
132.131
130.486
130.005
125.914
128.842
129.335
129.99
128.336
128.913
130.188
129.951
130.266
129.492
130.047
129.594
132.475
130.195
129.609
129.863
130.393
130.028
130.126
129.772
130.02
127.722
126.103
125.299
126.356
125.704
125.388
127.568
130.363
129.608
130.528
130.088
130.133
129.855
129.86
129.904
130.322
130.036
130.759
129.571
131.041
130.486
130.842
131.233
130.518
129.444
130.262
130.124
130.483
130.04
130.891
130.007
130.113
130.475
129.599
130.073
130.343
130.257
130.294
132.923
129.262
130.532
130.082
129.703
130.628
130.327
129.332
129.887
129.561
130.363
129.446
130.025
129.656
130.851
131.36
129.909
130.147
130.79
129.986
129.34
129.553
130.647
129.779
129.674
129.714
130.385
129.537
131.138
129.669
130.808
131.572
128.716
129.654
130.132
129.527
129.036
129.579
129.973
130.121
129.986
129.717
129.943
130.433
129.875
129.846
131.738
126.364
125.65
125.842
129.817
130.681
126.982
129.702
129.377
130.257
130.494
129.657
126.515
125.651
124.909
125.589
130.46
130.062
129.844
129.896
128.204
127.082
130.26
129.352
129.446
130.106
130.017
130.03
130.061
131.152
129.465
131.437
129.242
130.315
129.457
129.383
130.129
130.336
130.284
129.916
126.503
126.108
126.193
126.238
126.49
129.833
128.923
127.493
125.917
126.42
126.066
125.939
125.995
126.312
126.841
125.343
126.046
126.286
127.006
130.334
129.571
130.076
128.267
131.062
131.095
129.66
129.743
130.217
129.987
129.592
129.672
130.183
130.149
130.764
129.656
130.515
129.49
130.164
131.667
130.218
130.292
129.685
129.771
130.315
130.145
129.594
129.275
130.427
130.127
129.776
130.302
130.551
130.426
129.904
131.804
130.946
129.891
129.569
131.49
131.14
129.974
127.648
125.722
126.802
125.362
130.382
127.802
126.568
126.147
128.219
125.905
126.93
126.689
125.354
126.186
126.907
126.528
126.257
126.139
125.94
127.045
126.129
129.393
131.11
130.696
131.529
129.677
130.343
130.283
130.916
130.306
130.04
130.128
129.845
130.285
129.929
130.143
130.251
129.63
130.336
130.557
132.209
130.382
129.675
130.19
130.213
130.074
129.842
130.344
129.54
129.564
129.656
129.762
129.368
125.642
126.661
128.132
126.69
126.479
125.599
127.244
127.371
130.254
130.552
129.864
130.525
129.965
129.816
130.5
131.171
129.524
130.094
131.911
130.992
130.891
130.931
129.872
130.467
130.05
130.111
130.539
131.238
130.151
130.335
129.684
130.364
130.516
134.399
129.858
130.618
130.427
130.122
131.214
130.201
130.013
130.329
131.394
130.852
131.022
129.811
130.88
130.676
130.763
131.507
130.81
129.717
131.544
129.983
130.797
129.71
130.592
130.756
131.196
129.947
131.007
129.657
129.876
129.399
132.521
129.753
126.029
125.748
126.71
126.027
125.731
126.09
126.943
125.956
126.428
129.723
131.103
131.899
130.221
129.852
132.127
130.13
129.896
129.678
130.698
129.995
129.772
129.835
131.715
130.413
129.711
130.083
130.662
130.459
129.797
131.9
129.936
127.685
125.791
128.51
131.418
130.56
129.666
130.232
129.967
130.295
130.007
130.024
129.345
130.232
129.485
129.79
125.854
127.034
126.263
125.976
125.9
126.191
125.624
125.704
126.14
129.875
130.589
130.515
129.417
130.294
130.794
130.601
130.682
131.768
132.101
130.315
129.602
130.191
128.367
126.151
125.969
129.22
131.464
131.593
131.331
130.294
132.504
129.963
129.864
130.395
130.777
129.55
130.033
129.684
130.707
130.061
131.071
130.13
130.961
130.119
130.555
132.659
130.989
130.253
130.405
129.73
131.338
130.148
129.857
130.203
130.949
130.632
131.614
130.025
129.91
127.713
126.289
128.036
126.995
126.209
125.175
126.572
131.244
130.73
130.102
130.569
130.549
130.906
127.63
126.117
126.51
126.999
126.735
128.416
126.421
127.663
126.474
126.421
129.446
127.572
127.024
129.754
130.65
131.355
130.155
130.681
130.553
130.763
132.78
130.295
130.821
130.317
131.119
130.876
131.01
131.058
130.723
131.177
131.102
131.383
129.696
126.524
126.9
127.413
131.099
130.254
130.29
130.318
127.808
127.061
126.622
126.327
127.434
126.782
127.287
127.757
131.213
130.686
130.967
132.06
131.297
131.115
130.45
130.704
131.25
129.994
130.818
130.812
131.831
130.132
130.32
130.78
130.577
130.46
130.732
132
130.756
130.373
130.205
130.681
131.018
130.265
130.467
130.429
131.341
127.695
126.184
126.537
127.453
126.729
128.637
126.211
126.878
127.11
130.73
130.233
126.87
126.834
126.495
126.679
126.702
126.96
126.798
126.604
126.536
126.807
128.126
125.929
126.578
128.542
129.898
129.867
129.902
131.956
130.167
129.708
129.63
131.315
130.299
129.584
130.077
132.365
130.764
130.323
129.584
130.868
130.497
130.078
130.184
130.374
130.62
131.176
131.287
130.767
130.589
126.72
126.734
128.408
128.127
130.137
130.018
130.356
131.258
129.974
130.106
130.05
131.098
130.715
130.279
130.23
131.205
130.291
132.451
129.897
131.437
130.851
130.93
130.305
131.245
130.442
130.34
130.267
130.931
130.659
131.121
130.501
131.103
130.845
130.665
130.235
131.557
132.033
130.213
126.472
130.957
131.257
129.73
125.421
126.957
126.203
126.142
126.241
126.205
131.496
130.505
131.304
130.962
130.134
130.263
130.119
130.603
130.983
130.704
129.651
130.456
130.643
130.369
129.749
130.113
132.063
130.701
130.097
130.078
130.457
130.208
129.928
129.772
127.303
125.694
125.689
130.325
130.695
130.13
130.025
132.294
130.569
130.261
130.394
130.488
131.268
126.949
126.309
125.787
126.622
126.885
126.603
130.319
130.096
132.128
128.638
127.624
128.687
130.902
130.617
130.17
130.529
131.847
130.507
130.284
130.771
131.526
131.149
130.355
130.496
129.351
127.724
126.406
125.987
126.979
125.776
125.869
126.728
130.964
130.411
129.168
130.358
131.202
129.899
131.297
130.119
131.071
132.322
130.324
130.243
130.554
129.821
129.462
130.696
130.527
130.117
129.017
126.759
130.797
129.746
131.755
130.349
128.826
132.623
130.41
130.394
128.833
130.477
130.369
130.418
130.045
131.016
130.858
130.472
130.739
130.889
131.039
129.887
132.33
130.674
130.76
130.308
130.269
130.776
130.68
129.951
126.372
132.437
130.671
129.951
130.62
130.489
130.651
132.075
130.324
132.563
130.704
127.891
126.055
127.088
126.713
126.694
126.155
130.796
130.661
129.706
130.244
131.312
133.382
133.694
137.369
142.171
130.545
130.324
130.257
131.122
130.394
130.545
130.384
130.893
130.053
130.372
130.688
130.894
132.512
130.787
130.855
130.789
130.524
130.443
130.452
131.385
131.117
130.175
130.39
130.674
131.036
131.038
130.607
129.954
133.715
130.595
130.327
130.985
130.548
130.255
130.336
130.425
131.329
130.545
129.972
130.196
130.187
130.602
130.169
131.964
130.567
130.767
131.108
130.183
131.832
131.73
130.028
130.199
130.608
130.14
129.113
125.808
126.76
126.151
125.754
131.304
130.423
129.814
130.033
130.257
130.716
129.941
129.862
130.713
130.736
130.521
129.651
129.756
130.744
129.964
131.546
129.997
130.761
130.079
129.689
130.653
130.046
130.68
130.391
130.26
130.199
130.611
129.941
130.782
129.482
132.828
130.059
129.909
129.345
130.681
129.794
130.21
130.439
131.654
130.278
130.062
129.995
130.455
130.419
129.371
129.654
131.788
129.907
129.777
129.569
130.315
130.091
129.439
129.341
130.412
130.25
129.565
130.002
131.431
129.901
130.348
131.514
130.253
129.87
130.119
129.828
133.862
129.309
129.592
130.274
130.351
130.048
130.045
129.87
130.949
130.483
130.816
132.263
130.262
129.962
130.049
129.688
130.336
130.426
129.8
129.761
130.739
130.392
130.78
130.349
130.238
127.418
128.026
126.12
130.268
129.979
129.777
130.552
129.466
128.98
129.69
130.666
130.999
130.568
129.503
130.118
130.244
130.682
132.097
130.169
130.288
130.68
130.026
130.051
129.793
131.268
130.413
127.946
126.041
126.555
126.044
126.405
126.132
128.651
126.091
126.205
126.05
126.124
127.114
126.009
126.106
125.996
129.798
130.197
130.579
130.029
130.944
130.423
129.993
131.957
131.426
130.203
130.507
129.89
131.027
131.175
130.457
130.198
130.748
129.921
129.657
130.12
130.663
129.731
132.002
129.92
130.683
130.413
130.328
130.477
130.416
130.399
130.52
129.714
131.271
129.606
129.678
130.269
130.332
130.653
132.309
129.633
130.311
130.513
130.366
130.42
130.103
130.938
130.392
130.299
130.694
130.055
129.488
129.678
130.152
131.999
126.544
125.767
126.13
126.314
126.685
129.92
130.24
130.047
130.105
129.572
130.358
130.646
125.151
125.676
128.19
132.518
129.915
129.656
130.122
130.631
129.472
129.854
130.694
130.294
128.25
129.502
129.93
130.66
129.775
129.798
129.733
131.486
130.394
129.469
129.496
129.868
130.399
127.925
126.178
126.192
125.992
125.535
126.405
125.889
130.946
129.795
131.898
129.61
130.589
129.539
130.136
129.894
130.533
129.393
129.608
130.092
131.071
129.746
130.526
129.583
131.037
130.786
132.276
130.326
130.688
130.445
130.269
130.167
130.573
130.393
129.626
129.916
130.533
130.617
129.799
129.917
129.584
131.826
129.963
129.897
129.33
129.974
129.59
129.325
129.698
129.76
129.72
129.591
129.416
130.636
130.021
130.06
125.963
127.766
126.714
130.799
125.957
126.994
129.72
129.125
129.937
130.319
129.582
129.293
129.394
129.772
129.722
129.592
131.639
129.517
127.789
129.671
130.116
130.392
130.034
129.786
129.555
129.795
129.488
126.232
125.564
125.985
125.887
125.777
130.802
129.617
130.079
129.857
129.958
130.6
130.886
129.565
129.463
129.434
130.228
130.612
130.002
129.976
130.445
131.711
129.719
130.48
130.56
129.951
129.831
130.293
130.677
129.741
129.434
129.554
129.986
130.006
129.908
129.888
130.841
131.253
129.314
129.616
130.695
129.922
129.513
129.192
130.724
130.107
129.656
129.616
130.392
129.623
129.811
129.311
132.172
129.512
129.983
129.839
129.899
130.942
129.837
125.988
129.101
130.615
130.061
130.255
129.214
130.649
129.512
131.476
131.481
130.525
127.138
125.824
126.641
130.588
129.869
129.714
129.908
130.204
130.128
130.612
130.053
131.468
130.505
130.843
131.775
132.59
130.444
130.514
130.313
131.266
130.661
130.994
130.478
130.801
130.831
130.347
130.822
130.586
130.479
131.693
130.412
126.528
126.405
126.1
126.151
126.54
126.805
125.761
128.896
130.32
130.985
130.734
130.786
131.043
133.357
130.579
130.256
130.708
130.785
130.306
130.399
130.716
130.645
130.058
131.032
131.481
131.075
131.417
130.538
130.411
132.699
130.484
130.311
130.434
130.768
130.853
131.142
130.634
130.651
130.376
130.681
130.225
131.735
129.984
130.423
132.1
130.957
131.267
131.607
129.833
130.209
129.906
130.256
130.214
130.825
130.784
130.091
129.963
131.262
131.109
131.481
130.228
129.884
130.934
130.506
130.316
130.174
129.975
131.602
128.023
126.123
126.451
129.331
129.754
129.715
132.845
132.292
129.989
129.585
130.728
129.971
130.112
129.856
130.447
129.565
130.475
129.99
130.117
130.549
129.964
129.679
132.598
129.553
129.781
129.94
130.256
130.556
129.447
130.338
131.105
129.854
130.003
129.45
130.22
130.364
130.339
129.661
128.94
128.502
129.995
129.989
130.129
129.466
129.765
129.633
130.353
129.708
129.314
125.99
125.78
128.861
129.839
129.768
132
130.255
130.148
129.589
130.486
131.009
129.938
130.206
129.712
130.714
129.586
129.471
129.949
130.267
130.316
131.658
129.44
131.154
129.11
129.812
129.51
130.807
125.6
128.244
129.403
129.59
126.043
127.623
125.713
125.794
125.321
131.955
129.936
129.927
129.583
130.305
125.77
125.949
127.152
129.971
128.53
129.188
130.996
131.944
130.787
129.2
132.994
131.611
129.334
129.545
128.254
125.548
125.812
125.604
128.556
130.589
129.874
126.508
126.793
125.93
126.162
129.429
128.88
129.567
128.595
128.947
130.552
129.773
129.286
129.137
130.274
129.603
129.764
129.485
129.964
129.839
130.244
130.906
130.862
129.945
128.94
130.497
126.987
126.787
125.217
125.449
125.601
130.666
130.721
130.326
125.957
126.381
125.11
126.794
125.232
126.075
125.309
124.903
125.474
125.237
125.252
125.148
125.209
128.782
126.922
125.77
129.624
129.435
129.256
131.038
128.677
129.431
129.553
128.962
126.569
125.428
125.39
128.262
129.248
129.236
128.906
129.523
130.859
129.368
129.648
130.825
129.711
129.436
130.121
128.042
128.821
127.215
125.584
125.202
128.525
129.686
129.613
129.586
129.995
129.41
131.468
129.599
129.605
129.702
129.076
130.211
129.028
128.762
129.008
129.98
129.367
129.397
128.787
129.88
129.774
127.092
130.233
129.716
128.636
129.216
128.802
130.051
129.673
129.583
128.282
125.879
125.094
125.784
125.125
124.907
125.394
125.633
130.931
129.328
129.98
129.015
129.349
129.168
129.371
129.056
129.806
126.48
125.445
125.234
127.982
128.965
129.665
131.475
129.12
128.855
129.365
129.433
128.839
128.382
130.062
125.789
125.413
125.195
125.361
125.327
125.285
124.935
124.625
126.9
124.996
129.005
128.417
129.271
128.903
129.029
128.199
128.826
128.691
128.841
128.128
129.675
128.607
128.849
127.931
131.11
128.52
128.546
128.69
128.879
128.623
129.216
128.322
128.702
128.632
128.839
128.794
128.877
129.152
128.598
129.49
128.648
127.551
124.493
124.811
125.441
125.058
124.721
125.335
125.858
124.977
125.064
124.636
125.859
128.956
128.552
130.116
128.643
128.757
130.181
128.506
128.868
128.856
128.744
128.829
128.845
128.545
129.383
128.957
128.807
128.65
128.609
130.158
128.346
128.14
128.525
128.066
128.247
128.758
128.653
128.777
128.569
128.75
129.185
128.254
127.754
128.833
128.963
129.881
128.401
128.749
128.947
128.943
128.222
128.417
128.657
127.732
127.215
128.762
128.989
129.227
128.623
125.295
126.713
125.936
124.659
126.046
128.334
129.29
128.031
128.858
128.61
128.917
128.635
128.28
128.778
127.389
124.231
126.877
129.65
128.458
128.805
128.446
128.937
129.905
128.439
128.505
128.641
128.879
129.5
128.189
128.581
129.302
129.296
128.327
129.891
128.508
129.16
128.83
127.702
128.822
129.242
128.692
128.352
126.047
124.397
124.817
124.453
124.437
124.812
126.364
124.583
126.397
128.228
129.581
128.849
128.114
128.315
127.537
123.789
124.195
124.456
127.89
127.961
128.236
128.069
131.473
128.75
128.297
127.915
128.982
128.74
129
128.057
129.31
128.131
128.634
128.273
129.005
128.305
128.582
128.355
130.353
127.264
127.493
124.561
127.687
129.127
128.14
129.267
128.009
128.243
128.69
128.611
128.82
128.559
128.412
128.559
129.957
128.738
124.523
124.554
124.815
125.23
123.993
124.712
124.472
124.801
124.179
125.342
128.51
128.001
129.041
128.706
129.487
128.817
128.856
128.511
130.18
127.92
130.554
129.116
128.473
129.364
129.175
128.766
128.75
129.565
129.159
130.808
128.72
127.886
129.518
128.325
128.523
128.808
128.918
128.435
128.321
129.197
129.473
128.317
128.724
128.153
129.349
130.266
128.237
129.176
128.295
129.308
129.403
128.184
128.672
128.562
129.357
128.326
128.587
129.274
128.839
125.603
124.374
128.556
123.449
124.348
124.476
125.059
124.291
124.176
124.828
124.433
125.305
124.134
126.561
125.464
124.823
124.232
128.168
129.547
128.83
128.246
128.842
127.97
129.039
125.418
124.446
124.297
127.611
128.784
128.528
128.417
128.231
128.555
130.417
127.77
128.663
129.01
127.958
128.346
127.915
129.126
128.555
128.23
127.888
129.755
128.252
128.286
128.054
129.476
130.59
128.586
128.306
129.52
128.129
128.365
128.196
128.708
128.24
128.066
128.142
129.298
128.46
127.892
128.012
128.232
130.639
129.067
128.022
127.852
128.808
128.446
128.226
127.987
128.817
128.108
128.471
128.106
128.839
128.653
127.872
129.573
128.218
127.645
131.142
142.073
152.689
138.554
127.469
127.798
128.205
128.105
129.153
127.726
124.914
126.236
128.736
130.775
128.476
125.019
127.841
128.536
128.283
128.525
128.365
128.021
128.7
128.226
128.346
127.499
127.943
128.764
129.777
129.021
128.361
128.965
128.071
128.488
128.43
129.007
128.219
128.418
128.437
128.901
127.625
127.969
128.284
129.031
129.302
128.713
128.59
124.467
123.973
124.081
124.94
125.836
128.169
128.509
128.659
128.673
128.765
127.756
124.31
123.55
126.858
124.224
127.748
128.875
128.801
127.992
128.279
128.389
129.737
128.383
128.58
128.146
128.927
127.996
129.183
128.685
130.23
129.729
128.624
129.874
129.18
127.988
128.443
130.189
128.703
127.313
124.304
124.646
123.852
125.223
124.434
130.418
128.223
129.291
128.336
127.737
128.07
129.389
128.026
128.635
128.122
129.423
129.054
128.586
127.806
129.198
130.905
131.751
128.636
129.504
130.132
129.991
128.204
129.787
130.066
128.577
128.796
129.069
129.331
129.693
129.69
129.638
129.545
130.84
129.813
129.545
130.198
129.981
128.745
134.289
128.601
127.882
127.538
128.209
128.204
127.101
127.586
128.062
131.007
127.454
131.982
127.136
128.265
127.409
128.307
127.713
128.711
128.717
128.361
128.58
128.672
128.161
127.965
128.565
130.783
129.121
128.065
128.2
129.516
126.7
124.767
127.986
127.683
128.55
127.706
128.275
128.218
128.513
128.37
130.054
128.513
130.027
127.839
128.405
127.333
128.774
129.672
127.865
127.634
129.01
128.226
128.08
128.48
128.788
127.841
130.086
127.609
128.812
128.333
127.864
128.082
127.791
128.894
128.332
127.837
128.171
128.863
128.434
128.077
128.577
128.707
126.166
125.372
124.178
128.899
128.139
128.374
125.34
124.557
127.108
128.138
127.859
128.188
128.522
127.908
127.865
128.888
130.508
128.104
128.095
128.114
129.181
128.548
126.522
124.119
124.562
127.152
128.067
127.98
128.545
128.117
127.524
129.738
129.821
128.219
128.165
127.836
129.243
128.718
128.233
127.994
128.669
128.045
127.885
128.101
128.628
128.879
127.943
128.224
127.261
130.587
127.425
124.74
124.897
126.388
128.35
127.715
126.436
125.647
124.069
124.499
124.225
127.93
128.207
130.109
127.926
128.481
129.272
128.177
128.507
128.386
128.615
128.577
128.29
128.298
128.78
128.074
128.847
128.188
129.571
130.02
127.843
127.672
126.219
124.598
124.255
123.784
124.976
123.715
124.538
124.326
126.474
128.228
128.518
128.331
130.952
128.589
128.505
128.196
128.365
127.555
124.85
124.349
124.217
125.377
123.695
124.61
124.448
125.336
124.757
124.23
127.433
127.211
128.894
128.538
128.414
129.567
128.703
127.624
128.592
129.159
128.772
128.449
128.856
129.969
128.992
129.75
126.177
124.573
129.586
128.756
128.359
128.731
129.251
129.097
129.304
128.431
130.022
128.981
128.682
128.838
129.414
128.277
131.361
128.615
125.227
124.908
125.148
124.261
125.156
125.412
125.322
127.499
128.403
128.775
128.813
128.605
129.208
129.257
130.748
128.48
128.84
129.218
128.851
128.454
129.046
129.154
128.82
128.083
128.855
129.362
128.736
128.209
130.139
131.614
128.549
128.933
128.615
129.569
128.788
128.591
128.727
129.212
128.118
128.533
129.138
129.132
128.982
129.078
128.452
130.78
129.487
128.234
128.432
128.843
130.786
128.364
125.91
124.318
125.234
124.75
124.601
126.703
131.531
128.752
129.529
130.322
131.112
129.106
128.73
128.404
128.806
129.074
127.3
124.545
125.619
124.356
125.033
125.04
124.33
127.478
130.8
128.086
128.065
125.15
128.661
128.58
128.385
129.696
128.434
128.627
128.65
129.095
128.891
128.987
129.041
129.107
127.901
124.767
124.642
124.926
126.418
128.5
128.674
130.69
129.144
126.689
124.698
123.973
125.378
124.157
127.968
128.467
131.375
128.462
126.972
124.819
125.642
127.781
129.384
129.293
128.119
125.002
125.996
128.638
129.494
128.492
128.435
128.685
131.48
128.7
129.131
128.698
128.624
129.946
128.733
129.693
129.988
130.049
128.833
128.518
128.398
129.456
128.279
131.169
128.437
129.231
128.851
129.292
128.297
130.009
128.564
128.843
129.226
129.976
128.372
128.494
128.464
128.868
128.698
129.999
128.311
128.962
128.905
128.774
129.972
128.645
129.176
128.908
129.182
129.076
129.64
128.437
127.65
124.642
127.763
124.41
124.834
124.574
125.631
124.666
124.457
124.857
125.994
124.43
124.858
124.652
125.727
124.74
126.108
128.546
126.543
124.931
124.553
124.906
124.514
125.727
124.978
128.703
129.961
129.232
128.626
129.62
129.026
129.75
129.514
128.754
130.583
128.802
128.598
129.672
128.67
129.621
128.421
128.61
128.824
129.796
129.337
129.388
128.734
129.48
129.88
129.273
131.568
128.551
129.29
129.833
128.873
129.201
129.291
129.378
128.656
129.089
130.168
128.981
129.056
129.469
129.934
129.26
124.781
124.592
125.677
124.884
125.399
124.756
125.612
125.119
124.751
127.803
129.525
130.692
128.754
128.207
129
130.797
129.246
128.713
129.079
129.405
129.602
128.593
128.959
129.607
128.926
125.901
124.994
125.964
125.731
125.332
125.569
126.471
125.8
129.271
128.701
129.424
128.601
128.733
128.779
129.092
127.04
125.621
128.037
129.305
129.553
129.589
128.628
127.616
125.186
125.498
128.805
128.598
129.032
126.065
127.881
128.665
129.418
129.032
128.486
129.098
129.056
128.804
130.37
129.273
129.329
128.897
129.47
128.718
129.243
129.055
128.524
128.756
129.342
129.061
130.394
128.947
129.133
128.914
130.595
129.077
129.259
128.936
128.427
128.789
128.947
129.527
128.752
127.548
124.618
125.332
124.92
127.822
129.423
129.924
130.047
128.833
129.319
129.061
128.435
128.537
129.141
128.461
124.843
124.379
124.83
124.572
125.645
124.282
126.77
129.834
129.753
128.696
129.583
128.973
129.358
128.52
129.07
128.415
129.604
129.082
128.972
128.754
129.397
129.147
129.358
130.547
130.031
128.654
129.084
128.938
130.115
128.762
129.196
129.039
125.482
129.135
128.4
124.512
125.441
124.771
124.741
127.028
126.14
129.854
128.244
129.084
129.132
130.326
128.608
129.217
128.422
125.12
128.998
128.679
129.223
130.078
131.256
128.84
128.636
129.369
128.776
129.429
129.067
130.12
129.582
129.287
128.959
126.373
125.079
124.858
124.663
126.55
130.823
125.288
125.129
125.12
125.303
124.976
125.16
125.215
125.889
125.144
125.365
124.898
124.667
128.496
129.291
129.165
131.125
128.943
129.317
128.741
128.496
129.493
129.078
128.643
128.304
128.937
130.112
129.013
128.958
129.731
128.762
129.395
130.408
130.015
128.753
128.831
128.475
130.418
129.044
128.677
128.952
129.473
130.422
129.096
126.184
126.944
128.867
130.474
129.259
131.797
129.478
128.996
129.059
130.013
129.179
129.32
129.212
130.735
128.88
129.087
129.743
127.463
125.535
126.618
125.69
131.136
129.692
129.142
129.169
129.653
129.263
128.964
130.087
129.037
129.089
128.695
129.393
129.689
131.531
129.799
129.129
130.229
131.485
129.567
128.629
128.184
130.804
128.901
129.827
129.692
129.859
128.951
128.432
129.244
131.466
129.104
128.475
124.912
125.725
127.404
127.496
124.584
124.43
126.285
128.633
124.393
124.499
125.841
124.248
124.94
126.127
126.448
125.772
124.451
124.677
130.026
128.878
127.221
124.58
126.333
129.316
128.771
128.799
128.776
128.949
128.888
130.756
129.08
129.956
128.434
128.573
128.505
129.131
129.278
129.649
128.212
129.599
128.812
128.657
129.038
129.194
130.045
129.221
128.898
128.735
129.44
128.998
128.882
128.978
128.791
129.48
128.954
129.411
128.514
128.861
128.705
128.845
131.018
129.794
127.978
129.03
129.391
128.634
128.987
129.055
129.254
129.197
129.065
128.196
125.801
124.751
124.774
125.01
127.743
124.647
124.781
124.689
128.117
128.979
129.219
128.531
129.597
129.121
129.154
129.002
129.367
128.764
128.726
127.587
125.202
125.089
124.978
127.864
130.788
130.873
128.552
129.201
128.518
129.82
129.411
128.681
129.738
129.637
128.819
131.283
127.444
126.056
125.245
125.494
124.803
125.502
125.179
125.21
128.381
129.145
129.213
129.579
129.546
129.62
129.2
132.669
129.212
129.216
129.305
128.743
129.532
129.171
129.364
129.479
129.156
130.019
129.452
129.567
129.148
129.172
131.833
129.822
129.064
129.061
129.956
128.857
128.584
129.379
128.989
128.988
129.047
128.891
130.31
129.166
128.91
128.909
131.815
129.526
128.706
129.083
129.631
129.251
128.879
128.938
130.096
129.267
129.362
128.745
129.449
130.085
129.695
131.611
127.796
126.122
125.128
125.307
125.717
129.348
128.784
129.308
129.18
130.037
128.938
128.545
129.094
130.151
129.341
130.699
128.727
129.52
128.935
129.207
129.075
129.583
129.255
129.313
129.086
130.071
129.56
128.76
129.064
129.013
129.593
131.148
129.386
129.318
129.273
129.167
129.668
128.839
129.46
129.04
129.153
129.265
129.505
129.083
128.793
127.145
128.684
129.52
130.242
129.227
130.257
129.367
129.057
129.009
129.627
128.984
128.938
128.93
129.483
128.922
129.397
129.039
131.761
129.134
130.824
127.216
125.889
125.868
129.153
129.371
129.735
129.391
129.601
129.288
129.655
129.485
129.349
131.75
129.351
130.448
129.377
129.713
130.102
129.229
129.479
129.59
128.936
130.779
129.521
128.989
129.485
129.855
129.374
131.354
129.149
130.232
129.124
129.099
128.986
130.585
129.076
129.08
128.968
130.557
169.002
154.915
135.685
132.072
132.442
141.436
133.704
137.109
135.539
130.506
128.632
131.897
129.706
129.082
128.739
129.84
126.749
125.346
124.671
127.914
123.925
124.818
125.047
125.063
124.884
124.866
123.982
125.587
124.809
125.187
126.947
128.938
129.296
128.959
129.546
130.454
129.632
129.137
128.795
128.989
129.176
128.976
128.733
128.754
129.682
128.605
129.734
129.359
129.573
128.747
129.328
131.075
129.966
128.734
128.9
128.878
129.53
128.73
128.636
128.43
129.568
128.805
128.701
129.409
129.177
128.712
130.559
128.441
129.209
129.399
128.805
128.802
128.689
128.74
129.361
129.39
129.112
129.614
128.799
125.24
131.319
129.529
131.351
126.993
124.988
125.753
126.418
129.269
129.311
129.901
130.657
129.399
129.347
129.911
129.607
129.542
129.4
130.125
130.343
129.054
129.111
132.24
129.693
128.969
129.205
129.186
129.284
129.3
129.327
129.173
130.004
130.132
129.413
131.234
130.432
128.479
129.631
128.852
129.68
129.79
129.555
129.113
130.338
129.452
129.176
129.529
129.11
125.375
126.673
128.884
125.433
129.496
130.334
128.846
129.949
129.598
130.633
129.139
129.615
129.226
128.595
128.93
129.37
130.586
128.877
128.419
128.895
129.24
129.22
131.081
129.06
129.555
128.972
129.957
126.159
126.155
126.335
128.744
129.902
130.147
132.086
128.834
130.417
125.856
125.154
125.766
128.345
129.654
129.357
129.355
130.29
129.813
129.369
129.339
129.665
130.361
130.681
129.213
129.581
129.612
129.462
129.179
130.095
129.117
131.058
129.44
129.19
130.345
129.786
129.831
128.749
130.488
129.775
129.184
129.167
129.54
130.162
129.055
129.172
129.952
130.18
129.411
129.337
129.011
130.504
129.68
129.731
129.806
131.104
126.983
124.671
124.755
126.209
125.138
124.979
126.177
131.454
129.396
129.365
128.907
129.746
130.794
130.984
125.253
129.398
129.56
129.146
129.146
129.221
129.756
129.679
128.68
131.441
130.033
126.765
125.23
125.449
131.33
131.516
129.262
129.323
129.484
129.561
129.518
128.893
129.84
129.734
128.743
129.429
129.673
125.753
125.424
124.928
125.949
129.591
130.772
128.767
128.862
128.634
129.221
128.775
129.486
127.322
125.492
125.518
124.968
125.941
125.866
127.01
131.206
128.966
129.263
129.162
127.177
125.606
125.082
125.609
124.516
125.188
125.714
125.727
129.926
129.842
129.889
129.412
130.793
129.528
129.153
129.554
129.061
129.132
130.548
129.362
128.168
129.301
130.081
129.523
128.901
129.112
129.502
128.807
131.473
129.167
129.587
129.386
129.028
129.15
129.529
129.917
126.548
128.905
129.931
129.482
128.966
129.112
