6.95181e-310
6.95181e-310
1515.04
1194.6
1104.8
1040.93
957.493
922.865
890.3
867.422
838.488
810.525
787.852
772.8
749.244
734.594
716.533
700.741
691.075
676.782
661.607
648.242
642.491
632.488
622.708
612.569
602.26
592.044
582.737
576.265
564.954
560.619
570.522
553.838
537.566
532.437
532.241
526.792
515.666
511.893
510.433
504.166
499.426
494.484
492.319
486.754
482.848
477.807
474.87
469.567
466.335
463.338
460.65
454.579
450.758
448.936
446.272
448.397
452.886
436.152
432.695
428.35
422.333
426.378
419.092
413.496
413.48
409.068
406.726
405.19
412.854
405.69
398.841
395.926
396.028
396.627
392.822
398.318
391.87
388.49
383.925
382.81
376.607
374.534
371.6
370.18
369.378
368.938
368.852
361.691
359.76
367.65
366.237
361.687
353.367
351.219
348.401
347.388
348.686
344.717
341.55
340.64
340.408
338
337.161
334.19
333.105
331.455
331.77
336.79
333.228
331.755
327.587
325.804
328.544
326.958
325.11
322.393
320.667
319.783
318.957
321.884
329.412
327.477
325.992
326.673
321.137
311.856
312.661
314.054
309.961
314.014
308.162
308.387
306.347
308.32
303.734
303.617
303.003
300.707
302.034
300.775
301.531
298.404
303.847
306.433
294.695
294.631
295.454
294.198
293.064
291.688
292.086
295.002
299.008
302.91
289.523
288.415
289.009
286.687
286.95
285.013
287.195
283.713
282.408
282.533
280.329
281.001
278.814
280.208
277.69
284.544
285.169
284.956
283.22
278.091
272.459
274.36
271.329
271.04
270.719
270.883
268.694
267.834
268.349
269.246
263.579
264.663
261.793
262.618
261.217
260.669
259.885
258.691
257.124
257.956
257.676
257.061
255.397
255.273
257.594
254.402
253.87
252.541
251.814
252.033
250.246
251.684
248.457
248.674
249.396
247.227
247.682
246.167
246.132
243.156
245.312
241.551
241.752
240.183
239.985
239.544
238.667
239.536
239.582
237.24
235.915
237.128
235.717
236.946
235.809
235.555
239.769
236.679
237.348
235.975
234.452
234.229
234.31
232.689
233.347
238.11
238.138
238.962
236.726
235.351
229.381
229.519
227.846
228.298
230.06
225.825
225.704
225.683
225.033
222.078
222.899
224.078
231.232
229.431
226.954
227.001
227.097
220.337
220.85
220.688
220.024
220.135
222.087
224.981
220.756
218.444
217.595
217.91
216.649
215.704
216.593
217.554
215.583
215.399
215.116
215.917
214.257
215.546
214.507
213.692
217.981
213.518
214.727
219.638
219.306
218.391
219.589
218.024
217.271
218.502
219.306
217.567
212.343
216.745
216.198
213.657
213.229
213.953
213.641
215.363
208.373
206.775
207.932
206.221
207.999
207.407
206.648
206.058
207.726
208.552
207.438
206.059
205.872
206.109
204.206
204.357
203.934
205.118
205.165
202.589
208.969
203.69
202.081
201.469
200.124
200.826
200.285
199.66
202.02
199.774
199.668
199.139
198.48
198.524
198.735
197.51
200.283
197.756
201.536
204.692
205.251
202.975
200.005
195.697
197.805
196.358
198.97
200.406
196.655
193.555
193.43
194.323
194.664
200.7
201.516
197.471
192.95
193.415
192.364
195.835
197.206
192.058
192.306
192.448
192.733
193.831
192.821
192.608
192.225
193.621
191.031
192.496
191.049
191.967
190.871
194.406
196.736
195.403
196.672
198.849
196.024
197.424
198.229
197.048
191.294
191.46
190.965
190.902
188.912
190.7
197.05
193.453
188.505
187.373
186.184
187.306
187.152
187.689
186.254
185.926
186.79
187.202
184.028
189.596
190.636
189.443
189.619
190.221
188.916
184.133
183.154
186.965
183.635
183.25
182.811
183.038
182.516
181.764
183.382
182.281
182.457
182.227
183.889
181.856
184.169
187.393
187.427
187.704
187.053
185.841
187.86
186.964
183.871
183.909
180.01
180.762
180.18
180.258
179.69
179.229
184.576
185.193
183.114
181.716
184.54
180.341
176.627
176.093
175.098
175.809
179.994
178.667
173.788
174.165
173.177
172.239
175.166
174.604
173.266
171.731
169.078
170.141
170.677
169.555
169.819
170.217
169.065
175.814
175.627
174.289
174.333
174.002
173.752
173.967
173.996
174.011
173.576
173.807
174.282
175.481
167.356
168.734
166.909
167.279
168.964
173.694
171.95
172.801
171.357
168.84
167.128
168.698
165.66
167.676
167.663
167.144
167.419
166.953
166.714
165.39
164.537
164.624
163.752
167.365
163.6
163.732
165.122
163.263
164.809
164.338
164.609
164.019
163.96
163.1
163.573
163.261
162.82
162.696
162.705
163.68
163.953
163.357
164.259
163.694
164.031
164.632
164.804
166.252
161.949
163.94
162.561
160.644
161.327
160.52
160.609
161.985
161.661
160.671
160.897
160.565
161.978
160.716
166.628
159.868
159.006
160.349
159.718
159.842
160.707
160.662
161.097
161.369
163.749
160.287
160.587
159.982
159.494
158.589
160.043
158.443
158.603
158.693
162.316
162.232
158.656
163.371
162.685
163.761
164.661
164.722
162.703
161.959
162.776
162.537
163.945
160.479
157.152
159.246
157.217
157.275
157.154
157.328
158.302
160.886
156.371
158.222
155.334
155.363
156.543
156.995
159.056
154.332
155.072
155.248
153.921
155.099
154.054
153.774
154.299
153.248
153.549
154.601
159.042
160.043
158.149
159.666
160.614
155.758
154.94
155.285
154.144
154.439
154.992
156.024
154.074
153.51
156.331
153.309
153.799
153.256
152.986
153.157
153.4
152.73
152.407
152.187
153.839
152.815
153.085
154.303
152.199
151.85
150.726
151.194
150.475
149.973
149.833
148.707
148.381
149.023
148.893
147.834
148.354
152.076
148.183
148.603
148.403
150.781
149.216
148.375
150.178
147.774
147.59
147.482
149.282
151.703
155.09
149.006
145.708
144.802
144.285
144.59
145.193
146.035
146.124
146.311
145.982
146.311
146.842
146.168
152.626
150.392
151.569
151.138
152.541
151.109
152.754
151.047
146.655
150.744
146.288
147.027
146.185
150.023
146.644
146.055
148.908
151.946
151.211
151.83
151.965
151.434
146.658
147.843
146.477
146.836
145.344
147.403
145.758
144.868
144.277
149.045
145.434
143.44
144.289
143.738
142.364
142.508
145.833
149.465
144.844
145.274
143.071
143.872
143.901
147.782
148.876
148.743
147.798
145.275
143.958
144.253
144.268
144.58
146.121
144.884
144.691
144.62
144.669
143.574
144.759
142.961
143.563
143.841
142.79
142.738
141.851
143.759
145.171
142.293
143.061
142.857
142.17
142.757
142.712
143.265
143.723
144.177
144.44
142.891
143.652
143.388
145.4
144.009
143.702
143.576
143.034
142.577
142.888
142.665
142.715
142.559
143.656
144.072
143.056
143.973
145.646
143.962
143.24
143.377
144.034
143.339
142.891
142.231
143.191
141.888
141.311
141.525
146.37
141.504
143.265
141.496
140.609
141.56
140.14
141.042
140.005
139.502
139.563
139.14
138.553
138.777
137.974
138.995
140.591
144.536
142.512
143.222
143.922
138.467
138.831
137.178
137.626
137.542
139.541
137.659
137.196
136.942
137.99
139.565
138.205
137.073
138.214
137.675
136.809
136.332
140.296
140.917
137.522
138.325
141.817
137.479
134.158
134.961
136.783
134.59
134.868
141.069
139.321
134.994
135.504
136.004
135.309
135.688
136.273
136.997
135.642
135.558
140.035
139.812
135.554
135.475
136.65
139.382
137.311
133.907
133.721
134.055
132.573
133.553
137.416
134.659
133.531
135.081
134.547
134.569
132.953
133.217
133.478
133.614
134.093
133.723
135.218
134.171
133.883
134.161
135.077
134.376
135.608
133.946
134.378
132.487
132.715
131.912
132.15
132.113
132.361
131.754
132.362
131.287
134.828
134.733
135.651
135.88
135.43
131.992
133.465
133.401
132.794
133.077
133.858
134.283
134.099
134.234
134.607
134.711
138.061
140.848
137.639
133.538
132.534
132.756
132.526
131.763
132.276
131.304
131.924
131.502
131.248
132.11
136.106
137.134
135.657
132.142
134.395
130.449
131.345
131.226
132.36
134.75
131.13
132.182
132.362
131.154
132.005
132.237
131.897
131.55
131.955
132.215
131.892
131.518
131.716
131.74
132.013
131.548
131.096
130.741
130.842
129.21
130.606
130.298
131.041
130.577
131.779
129.355
130.556
128.931
129.437
129.686
129.78
129.89
130.135
130.004
130.184
129.734
129.322
129.672
131.114
129.801
131.882
129.311
129.192
130.052
129.572
128.572
129.882
130.102
128.74
128.94
129.404
129.485
129.252
129.048
128.984
131.13
132.529
127.933
127.262
127.426
129.83
131.028
129.014
128.595
127.543
124.872
124.774
125.446
125.706
125.599
126.092
128.06
125.659
126.203
126.371
125.966
126.338
126.028
125.878
125.652
129.245
126.219
126.458
126.518
126.623
125.952
126.328
127.224
125.962
125.049
124.86
124.282
124.657
124.108
123.579
123.871
123.7
124.016
124.007
123.195
123.231
123.603
123.738
125.159
123.342
123.581
123.08
123.406
123.718
123.368
123.628
121.616
121.69
121.814
122.747
122.513
122.504
121.614
123.185
124.558
122.097
122.989
122.969
122.197
122.274
122.924
121.659
122.831
122.069
123.808
122.509
123.026
122.852
122.913
122.767
122.941
123.81
122.068
121.619
121.317
121.968
121.62
122.123
122.619
122.154
121.622
120.621
120.555
120.826
121.704
120.745
121.402
123.144
121.064
120.174
120.763
119.339
120.111
120.269
119.737
118.979
119.225
118.662
117.617
119.04
118.572
119.578
119.108
118.962
120.563
119.634
119.133
118.024
118.871
117.925
119.245
118.38
118.038
118.04
117.478
117.33
116.358
118.514
118.157
119.146
119.802
121.147
122.973
122.616
123.225
123.348
123.99
120.213
120.239
119.464
120.302
119.667
120.855
119.222
119.582
118.601
122.784
120.972
122.559
119.787
120.381
120.911
119.079
119.485
119.508
120.376
119.267
119.984
119.138
120.283
120.654
118.799
118.721
119.129
119.41
121.155
119.153
117.929
117.47
121.248
115.798
116.138
117.365
116.459
116.033
116.039
115.018
115.432
116.606
115.111
116.125
115.486
118.053
115.356
115.806
115.088
114.927
115.109
114.693
115.017
114.762
114.79
115.065
114.862
114.226
114.312
115.135
113.923
114.477
116.269
114.116
115.054
115.166
114.944
114.478
114.539
114.133
113.823
113.996
113.781
114.528
113.674
114.417
114.036
114.056
115.245
114.273
116.605
114.381
114.207
115.28
114.741
115.475
117.452
116.163
114.035
114.213
113.273
113.352
113.637
112.524
112.591
113.13
112.013
112.431
114.972
112.821
111.924
113.438
111.448
111.374
111.648
112.264
113.21
112.687
111.793
111.865
112.216
112.585
111.122
112.259
111.708
114.575
111.493
114.815
112.629
112.521
112.343
112.591
112.158
111.826
111.763
112.831
111.676
111.854
112.55
112.902
112.875
113.068
112.737
114.351
113.261
112.367
112.003
111.952
112.331
139.737
154.029
121.43
120.062
123.644
115.296
112.237
111.054
111.832
112.443
111.62
112.898
111.207
112.183
110.865
109.724
109.564
109.645
110.78
109.629
110.085
109.258
108.644
109.931
109.619
108.999
109.01
109.877
109.358
109.173
111.939
108.656
109.174
109.45
108.506
107.956
108.496
109.186
107.897
108.681
107.714
107.447
108.323
108.6
107.965
108.441
108.093
109.363
109.654
108.409
109.02
108.704
109.466
109.144
109.326
108.516
108.011
108.848
110.742
107.739
107.505
107.735
107.652
106.251
107.043
106.327
106.261
109.333
106.624
105.626
105.851
106.888
105.087
105.602
105.504
104.408
106.48
105.221
104.925
106.312
105.205
105.727
106.654
105.388
104.85
105.412
107.362
106.398
105.127
104.841
105.219
105.085
104.72
104.884
104.118
103.277
103.596
103.812
104.728
103.856
104.165
104.031
104.56
104.073
104.608
106.331
103.829
103.904
103.649
103.942
103.05
104.145
105.696
105.796
106.844
104.377
103.493
105.358
106.591
107.529
106.645
104.468
104.132
103.767
106.647
104.303
104.969
104.918
104.527
106.386
106.524
102.927
104.228
103.1
104.469
104.029
103.191
103.772
103.575
102.865
102.921
102.051
102.456
102.772
103.304
102.066
101.599
102.276
104.679
105.914
105.469
105.596
106.369
105.927
105.648
104.377
103.052
101.858
102.966
103.032
101.655
102.557
101.72
104.488
101.523
101.368
102.007
101.07
101.388
101.68
101.347
104.906
104.509
105.988
105.405
104.479
104.995
104.544
101.813
101.512
100.99
102.019
101.542
103.466
100.77
101.33
105.713
103.182
101.041
101.848
100.99
100.956
100.589
99.7371
101.051
100.422
100.004
100.814
100.092
101.265
101.164
99.7582
100.269
101.513
99.9326
100.439
99.4989
100.051
99.5486
99.6228
100.153
98.4257
98.5035
98.4419
98.422
98.7688
100.181
98.0846
98.4295
97.6908
98.1742
96.9812
97.1268
98.905
97.9001
97.2329
97.4547
97.2996
97.526
96.952
97.7374
97.8669
98.1543
97.2846
97.6758
96.9305
97.465
97.5875
96.8053
96.8959
97.6732
96.6233
97.8976
96.504
98.4124
97.233
97.3189
97.2222
97.3013
97.053
96.5137
97.814
97.4137
98.3493
96.6303
96.7609
97.096
96.6128
97.6072
96.1138
96.6302
95.7035
95.821
95.1523
98.0215
94.8991
95.3193
94.8238
96.0633
96.0411
99.064
99.5092
97.4684
100.027
98.0896
98.6297
97.7964
98.1888
98.9807
98.4889
96.0874
94.6653
94.8829
94.7487
95.2915
97.593
95.6705
95.0764
96.1898
95.7232
95.9486
96.3778
96.4541
98.0681
95.138
94.8994
94.8339
95.6607
94.7751
94.9444
95.2229
95.3162
95.9738
95.6154
95.3608
94.9931
97.2483
95.7881
97.1736
96.3294
95.8682
96.0862
96.5506
96.6393
97.7288
95.9263
96.2141
95.6522
95.2389
95.9978
94.4241
95.1997
94.6986
94.4177
94.1319
94.8165
94.419
97.4415
93.5158
94.3865
94.436
94.8667
93.8062
93.6329
93.338
94.0613
94.7096
94.2914
93.6897
93.9898
93.608
93.518
94.6722
94.1537
93.8204
93.3675
94.0945
94.0729
94.9229
94.542
93.2845
93.1958
92.9502
93.7763
92.9773
92.2913
92.5731
95.4103
95.0505
96.79
96.1781
97.0476
94.1778
94.3128
94.3836
94.5853
94.095
94.4402
93.6754
95.2122
97.7957
97.2714
95.7369
94.9607
95.2432
95.9755
94.3978
95.3927
95.3515
95.1989
94.4971
95.8804
94.4634
94.3217
94.1517
94.9473
96.1218
95.2493
94.3337
94.3874
96.9618
98.0876
97.5029
96.7315
97.0743
96.6253
94.8192
93.7526
93.5367
93.3995
93.5111
93.2104
93.3653
93.3386
92.5145
92.4675
95.1666
95.2516
94.8259
95.8193
95.0425
95.9127
96.5343
94.9721
92.6335
92.7234
91.9683
92.857
92.2502
92.1039
93.6452
92.5252
93.2465
92.4948
92.1319
92.165
92.4861
91.9933
91.9505
91.0839
90.7376
91.4824
90.6707
91.3632
92.9391
90.5507
90.6942
90.9399
92.0297
90.9641
91.466
91.7509
91.8252
92.3794
92.2255
93.1988
92.1075
92.6752
92.0448
93.1932
92.1346
92.2897
92.3158
92.0969
93.3212
93.1715
95.0538
93.0803
92.117
92.538
93.1111
92.5573
92.5249
92.7806
92.4705
93.1798
92.8495
93.0064
92.3023
92.4802
91.8203
92.8463
93.2678
92.586
92.2927
92.711
93.4446
94.1111
95.5886
93.3005
93.8825
92.701
93.377
92.9318
91.919
92.2456
91.4999
94.2609
108.892
114.972
106.142
92.2651
93.4383
91.9499
92.6039
91.6483
92.4024
91.7147
92.6796
94.4394
93.9731
94.6011
94.0221
91.8085
91.4419
92.6901
92.0757
91.9647
91.3147
91.9039
90.898
91.3386
90.7792
91.1901
90.746
90.2934
89.5588
90.4916
90.4603
90.1731
89.8848
91.3532
89.248
90.8311
89.2984
90.5199
89.6747
89.0625
89.8558
89.4694
89.8993
92.0075
92.4432
91.9076
92.0241
92.4747
89.6008
88.8518
89.505
89.0601
89.5283
90.1828
89.1217
90.9441
88.3921
89.1836
88.5897
88.551
88.1409
88.2314
88.6734
88.158
89.3712
88.4328
88.3267
88.5997
88.5912
87.9663
89.2536
87.9253
88.3278
87.8149
88.0654
88.1222
88.7256
88.3584
90.5013
88.3269
87.9082
88.693
88.7793
88.2832
88.7885
88.229
87.3418
88.1506
87.9213
87.875
88.2145
88.747
88.6049
88.252
88.968
87.3899
87.3571
87.9522
87.6881
87.5127
90.0735
89.1011
88.5229
87.6138
88.0425
88.3195
88.3807
87.8881
89.3706
88.1157
88.1005
88.1069
88.1246
88.294
87.9843
88.3898
87.8012
87.7624
89.1104
88.1515
88.0659
88.6774
87.9838
90.4495
88.4199
89.2753
89.0429
92.5927
91.7392
91.3969
92.4735
91.2334
90.4249
88.4015
88.5461
88.1219
89.2679
88.9646
88.1518
89.2002
88.0578
87.8746
89.1814
88.4175
87.3803
87.5301
90.4248
88.5718
87.984
88.158
88.3445
87.6434
87.673
87.1601
87.7759
87.7828
87.6229
87.1178
87.8892
87.6542
88.6094
88.3222
88.4748
87.4734
87.8579
87.2841
87.91
87.7053
87.7825
90.4413
88.6995
88.3759
89.0182
88.3893
88.7358
88.3641
88.638
88.562
88.6341
87.9191
88.0266
87.7032
87.6224
88.2991
87.4351
87.7277
87.3975
87.8239
87.5628
87.9121
87.7742
89.4797
90.8158
89.4105
87.5367
87.6146
89.5641
89.7347
90.089
86.8051
87.5977
88.0675
88.349
87.9311
88.4445
88.0604
89.2942
90.4818
90.0985
91.0315
90.5703
90.5168
87.5779
87.5186
90.7274
87.9465
88.5624
88.6779
88.9094
89.358
89.2688
89.1868
89.0821
89.9228
90.183
88.8852
89.753
88.9781
88.8779
88.303
88.0865
88.2302
88.7186
88.632
88.4671
88.6293
88.7298
91.466
89.2672
88.5973
89.4305
91.0137
90.9872
91.2662
93.5462
91.379
90.4265
90.4249
90.0757
90.7872
91.0169
88.0661
87.3019
87.6676
88.1544
87.9295
88.5282
87.1458
87.5768
89.9639
88.7748
89.2011
87.5058
86.6897
87.562
86.8097
86.8369
87.8006
88.2405
87.3096
88.1281
87.1599
87.6049
88.1294
88.4118
87.7134
88.7509
88.6206
88.8771
89.9358
91.0208
92.8864
94.9699
91.8881
92.1101
93.0821
92.0733
91.1997
91.608
90.6099
93.2448
92.0685
91.8186
92.3589
88.8377
89.8234
88.1051
89.266
88.9125
88.8608
89.0758
88.3836
88.4416
89.5301
91.5691
88.9448
88.8248
89.0816
88.2616
88.9139
89.2374
88.6721
88.7059
88.7713
89.4192
90.0766
88.3981
89.271
89.2349
88.5601
89.1635
88.8348
87.8609
88.4224
87.7541
87.7996
87.5469
90.7938
87.2206
87.4936
87.1396
87.4068
87.3779
90.5422
89.6067
89.7162
86.2122
86.098
86.2901
87.2531
86.5555
87.3403
86.8699
86.9344
86.8676
87.199
87.593
87.3194
87.3773
87.3255
90.9064
90.4038
90.7596
89.9638
89.8785
89.8738
90.0343
90.2015
89.7501
89.7651
89.8846
89.0681
90.0844
89.4918
87.2036
87.5408
87.7131
87.5734
86.9086
87.727
87.9943
87.2524
90.0425
87.0901
86.7793
87.3084
86.3995
86.8829
86.8782
86.9361
86.5374
87.5304
87.23
86.9321
87.4292
87.1499
87.809
86.8107
86.1501
85.7095
85.695
86.2712
85.7888
86.4993
86.0976
86.1367
87.9362
86.5994
86.5617
86.7245
86.492
85.4821
84.9006
87.2828
85.1566
85.9727
88.5447
87.4347
87.467
88.8946
87.4256
88.9081
87.0981
84.8131
86.5496
85.2546
85.3443
85.2819
86.2924
86.6739
85.6774
85.0646
84.9414
85.424
86.0525
85.3248
86.4141
86.0002
85.6226
85.7517
86.1142
85.0974
85.803
85.4503
85.3314
85.7734
86.2825
84.9144
85.9927
84.8351
84.661
84.9496
87.5455
84.4732
85.5949
84.8166
85.3415
86.0374
85.3934
85.666
85.3468
84.5056
84.7212
85.7454
85.0295
86.0909
85.464
85.4191
84.885
85.169
85.9539
85.6074
85.5036
85.5364
85.0718
85.5416
88.7736
86.1565
85.2029
85.3697
87.8172
85.1554
85.3138
85.8862
84.9636
85.515
85.1694
85.4805
84.8433
86.3681
85.3204
86.1251
85.905
85.0078
85.7565
85.4871
86.7361
85.3997
85.4612
87.6637
85.2778
85.2743
86.7288
85.5273
85.4094
85.6133
84.8936
85.4191
86.9289
85.8211
85.1555
84.9243
85.6723
85.6995
85.7268
86.4401
86.7548
86.0049
86.7212
86.3878
87.2073
86.8118
85.8919
87.3361
85.4324
85.5483
86.3298
85.738
84.7153
85.1847
85.1785
84.5766
85.1035
85.1784
84.1942
84.4701
84.1314
83.9052
84.2376
84.9903
84.3762
84.9657
83.7279
84.6767
84.4934
84.4376
85.1728
83.9363
83.1272
83.8327
83.1983
95.2006
96.6758
94.4558
83.4876
83.5033
85.0183
84.387
83.4247
83.1774
83.6846
83.0328
82.9495
85.4543
86.0953
86.0248
86.5834
84.8402
83.8807
83.2627
85.7116
83.7875
83.7013
83.2861
83.8814
83.1417
84.2256
83.4848
82.9674
83.1226
82.1252
82.3709
82.3607
83.2446
82.1288
81.8294
82.2855
82.1745
81.9805
83.0537
82.0325
81.5533
81.6957
83.8817
85.3688
82.778
83.0668
82.0884
82.3061
82.6594
82.198
82.625
82.7893
82.7653
82.0496
81.8324
81.6522
81.8157
83.0412
82.0606
81.9953
82.8888
81.8169
82.0001
81.5019
83.4076
81.9359
82.6141
85.8287
85.8333
83.7104
84.8125
83.4218
84.1002
83.6991
84.2292
82.3568
82.2746
82.5927
81.8254
81.3138
82.4791
82.0677
81.7822
82.9372
82.1278
81.7221
82.0661
81.8354
81.9408
81.7239
82.8151
81.3267
83.8407
81.2314
82.1231
80.6008
82.2204
81.5889
81.0378
80.7893
81.0101
81.2411
80.751
81.345
80.9077
81.4958
81.048
80.9565
81.1234
82.1417
81.4995
81.2152
81.1841
81.0111
83.2608
83.5645
81.1575
83.6397
80.8307
80.6642
80.8977
81.0408
81.9208
80.5034
80.7844
80.1573
79.6712
79.9488
81.2492
83.1298
82.1045
82.7734
82.7954
81.0603
82.8235
85.0306
80.6848
80.6788
81.1153
80.6118
80.7778
82.4388
82.7197
82.7683
83.2172
84.3855
81.7957
80.3516
80.7045
81.1658
80.0566
81.1717
80.1684
80.675
80.6695
80.4465
79.6354
82.3635
81.1274
80.409
80.9648
81.6751
82.2438
83.4504
83.9177
81.159
83.3026
81.0746
81.2217
80.6496
80.3718
81.2004
81.9328
81.8637
82.5607
82.2866
81.1224
80.9325
80.9767
81.0378
81.486
81.2232
80.0835
79.7363
80.4893
79.5661
80.0281
80.3604
79.9837
79.4273
80.0881
81.822
80.265
79.3738
80.5023
80.0827
80.6416
79.9541
79.7486
79.8146
80.4238
80.8385
80.016
80.2806
80.054
82.6625
81.9595
83.1412
80.3403
80.0161
79.3793
79.5616
79.8769
80.417
80.2935
79.8372
81.8249
79.7169
79.7923
79.8247
80.4195
79.5829
79.7748
79.5682
79.5844
79.4579
79.4607
80.3187
80.5635
79.4951
79.7988
79.4444
80.0053
79.4159
79.7679
79.4622
79.2406
79.7574
79.4201
78.4464
82.1264
84.2076
83.0278
81.8698
80.5901
79.4905
80.213
80.8796
80.54
82.4762
82.1283
82.5588
79.6249
80.4222
79.7386
80.0825
79.9738
79.812
79.3264
81.012
80.3093
79.7313
79.7708
80.5545
80.31
80.165
81.9325
80.9252
79.5935
79.7324
79.5241
79.9367
79.4987
80.5317
80.058
80.2712
82.3716
81.8301
84
82.4283
83.0817
82.3597
80.0943
79.2781
79.2777
78.5229
79.8802
78.7454
79.1881
80.7912
81.8777
81.0031
79.3122
79.3089
79.3513
78.5129
79.1149
78.9588
79.7979
78.589
79.2227
78.1429
78.0168
78.1607
77.9761
78.8999
80.6355
81.2251
78.6004
78.4311
78.2236
78.1931
78.6023
78.8199
78.5083
78.864
79.478
78.4441
77.7921
78.0717
81.4409
79.9944
79.5199
79.9086
80.44
80.2928
80.1125
80.375
80.3375
78.4508
76.9465
77.2372
78.7457
78.2343
77.7697
77.562
79.4431
78.3302
78.2361
78.2944
79.151
78.1583
80.6216
78.1726
78.3371
79.0346
79.1579
79.1237
78.2206
79.3499
78.9238
79.1436
78.4861
80.0223
78.6042
78.2387
80.2026
81.9009
80.7518
80.9422
81.3264
81.0142
80.4467
79.524
77.9954
77.7576
79.2907
79.3792
77.7114
79.1214
79.9432
79.7274
78.514
78.1809
77.2881
77.7928
77.1831
77.0107
77.3503
76.7845
77.8341
76.767
77.0638
77.5311
76.5193
76.6569
76.866
76.9619
76.3597
76.2456
76.547
76.2045
76.349
78.3026
77.1139
75.6307
76.222
76.4509
76.7761
76.8296
77.089
77.0185
76.6146
76.8222
76.456
76.6303
76.3842
76.5101
77.0749
76.7489
76.4609
76.8309
76.6491
76.6942
77.0614
76.9727
76.5078
76.5232
76.5702
76.5825
76.7271
76.3815
77.3847
78.3012
79.0145
76.8373
75.7872
75.8396
76.6283
78.01
78.9422
78.6842
76.7443
77.3237
79.9828
78.5989
78.3297
78.3952
78.0801
78.3389
78.3338
79.2968
78.607
78.7362
77.8695
81.009
76.8642
76.075
76.6441
76.3654
76.6971
76.5969
75.9774
76.2992
75.8066
75.8214
76.4626
75.6793
75.9677
75.1178
75.3489
75.2091
75.2664
75.5218
75.8041
75.0227
75.4195
75.6837
75.8816
75.9477
75.0858
74.5875
76.8026
75.1574
74.7478
75.4528
74.7497
75.5672
75.4234
74.9538
77.9729
77.2991
79.0538
78.2061
77.8068
79.7401
76.5107
77.348
76.785
76.3332
77.2694
76.8237
76.6055
76.1781
75.9555
75.9663
74.7196
74.6915
76.2304
73.8212
73.6559
74.1437
74.9227
74.1007
74.7765
74.7122
74.0583
74.4643
74.9825
74.6577
74.4464
74.5636
74.7896
74.193
74.8467
73.997
74.1322
74.1281
74.7443
75.1067
74.7372
74.2597
74.4845
75.0641
74.458
76.5222
75.0436
73.7927
73.8278
74.5953
75.3443
76.3242
78.3492
78.4703
77.0257
76.5041
74.7453
74.2366
73.6332
73.1237
73.7563
73.1449
73.3878
73.4758
73.2595
73.7733
75.5135
76.3478
76.1313
76.6521
76.3972
75.8077
78.0945
75.8539
75.0537
74.1843
74.3733
73.9648
73.9141
74.3054
74.4313
74.4268
74.1225
73.3542
73.0008
73.5117
72.5846
73.2075
73.5243
73.0199
73.925
73.4492
73.3872
73.4657
73.573
73.7607
74.0128
73.6137
73.282
76.4808
73.67
73.9247
74.2265
75.4374
74.4977
74.2502
74.5016
74.432
74.369
74.4495
75.5491
73.9157
74.274
74.5731
74.5419
74.587
74.9329
75.2374
74.7505
74.5383
74.8317
74.7463
75.3979
75.1364
76.5626
74.9218
77.693
75.5088
75.5163
74.765
74.9547
74.9134
75.2145
74.7849
74.3832
74.1586
74.5326
74.2597
75.6767
77.1396
75.7088
74.7364
74.2693
73.7932
74.0403
74.8595
74.5671
74.1884
74.1363
73.7506
74.2763
74.0766
76.3115
77.1961
73.7184
73.5071
73.9396
73.813
74.0319
75.0001
73.2056
73.0489
72.9757
72.7534
72.4898
72.3701
72.4336
73.0705
72.6505
72.6497
72.7044
72.3344
72.4898
72.4947
73.4503
73.0895
71.8372
74.7126
73.9578
73.4569
76.8351
74.2623
73.7424
73.105
73.7583
73.0936
73.6042
73.3813
73.8789
73.9933
73.5563
73.9225
73.7984
73.0296
73.1983
72.9997
71.5716
71.5123
71.6001
71.24
71.7067
71.5076
72.3226
72.5942
72.2294
73.7288
73.5477
71.6871
74.4371
72.0929
71.9768
71.626
71.7652
71.7517
71.4481
73.5113
73.8154
75.1282
74.9121
73.816
72.9905
72.0686
71.4196
71.133
71.0381
71.5404
71.3134
70.0518
70.2052
70.1659
70.0556
70.1045
71.4919
70.7303
70.7873
70.8716
71.7038
70.8547
70.1998
70.1409
70.8776
70.1487
69.9473
70.4845
69.9729
70.2352
70.5306
70.8002
70.4204
70.14
70.6099
70.9237
70.6613
70.4877
70.6862
71.5479
71.1814
70.3043
70.0698
70.7906
70.5845
70.2627
70.7232
70.0944
71.8049
70.8732
69.8813
69.3854
69.4028
70.1222
70.2504
69.5226
69.7751
69.4636
69.2579
69.1277
69.1947
70.0352
69.5215
69.7719
69.9083
69.5757
69.9912
69.6947
69.5862
69.8101
69.4474
69.0758
68.0386
69.87
68.8639
68.9392
69.3835
71.8334
69.2306
70.9019
69.2298
69.3755
69.1943
69.6151
71.2748
69.2294
69.864
69.7557
69.2601
69.3439
69.4857
68.8092
70.3838
69.0184
68.3617
68.7556
68.5467
68.5099
69.1708
70.705
70.1058
69.3301
69.1349
68.8845
68.6912
68.4717
70.7064
69.7149
68.3831
68.9874
77.6108
73.8536
70.9411
71.261
70.7842
71.0519
70.8922
70.9243
72.4599
71.4215
68.9334
68.8142
69.3366
69.6375
69.6533
69.0638
68.8012
68.5941
68.7925
69.0505
69.7237
68.597
68.6939
68.5565
68.9183
71.1433
68.4376
69.23
68.3359
68.8302
68.8459
68.8156
68.9949
68.452
68.2269
69.4382
68.4285
68.2605
68.478
69.1888
68.7366
69.394
69.2899
70.2685
70.8615
70.9912
70.8793
71.7358
71.1407
71.3956
71.2142
69.5166
68.5363
68.2452
71.1869
69.1444
69.0633
69.8993
70.4749
69.2652
69.7281
69.0632
69.113
68.9816
68.822
69.7759
69.6259
68.6645
68.7954
68.7677
68.709
68.8802
69.3635
69.911
69.3662
69.1765
68.7792
68.7292
68.3576
68.6015
68.3554
69.5581
69.3324
70.2938
69.1625
68.6433
68.5084
68.2843
68.5206
68.5316
67.528
67.999
68.5333
68.1978
67.8923
67.9517
68.2032
68.4852
68.4593
68.2989
68.2162
67.7391
67.4654
67.992
68.4637
68.3759
68.2241
68.0723
67.8112
68.5036
68.0974
67.957
68.2641
69.0759
68.222
67.5114
68.2092
67.7054
67.6517
67.7443
68.0139
67.4132
67.9689
67.0671
67.3554
67.8346
68.1791
67.8443
67.3387
67.5626
67.9166
67.3935
67.4294
67.4689
67.4611
67.6785
67.6654
67.9271
67.2045
67.841
67.7379
67.4188
69.2373
67.8021
66.8409
66.8115
67.2305
67.335
67.1596
66.6713
67.5345
67.4693
67.2819
67.0275
66.9078
66.3775
67.0913
66.4816
66.3116
67.0165
67.1804
67.0007
66.6759
68.3749
68.1072
68.3992
68.9265
69.4503
68.5374
68.2765
68.4523
68.7151
69.2471
66.4582
67.1901
66.9292
66.6433
66.9305
66.4772
66.6241
65.9486
66.2253
65.514
66.674
66.2066
65.6941
65.5499
65.5086
65.2433
65.3925
64.928
65.5112
65.0526
64.9226
65.8894
65.5117
65.5695
65.7916
65.8824
66.7476
65.9216
66.3232
65.6799
67.498
66.3572
65.7685
65.9894
66.5622
67.6123
65.586
65.5674
66.3223
65.324
65.5258
65.9121
65.9073
65.4163
64.7547
65.0898
64.9368
64.8326
65.1157
64.5258
65.4676
66.7534
66.5942
66.6941
67.0766
67.3235
67.2772
66.8528
68.2511
67.5225
69.205
65.7318
65.3966
65.3985
65.2236
65.3774
66.4081
65.4551
64.9856
65.3107
64.6992
65.034
65.2172
65.0358
65.6914
65.0064
65.1932
65.0696
65.3412
65.4244
64.9871
64.5021
65.4169
64.9776
64.9401
64.8393
64.6743
64.9214
65.3195
65.3512
65.2418
66.5347
64.5884
65.1496
66.6576
66.7448
66.6148
66.6533
67.1554
67.6442
66.5686
65.2825
64.7491
64.6291
64.304
64.937
65.2458
64.8676
64.4568
64.3306
64.7403
64.5023
64.477
65.5822
65.1694
65.287
65.2281
65.3987
65.3952
64.9289
65.18
65.2721
68.5545
66.9566
65.2643
65.4994
64.9089
65.015
65.143
64.7766
65.9738
65.5503
65.6121
65.1162
65.1163
65.4072
65.199
65.1876
65.2691
65.567
65.5725
64.8644
65.0747
65.5481
65.6051
65.5028
65.9263
67.0975
65.7454
65.6348
66.9909
65.0766
67.6778
65.7739
65.885
66.5585
66.0051
66.9192
66.5449
65.8433
66.1758
66.0536
65.899
67.0855
66.5735
65.9512
66.5176
66.1891
66.3105
66.0801
66.0809
66.8974
66.316
65.9099
66.227
65.7911
65.7919
65.735
66.2191
66.2016
66.1473
66.3515
66.0075
67.7819
65.8427
66.0663
66.1316
66.6454
66.0794
65.7474
65.68
66.4375
65.644
65.9786
66.1852
68.1703
67.4639
66.2403
65.8671
65.215
65.3876
65.4206
65.1583
65.7936
65.3796
65.4615
65.6698
65.5993
66.507
65.8899
65.3532
66.5127
65.5216
68.0159
66.4443
66.6207
66.2203
65.4069
65.7764
66.556
65.9457
66.2738
65.7076
65.9209
65.5751
65.5584
65.7928
67.5806
67.7213
67.5793
67.0364
67.88
66.1219
64.9498
65.3524
65.3938
65.9225
65.477
65.2369
65.6045
65.3683
65.357
65.7108
65.7454
66.9105
64.7047
65.0674
64.4795
64.4054
64.7055
63.6524
64.2193
64.1822
64.595
64.2589
64.4299
63.6776
64.0694
64.8158
65.3535
64.5836
64.6249
64.2555
64.5177
64.0486
64.2632
64.7777
64.3944
64.3228
63.284
63.559
63.4367
63.1515
63.0415
62.9898
65.4116
63.9824
63.5745
62.836
62.86
63.0209
62.8025
63.5506
63.3696
63.2762
64.2752
63.0186
62.6566
62.8611
62.7914
62.9862
62.8828
63.0685
64.1744
62.9759
63.0217
62.7833
62.8912
63.2133
63.3508
63.3085
64.193
63.2634
63.4762
63.7622
63.1145
63.4813
64.4577
62.7765
64.0299
63.9711
63.4638
62.9974
62.9155
62.9683
63.3038
63.0889
63.3738
63.2892
63.0402
63.3249
62.8368
63.0091
62.8138
62.5043
62.5599
62.8443
63.3184
62.9897
62.2837
62.5287
62.0399
62.617
62.2099
62.6589
63.6081
62.2245
62.4986
62.7147
64.2945
62.3523
62.4948
62.4123
62.7229
63.6515
63.064
63.4332
62.9769
62.924
63.1043
63.5119
63.859
63.4108
62.9594
62.7914
62.9095
63.157
62.4144
62.6919
62.804
64.1042
63.0475
62.7549
62.9517
62.5848
62.3658
62.3936
63.0085
64.1261
63.7291
63.504
65.1023
63.0494
62.9194
63.1655
63.1503
63.1763
63.2502
63.5987
63.0656
62.6525
62.6971
62.5018
62.5943
63.0332
63.2718
63.6772
62.4652
62.1596
62.6823
62.3724
62.2952
62.7824
63.0746
63.1453
63.1955
62.7723
62.7262
62.5604
62.8211
63.3945
62.8686
64.1739
65.449
62.5185
63.0288
62.264
62.723
62.3224
62.731
63.3514
64.6344
65.0146
64.9465
62.9214
64.0642
64.2459
63.8725
64.5363
65.3494
64.2515
63.5248
63.655
63.4863
63.9941
63.638
63.5411
65.0485
64.2088
63.8472
63.9467
63.1624
61.696
61.6966
63.6387
62.133
62.5796
61.8675
61.5239
61.5362
61.4392
62.4484
61.5251
61.3909
62.241
61.365
61.8077
61.8176
61.4486
61.4799
61.571
61.4534
61.8822
62.904
63.4076
63.3505
63.4476
63.4166
61.8145
61.1465
61.0591
62.5973
62.9195
63.0155
61.626
60.5219
60.9046
63.8065
60.5749
62.4003
63.873
62.867
62.9243
62.5482
61.0146
61.0707
60.7094
60.3473
61.3798
60.5823
60.7905
60.8904
61.1531
60.6474
60.6532
60.9455
61.1102
61.706
61.0099
61.3218
60.7211
61.2217
61.3
61.1067
61.3096
61.7509
61.9233
61.4356
61.6066
63.51
61.602
61.4671
61.0978
60.9739
61.7731
61.0994
61.2574
61.2736
60.9411
61.3635
60.8063
61.08
61.3813
61.7721
62.3669
61.2714
61.1722
61.2367
61.5944
61.6905
63.4694
66.2222
64.74
64.1985
65.1421
64.4918
66.6498
69.802
69.2863
67.4226
63.5079
66.2104
63.1792
63.2608
63.4109
63.2894
63.3446
63.4716
64.369
63.2084
63.2861
61.4653
61.3446
61.3912
61.1972
61.8168
61.4554
62.27
61.9137
61.3998
61.4134
61.4147
61.074
61.7569
62.18
62.2152
61.6061
61.4066
61.1428
61.2718
61.0079
61.1979
61.3929
61.7467
63.6739
61.0773
61.3638
61.3868
61.3088
61.0679
61.8755
61.2525
62.3764
61.3595
61.0221
61.0736
60.8668
60.9453
61.1371
61.2406
61.2475
61.9291
61.6247
61.0011
61.2132
60.7913
60.8413
61.2141
61.5457
62.5056
61.5758
61.4192
61.4445
61.6456
61.6942
61.644
63.454
62.3588
62.1219
62.3071
61.3868
61.2977
62.2402
61.7064
61.8307
61.6861
62.7824
62.0594
60.8463
61.8701
61.3896
60.9358
61.0447
60.8053
60.6055
61.5298
61.5248
60.7272
61.2013
60.8119
60.4841
60.9432
61.2307
61.8791
64.2944
62.9869
62.2385
60.7667
60.2509
63.1917
61.1328
61.3622
62.1749
61.361
60.7891
61.0703
61.1298
60.7177
60.7747
60.8158
61.1603
61.4873
60.7156
60.8498
60.8042
60.5269
60.9953
61.204
60.9004
61.1764
61.6833
60.2995
60.6941
60.4693
60.7529
60.4903
60.6455
60.5152
60.9716
60.7936
59.3033
60.201
61.9195
60.4784
60.3775
59.7883
60.2613
61.4805
60.4727
60.1182
59.545
60.0784
60.1822
60.0726
60.0992
60.0474
60.7116
59.9662
59.9597
60.1297
59.7839
60.1568
59.8879
60.7636
63.1665
62.2195
59.8476
60.1356
59.8453
59.8873
60.3511
60.2104
59.9575
60.7823
59.8551
61.9445
59.9961
60.0562
60.3616
59.9905
60.2713
60.7945
60.3579
60.1459
59.6947
60.07
59.4973
60.0251
60.6394
59.5366
59.9302
60.5553
59.5914
59.7433
59.769
59.7219
59.7169
59.9592
60.3155
59.8177
60.5694
59.641
61.1186
62.601
60.3353
60.4943
65.5561
60.624
60.0693
62.0905
61.2839
59.9054
60.6997
60.08
60.4333
60.6867
60.6237
60.715
60.3136
60.187
60.2825
60.2767
60.8862
59.9236
60.3417
60.3013
61.3134
60.1077
60.0887
60.6433
60.2164
60.0328
60.7626
59.6155
60.8328
60.7843
60.8652
60.4851
61.0007
60.8991
60.4557
60.4205
62.1026
60.6178
60.8023
60.4817
60.4673
60.4496
60.5492
61.3848
60.6261
60.5971
61.1398
60.4098
61.1225
60.4248
62.6899
61.9725
62.2878
62.2535
61.7995
63.271
61.9413
62.4299
61.737
62.3711
60.5541
59.8078
60.1412
60.4217
60.756
60.0727
59.8359
60.4661
60.3189
61.8961
59.8454
59.2682
60.7583
59.9648
59.7002
59.9114
59.7436
60.2237
59.9748
59.8507
59.6445
60.0877
60.027
59.1905
60.1033
59.5074
59.5297
58.7485
59.2037
58.9948
59.6334
59.238
58.8555
59.2655
67.216
75.5094
74.4974
62.9021
69.7022
66.189
64.9968
68.2173
64.8439
60.904
60.9307
65.0956
66.2494
63.0747
60.856
64.4599
63.8469
68.2212
65.1209
67.3899
67.0919
68.3405
68.1219
66.4977
72.0636
72.204
68.6869
69.6309
69.6839
65.2646
65.239
67.8133
64.9831
64.8475
68.3106
70.016
70.87
67.2146
71.4332
72.2415
71.2027
68.6436
67.4696
73.8425
64.9051
66.5326
69.1156
62.3206
61.8658
62.2453
62.2014
62.7037
63.7101
66.7296
66.3232
66.8378
69.879
65.324
61.5733
60.6842
61.8376
61.1461
61.4143
60.8829
61.3618
71.2909
61.4593
61.3136
62.2256
60.9971
59.3642
59.2037
60.0735
59.8681
59.7955
59.6509
59.6103
59.4141
62.2986
59.6821
60.0252
59.5901
59.9244
60.2994
59.8307
60.4582
60.4581
59.868
59.8376
60.2313
59.567
60.3215
60.0734
60.1314
59.8882
60.7021
59.7438
59.7999
59.5326
60.031
63.3761
61.8962
64.4408
60.9494
60.3655
60.4191
60.2505
60.6562
60.6036
61.0909
60.7701
60.9503
61.454
60.7027
61.3114
60.3491
61.3481
62.6496
64.5371
63.3839
62.906
63.7936
64.3517
62.5171
62.5941
62.8854
63.2597
62.9607
62.5635
63.5648
63.5138
62.589
63.4343
62.1949
65.1894
63.2893
63.1833
63.1531
63.9506
62.8517
62.695
62.9045
62.7081
63.559
63.7423
62.6709
63.7068
62.8903
62.8451
63.1059
62.5614
62.964
62.7676
63.5897
63.7013
62.639
62.9615
62.3663
62.8449
63.0023
67.5855
63.0661
64.0948
62.2817
60.724
61.1309
66.2427
62.3782
61.9479
61.3393
60.3975
60.7784
60.5395
60.1502
60.4066
59.8909
60.5375
60.643
60.5086
59.9946
60.3332
60.285
60.6316
60.5906
60.3395
60.8393
61.056
60.7273
61.4266
60.7212
61.3122
62.0108
62.0049
62.3591
62.4778
62.0606
62.0536
62.7109
62.4739
64.3027
62.4796
62.1306
60.9337
61.0938
61.6354
60.9308
61.2011
60.7815
60.484
60.5757
61.5503
61.2288
60.5739
60.7547
60.8838
61.2232
60.8812
60.8157
60.9428
61.4059
62.8278
62.0535
60.5378
61.2246
60.7911
60.2591
60.5963
61.4796
66.7777
62.6822
62.1899
62.7088
64.8074
62.6763
63.0751
63.2641
64.1066
61.7922
62.4842
60.8303
60.5714
60.3005
61.6524
61.9126
62.0195
60.5465
60.6298
60.3141
61.1579
61.3081
60.7014
60.7621
60.4936
60.3699
61.4644
61.1872
61.0023
60.6979
60.7405
59.943
60.0322
62.67
62.285
62.1267
64.0146
61.5537
62.0907
61.1775
59.8901
59.8416
59.6657
59.582
60.1818
59.7613
59.9271
60.2338
60.4664
59.8798
60.0183
60.3207
59.6731
59.7082
60.0191
60.8862
60.4334
59.9357
59.7698
59.1284
60.0058
60.7912
60.1107
59.6157
60.1965
60.7958
59.9706
60.8437
60.0944
60.3326
62.3323
60.2032
60.7879
61.5194
60.1427
60.4222
60.3428
61.7677
62.6978
61.6896
61.8571
62.0694
62.6199
60.4313
60.1595
60.1024
59.9571
60.5747
59.8188
60.1078
60.3696
60.2637
60.5902
60.3935
59.758
60.7983
60.325
60.0377
59.8407
59.7944
60.7616
61.019
62.7363
64.3392
59.6689
60.4191
60.2631
60.598
60.5252
60.7774
60.809
60.8031
60.9806
61.0977
60.7145
60.5075
61.1368
61.3131
61.2033
61.1248
60.3336
60.8097
60.9999
60.6644
60.2298
60.5941
61.6977
60.9933
60.642
60.9205
60.8267
60.2451
60.7076
60.133
60.4675
60.1455
62.6752
59.808
60.2176
59.9874
59.8646
59.6667
59.6591
60.2677
59.7846
59.8087
60.3565
59.8438
60.1441
59.5552
59.6223
59.5403
60.4526
60.8612
60.1279
60.0036
59.7651
59.5624
59.7519
60.2047
62.0456
62.2891
61.4282
62.1835
61.4923
60.8178
58.7613
59.6723
59.6334
61.935
60.4462
59.9784
60.1596
59.5216
59.7741
59.7553
59.8027
60.0029
59.8095
60.0894
60.3915
59.4626
58.9538
59.5775
59.3331
59.0437
59.3499
60.7709
59.6768
59.5646
59.2392
59.6076
59.3751
59.2448
59.4195
59.0657
59.797
59.8593
59.5875
59.2742
59.1781
59.0988
58.9548
60.5918
59.6232
60.2177
59.1684
58.4837
58.9344
59.2007
58.6844
59.3651
59.1321
59.5471
59.9798
59.403
59.2092
58.9377
59.5698
59.2609
59.2852
59.7521
59.5752
61.6491
61.1606
60.7813
60.8174
61.3501
60.8297
60.8462
61.109
61.732
61.1895
62.7825
60.8911
62.1847
62.892
61.033
60.2578
59.0259
59.5571
58.7764
58.2538
58.8957
59.0521
58.9303
58.5523
59.2201
59.3925
59.5282
59.5522
59.2497
58.9046
58.9014
59.2301
59.221
58.4938
59.2502
59.3171
58.9013
58.3533
58.4756
58.236
59.0252
58.3015
58.5365
58.4577
58.6996
58.198
58.5304
58.7783
59.6268
58.8704
58.4326
57.8047
58.3654
58.8363
58.2555
58.266
57.5594
57.961
58.2699
58.0611
58.3396
57.7928
58.397
58.221
58.2993
57.8202
58.5874
57.4077
57.7967
58.0713
57.5751
58.4505
58.8729
58.3186
58.301
58.8174
62.1922
58.3063
58.1967
57.8915
59.0082
58.7995
60.88
59.8072
59.5646
60.2062
60.0571
60.4147
60.1482
60.4559
60.7379
59.3092
60.3254
60.689
59.9415
59.7382
59.5583
60.9581
60.7546
59.0448
59.8553
57.8438
58.1201
57.4503
57.8444
57.6713
57.706
58.0369
57.2336
57.7098
57.9086
57.5114
57.2328
57.5555
57.769
57.3743
60.2566
58.7247
57.2087
57.5145
57.6599
57.6962
57.8171
58.0827
57.7791
58.3021
58.2081
58.6896
58.1322
57.6139
58.1927
58.4382
58.0891
58.1563
59.03
59.6613
59.4954
59.8421
59.7051
59.7048
60.5147
59.8174
60.2243
59.8861
62.3564
59.9828
60.2174
60.7918
58.4801
58.6022
60.9795
58.8743
59.0418
58.9172
58.6633
58.5351
58.5987
57.6705
58.4366
58.0846
58.6621
59.1696
58.8086
57.7495
57.9803
57.999
57.8915
58.1429
58.8589
57.3163
58.9133
58.0474
58.0903
57.9908
58.6948
58.1935
58.3235
58.3504
58.6053
58.3657
57.985
57.5779
60.0212
58.8972
57.7815
61.7439
58.2075
58.1795
58.2767
58.6299
58.0671
58.2626
58.1148
57.7435
58.393
57.6078
58.1657
57.7872
58.1036
57.8703
57.7861
57.4657
58.4097
57.437
57.7809
57.5944
57.2376
57.9962
56.6423
57.8475
57.4323
58.0347
57.8565
57.4899
57.5712
57.6608
57.8844
56.8854
57.2235
59.8067
57.5765
57.1046
57.1795
57.4097
56.6251
58.1016
57.8143
57.7373
58.0795
57.729
57.5132
57.1089
57.3774
57.3332
56.8609
58.0935
57.8089
57.6413
58.5832
58.9076
58.9911
59.2422
58.7894
59.3501
59.619
59.1649
59.402
59.3314
58.9566
58.6116
58.8802
57.5217
57.1954
57.9748
59.0395
57.1846
56.6519
56.7636
57.0011
57.2034
57.1661
57.2809
57.7639
57.2172
56.549
56.2072
56.8165
56.6645
56.4734
56.7535
56.5618
58.5369
58.4027
58.633
58.4228
58.444
58.7428
58.6526
58.5295
57.8637
59.2269
59.0243
58.0548
58.8184
58.2777
58.6614
58.3165
58.928
58.9517
59.5912
57.054
56.1346
56.8348
56.545
56.7049
57.2009
56.8697
57.455
57.2887
58.7522
58.5042
57.6379
58.211
57.9876
58.7785
58.1662
58.241
58.157
58.7655
57.9683
58.3663
57.1905
55.8309
56.7411
56.1582
56.3793
56.1484
56.9227
56.0912
56.0659
56.7354
58.1389
57.7562
57.456
60.1985
56.5384
56.2763
56.8153
56.0492
56.6483
56.1446
57.1452
55.6484
56.4699
55.9321
56.0951
56.3954
56.3783
56.6353
55.9799
56.0527
55.4417
56.3035
56.2377
56.5295
56.999
56.7346
58.8244
56.7653
56.2771
56.0812
56.6449
56.6177
56.4021
56.4626
56.5318
56.3363
56.0532
57.6448
58.5238
56.5867
55.6797
56.6548
56.1167
57.3317
57.1904
56.3542
57.5914
58.0978
58.5145
58.9078
56.3215
56.6545
57.0327
56.4602
56.6375
56.584
57.1331
58.0738
58.2311
57.375
58.1991
57.4969
56.5462
56.3696
56.6517
56.156
56.0889
57.9493
58.151
57.8078
58.2749
58.448
57.6662
58.5832
57.8056
57.4171
56.9893
57.9716
57.874
57.3013
57.2231
55.7313
56.0257
55.7587
56.8454
56.3316
55.7954
55.5157
57.3457
57.9389
55.729
56.0492
55.5989
56.1112
55.4345
55.772
56.0705
55.7297
55.8562
56.4117
55.8396
55.6504
56.4271
55.8019
55.7222
55.8438
56.0713
55.8711
56.5661
57.4942
56.2756
56.2893
56.073
56.1548
56.4624
56.1574
55.757
56.5372
56.824
56.4215
55.9251
55.7836
56.1018
55.8693
55.8418
55.8892
55.7392
56.3006
55.5472
56.0173
55.6769
55.7846
56.8963
55.6603
55.0484
56.1529
56.2146
56.4634
55.5849
55.9837
57.1119
55.9659
55.2299
55.887
56.0175
58.9901
56.5019
55.5773
55.9018
55.8802
56.4927
55.0845
55.8688
56.6748
55.6228
55.8387
55.8149
55.5057
55.2474
55.269
55.1933
55.4188
55.4772
56.1742
55.4322
56.1151
54.8304
55.5588
55.486
55.2095
55.4341
55.8599
55.0801
55.1801
55.091
56.1999
55.0073
55.66
56.0839
57.2291
57.6875
59.6182
57.4405
56.7051
56.3174
55.5996
55.9705
56.0308
56.0227
56.341
56.3879
55.4789
56.2703
56.397
56.1031
56.0475
56.2376
56.2321
56.2778
55.281
55.9156
55.9058
56.2048
56.2364
56.2526
55.8183
56.3088
55.8084
55.6138
56.0408
56.3156
55.8473
56.1665
56.0263
56.4321
56.2057
55.7865
57.7672
55.0509
55.9628
55.9316
56.7668
56.0151
55.8498
55.274
55.8664
56.9699
57.2108
57.3804
57.1348
57.096
57.8478
55.8286
55.7665
55.4881
55.242
55.4898
55.5344
55.0191
55.9424
55.6612
55.691
55.2226
56.5523
56.9
58.5541
57.4203
56.7906
58.2564
58.6537
57.7816
56.2081
55.5176
58.7137
55.8909
56.106
55.2982
55.3507
55.6613
56.3649
55.9089
55.6246
55.7894
55.6349
55.2041
56.0979
55.9111
55.6385
55.9313
56.3814
56.1335
55.5693
55.563
55.8974
55.9493
55.9801
56.2996
56.0871
56.6602
55.9301
55.6871
56.1614
56.1295
55.8262
58.4265
56.0404
55.4542
56.8017
55.791
58.1455
55.9667
55.9646
56.2187
55.9839
56.0002
55.8896
56.2467
56.4801
56.0654
56.2911
56.9951
57.6338
57.028
57.6693
57.7939
58.0253
58.2193
57.923
57.6892
57.5775
58.0314
57.8296
57.9721
58.2555
57.3394
59.0365
60.2879
58.675
57.9521
59.7599
57.8638
58.0071
58.546
56.8648
58.4492
56.2073
57.4794
56.3167
56.3406
56.4976
56.0846
56.0452
55.667
57.098
56.5304
56.6295
59.9188
56.4238
56.4355
56.5355
57.0927
55.9496
56.8857
56.9874
56.8374
56.8163
56.6917
57.1594
56.6342
57.1692
57.1912
56.9343
57.0518
56.9306
56.8609
56.7093
57.4869
57.4917
57.3567
58.6778
57.2206
57.2967
56.9819
57.1223
56.828
57.2013
57.2678
57.7309
57.5494
56.325
57.505
57.3134
57.2006
57.1269
57.1894
57.3135
56.5019
56.9044
56.3495
56.9177
57.3512
57.0022
56.7476
56.5004
58.6326
58.3869
57.9217
58.7817
56.9942
57.3071
56.8295
57.5129
57.1292
56.5734
58.5449
56.3321
57.7643
56.957
56.6387
57.0344
56.7555
57.8465
56.8564
57.4249
58.5209
58.9455
58.4711
57.5186
57.2385
57.2452
56.6172
56.9435
56.3676
56.3603
56.8247
56.2379
56.3128
56.5683
56.7512
56.7105
56.6119
56.3457
56.4116
56.3013
56.5326
56.7193
58.8469
58.6831
57.7136
60.3799
58.4425
58.0408
58.8032
58.4038
57.7526
59.1389
59.0188
58.0673
58.5802
58.2839
58.1243
58.1895
58.6386
57.8525
58.7986
58.7496
58.0017
57.9396
58.6371
58.4331
58.1138
58.0131
58.6159
58.386
58.4931
58.5274
58.2006
57.6107
58.4179
59.043
58.253
58.7596
57.5158
56.898
59.1417
56.6692
56.3049
58.3942
57.7189
58.9994
58.4961
57.4916
57.5689
56.1342
56.755
56.8119
56.8073
56.7346
56.8114
56.4217
56.6402
57.22
56.6072
56.5086
55.8629
56.5656
57.1397
56.5245
56.4941
56.3475
57.1621
56.8241
57.0418
56.389
56.7993
57.1988
56.8369
56.585
56.6546
58.0336
57.2713
56.558
56.5635
57.1451
58.5822
58.2981
58.9741
59.0365
58.4792
59.006
58.7902
57.291
57.3427
56.4937
56.5703
57.1961
56.7118
56.6914
56.8067
56.96
57.0072
56.8726
56.7162
55.9901
56.4393
56.795
56.5835
57.2455
57.0872
56.4236
56.3179
56.0597
58.0857
58.0703
58.4021
56.2523
56.1243
57.3699
55.8982
56.2826
56.308
55.8362
56.6836
56.2457
56.4432
56.3033
56.6385
57.0238
58.3921
58.2109
57.8606
58.402
56.8565
56.4032
57.0251
56.8161
57.0766
56.7869
57.0378
56.0993
56.8636
57.278
56.4669
56.4515
56.1734
57.9354
56.7143
56.5493
56.7321
56.9082
57.999
57.2909
56.3591
56.9552
57.0645
56.8484
56.5941
56.4841
57.4034
55.9319
56.3028
56.7563
56.8423
58.8296
58.0631
58.183
58.3981
56.7602
57.2584
56.6664
56.6513
56.4068
57.2662
57.0034
56.3403
56.8465
56.6076
56.5754
56.376
56.4841
56.5669
56.9272
56.644
56.5691
56.4797
58.5834
56.8491
56.6688
56.6679
56.1447
56.9468
56.5205
58.271
57.2465
56.9481
57.4091
56.8746
56.7957
55.9969
57.1956
56.7085
57.8034
56.8821
56.6781
56.6853
56.3551
56.7946
56.5424
56.4685
56.8244
58.2751
58.6316
57.8126
58.0321
58.344
57.9216
58.3033
58.3979
57.5884
59.3019
58.7524
58.4825
58.0785
56.9119
56.4188
56.8485
56.1903
56.3397
57.1462
56.2471
56.3048
56.1629
56.0316
56.3816
59.1945
56.3636
56.658
56.4566
56.7124
56.4293
56.849
56.2562
56.4849
56.0002
56.4022
56.4369
56.3825
56.8098
56.971
58.1866
58.2865
58.8442
59.1156
58.2444
59.793
57.7707
57.4797
56.9618
56.3816
56.3308
56.855
58.0015
58.1718
57.3847
58.157
56.7145
56.7949
56.1011
55.6401
56.7391
58.1033
57.6653
57.3192
57.4072
58.2605
58.1442
57.8329
58.5482
57.5142
57.7499
57.5105
58.0026
57.8746
57.5305
57.4395
56.8908
56.5137
56.3554
56.4549
56.6755
56.5113
58.7293
55.8089
56.874
57.1065
56.8714
56.0737
56.5
57.0827
56.0769
56.2569
55.9398
56.691
57.3463
57.105
56.2486
56.2776
56.4623
56.5705
56.1402
56.7657
56.8415
57.1332
56.6972
55.9534
56.2509
56.7878
56.3617
56.2962
56.7002
56.9102
57.5395
57.0353
56.6623
56.6828
56.887
58.3593
56.0249
57.113
56.3599
57.1554
56.9174
56.5207
56.9017
56.6477
56.7177
56.0222
56.8113
57.3137
56.9487
57.3516
56.7441
56.6793
56.7964
57.018
56.9704
56.8196
56.6988
56.7992
56.8566
57.3007
56.7166
56.7238
56.0357
56.8174
57.5111
56.6058
57.1571
55.86
56.8166
56.7597
56.4655
59.0845
56.4183
56.6813
56.1108
56.0853
55.6359
57.9544
56.4609
56.3015
56.2037
56.5456
56.0042
56.3341
56.3584
55.5863
56.545
56.7959
56.8364
56.1092
56.2379
56.0676
56.6158
55.7138
56.0676
56.4382
56.6148
56.7551
56.4705
56.1884
55.956
56.5818
55.571
55.9548
56.0454
56.8364
57.8718
55.8581
55.6927
55.9873
56.1442
55.8967
55.9066
55.9629
56.3995
57.4893
55.9772
56.226
56.2915
55.8324
56.3503
56.4194
56.3249
56.2085
57.0565
56.0453
56.5997
55.6087
56.8424
56.5823
56.2455
56.2689
57.4483
56.5344
56.3009
56.2874
55.8802
56.5123
55.931
56.6915
55.7099
56.0275
58.409
57.0216
56.3563
55.4912
56.155
56.1231
56.5997
56.5158
56.4522
56.2297
57.0181
56.0716
56.3717
58.0656
58.143
56.8424
56.1321
56.6758
56.0817
56.6425
56.2894
56.3017
55.9968
56.3505
56.7456
56.2013
56.3843
56.1129
56.6248
56.2927
57.1166
56.5342
56.5329
56.6726
56.4249
55.9722
58.6163
55.6981
57.0128
56.3529
56.3564
56.8212
56.2814
57.3487
57.4025
58.004
56.3009
56.1557
57.2652
56.0958
56.5612
56.0314
56.4445
55.8374
56.0921
56.1575
56.689
57.1059
57.2819
56.0287
55.5321
55.9361
56.3013
56.06
55.8521
56.4117
56.5443
56.6364
56.0767
56.2536
55.7334
59.046
55.7957
55.9012
55.4606
56.1193
56.0384
56.4226
55.3945
56.5012
55.291
56.0629
56.3556
55.9772
55.8198
56.9365
56.2141
56.328
55.6885
56.1981
56.0375
56.1261
56.009
56.2015
56.1592
57.9332
58.5453
57.904
56.9714
57.6634
57.5157
58.2029
58.3875
58.102
58.7875
57.2337
58.9114
59.139
56.5176
56.7812
56.5304
56.1739
55.939
57.0527
56.1753
56.3739
56.6414
56.0392
56.4595
55.7166
56.2111
55.6979
55.8948
56.5839
55.9715
56.1418
56.2078
55.9238
55.5426
55.4798
55.9108
55.779
56.4566
56.3236
55.7409
56.1851
56.1476
55.2844
55.9876
55.9406
55.8264
56.1406
57.9768
56.6195
56.0883
55.8813
55.2494
55.955
55.7948
56.3032
56.123
56.8102
55.8066
56.4645
55.7465
56.0062
55.8385
57.6072
56.8108
56.3547
56.8655
56.5668
56.3849
56.3956
56.202
55.9119
56.6837
57.002
56.363
56.1536
57.0177
55.83
56.1439
55.58
56.3358
56.1699
56.1294
55.9729
58.2437
56.8903
58.5947
57.214
55.3229
56.361
56.1365
56.3473
55.9041
56.9406
55.9578
56.651
55.4085
56.4424
56.373
56.7714
56.3384
56.4548
55.9856
55.9899
56.7336
55.3832
55.7365
56.2802
56.0041
55.5762
56.1231
55.5351
55.591
57.0332
55.8579
55.6969
55.2908
55.4333
55.9007
54.9418
57.7674
55.5889
55.3309
56.2027
56.1906
54.9221
55.3022
55.771
55.5597
55.3646
55.5163
55.6738
54.8705
56.2165
55.8427
55.3875
55.5943
57.0659
55.5887
55.6241
54.8944
55.74
56.2768
57.4033
56.7061
56.3601
55.4852
55.5095
55.2034
55.7689
55.8496
56.2052
56.0837
55.4086
55.5571
55.4078
58.4614
57.0469
57.3012
56.6353
57.5505
58.9782
57.7282
56.6436
57.217
57.0376
56.6979
57.4144
57.2921
55.6538
56.0607
55.2924
55.8188
55.5872
55.0065
56.198
55.2747
55.8463
57.1543
57.6544
57.047
56.825
56.8026
56.9895
57.1476
55.6928
55.494
55.397
55.4851
55.4015
55.2738
55.6867
57.7971
55.0354
55.2599
55.1503
54.7317
55.2226
55.0576
55.5601
54.9393
55.3814
55.5512
57.003
55.6055
56.3905
56.3331
56.7211
57.3333
56.5014
54.84
55.1578
54.2731
54.4453
54.706
54.8896
54.7218
55.2373
55.5292
55.0869
55.0528
55.8788
56.6
56.3829
56.6379
56.9823
58.5006
55.4008
57.0272
55.414
54.9119
54.9142
54.8047
55.0952
55.1713
55.2715
56.0564
55.2686
56.005
55.4546
55.6722
54.9989
55.5638
55.328
56.5428
54.6485
55.507
55.9707
55.0216
55.3476
55.0002
55.7091
55.4043
55.9367
55.6745
55.2559
56.153
55.4469
55.1528
55.3645
55.3492
55.3655
55.5185
55.2629
56.9251
56.1214
55.3062
54.5018
55.209
56.6985
55.5254
55.0166
55.3379
54.9259
55.3351
55.093
55.1432
55.5661
55.6667
54.6897
54.7794
55.063
54.5763
55.0849
55.3736
55.7036
54.9064
55.7727
55.2176
54.5627
55.1008
55.37
55.1304
55.0062
56.1456
55.0262
54.8922
56.6015
57.3291
56.6074
60.1163
57.0416
56.9785
56.0091
56.3371
54.901
54.5984
54.7875
55.2272
55.2424
54.9734
55.6733
55.015
55.2106
55.0887
54.8401
54.9263
55.1286
55.1444
55.3584
55.2943
55.2477
55.8814
55.7292
55.5261
55.1953
54.8769
55.4048
56.1246
55.1249
55.7945
55.1888
55.521
57.1702
57.0056
57.0905
56.5713
57.2749
55.9449
55.4168
55.6202
55.4613
55.9451
55.7297
55.9301
55.9568
55.6435
55.1711
55.4144
55.5533
55.761
55.9968
55.8842
55.6195
54.9506
56.4445
55.3928
55.9428
55.883
56.0679
55.3859
56.4121
55.9125
55.7768
55.6158
55.878
55.7447
55.6544
54.7738
55.6854
56.0292
55.9476
56.1449
58.7208
56.2591
55.7082
54.9816
55.5118
55.7761
56.2799
55.9872
55.3526
55.4874
58.7455
56.7898
56.7191
56.9811
57.5041
58.2271
58.3272
57.2191
57.0497
56.7899
57.3179
56.8836
57.2402
57.6921
56.3126
56.2806
55.9924
55.0715
55.0116
55.408
55.1469
54.748
54.8644
55.779
55.374
57.0655
55.6905
55.1626
55.3023
55.1319
55.503
55.2327
56.2559
57.0219
57.5403
54.7432
55.3618
55.0335
55.2673
54.6811
55.1511
54.4263
54.5297
54.864
55.5249
54.786
54.5931
55.3616
54.3451
54.647
54.7725
54.4023
55.0545
55.3194
54.9068
54.494
54.4664
55.5555
54.6397
54.9244
54.3555
55.8746
57.5715
57.3587
57.0213
56.1177
56.4279
56.7383
56.1488
57.0995
56.408
56.6421
56.7013
57.662
56.8416
56.3309
55.1604
56.1766
56.5323
55.6187
56.9925
65.3025
68.2384
67.5693
67.0965
57.3728
54.4944
54.7543
54.665
54.5135
54.992
55.8877
54.8398
55.4903
54.3413
54.9578
54.6649
57.9897
55.3248
55.0639
55.5083
55.6545
56.4589
58.2992
56.2728
57.1422
56.2334
56.753
56.7821
58.4935
55.4689
55.681
54.7014
55.7553
57.0553
56.6153
56.4485
57.0156
56.3015
56.9418
56.9762
56.8144
56.4231
56.893
58.7515
57.0133
56.5166
56.7434
56.8984
58.1385
55.8292
55.6118
56.3128
56.7484
55.6421
55.0534
55.9314
55.9081
55.7097
55.1541
55.6072
55.6643
55.4245
55.3621
55.3956
55.3007
55.7222
56.2917
56.0476
55.6467
55.0824
55.3921
55.517
55.5919
56.6376
57.5273
56.8883
58.1166
56.7379
56.1894
57.2276
56.559
57.3511
57.1799
57.9601
57.6209
58.804
57.856
59.428
57.3446
57.4007
57.0723
57.6484
55.7594
55.8476
57.3898
57.6462
58.4664
58.0799
57.735
55.5766
56.0349
56.2047
55.8619
55.5913
56.8561
55.6675
55.9375
54.9594
55.5592
55.2593
55.9203
55.4183
55.5512
56.4301
55.8974
55.1922
55.5105
55.8052
55.5962
55.5672
55.5789
55.5123
55.9172
57.911
55.8077
56.0855
56.4244
57.4187
57.5056
57.2465
56.9788
59.2417
56.4813
57.3142
57.6346
56.8873
55.5952
55.1597
54.7088
55.5297
54.4309
55.5536
55.3053
55.2387
55.0136
55.3244
55.2712
55.5428
54.8365
55.2262
55.0771
56.297
55.0246
54.871
55.0846
54.7367
54.8778
54.8032
55.4017
56.4275
55.1965
55.7817
54.8765
54.4744
55.0709
54.7227
55.0343
55.5693
55.4534
55.3033
55.0418
55.3699
54.9977
55.1809
55.0851
55.2803
55.209
54.7254
55.0236
54.8776
55.7321
54.9981
54.9108
54.7981
54.3286
55.9037
54.4013
55.0838
54.3455
55.523
54.3857
54.6863
54.7073
54.6379
55.2411
54.7134
57.2819
54.8508
54.7818
54.545
54.7833
54.7879
54.9396
55.0031
54.639
54.498
54.0557
54.9695
55.1031
55.0038
54.9533
54.6284
54.8874
54.1515
54.3666
54.9182
54.5352
54.9347
54.629
55.7428
54.5781
54.4022
54.8157
54.063
54.4024
54.2257
54.2095
54.1648
54.9059
55.018
54.2269
54.4502
56.5866
54.8782
55.0034
54.7948
55.6292
54.5823
55.3431
54.8878
55.3295
54.3067
54.6893
54.8927
55.1322
54.9103
54.8272
55.2136
54.4224
54.5897
54.8117
54.598
54.7951
55.1283
54.2977
54.4935
54.8261
55.3001
54.9771
54.7409
54.5102
54.7608
54.9864
54.6251
55.1886
54.5513
54.6983
55.3278
55.2156
56.7036
55.7442
54.887
54.8286
55.1215
54.8963
54.5224
55.6366
55.3673
55.0478
54.8079
54.9654
54.4409
54.4376
54.6735
54.6348
54.303
55.7343
55.1508
54.7298
54.0412
54.8613
54.7854
54.5294
54.6926
54.8369
55.0006
54.613
54.6682
54.6766
54.8002
55.1757
54.8015
55.5859
54.6947
55.3612
55.0743
56.4512
54.8981
54.644
54.8922
54.435
54.9585
54.7902
54.7077
55.1114
54.868
55.1094
54.8343
55.0274
54.7305
55.1273
55.1453
54.4431
54.6784
55.2875
55.2772
54.6489
54.9458
54.8948
54.3114
54.8028
55.0846
54.945
54.81
55.6622
54.9672
55.2087
54.4931
55.557
54.7636
55.2178
54.9446
56.5443
55.1224
55.1088
54.8419
54.8564
54.9416
54.5785
55.0003
55.2309
54.2097
54.8242
54.8853
55.3518
55.002
54.3516
54.5943
54.6136
54.561
54.5462
54.8046
54.3308
55.3484
54.9404
54.3006
54.7358
54.7125
55.2786
54.2529
54.2026
54.3538
54.569
54.9442
54.712
54.1363
54.503
54.3659
54.5914
56.1606
54.8491
54.4711
54.7127
55.075
54.2638
54.3659
54.1371
54.6242
54.6427
54.3924
54.6534
54.3043
55.1989
54.5794
55.033
54.7197
54.2976
54.8094
54.0764
54.7367
54.817
54.6171
55.3251
53.8718
55.11
54.5464
54.8357
54.2326
54.5469
54.6669
53.8164
54.6507
55.2269
54.74
54.4049
54.4675
56.6126
53.795
54.8326
54.4214
54.1755
54.7475
54.9829
54.9448
54.1378
54.3366
54.2663
54.3329
54.6172
54.2945
53.9167
54.7212
54.3775
54.5827
54.2532
54.4535
54.0204
54.9222
54.6331
54.0565
55.4067
55.2766
54.3431
54.6389
54.6925
54.8647
54.062
54.4279
54.4635
54.6286
54.8828
54.937
56.1187
57.415
56.5342
55.8371
56.3649
56.6985
56.5699
56.3666
56.2487
53.8873
54.7486
54.4673
54.6758
54.4859
54.6673
54.5382
54.3989
55.0938
55.3261
54.678
54.6917
54.7108
55.0201
54.0081
54.6895
54.735
54.607
54.3342
54.9707
54.0923
53.7929
54.3461
54.2975
54.4242
54.6578
54.1955
54.3453
56.6579
54.5766
55.0776
53.991
54.6397
54.711
54.5898
54.1002
54.9527
54.3705
54.8348
54.2913
54.7
53.5063
54.1129
54.0729
54.3594
53.8041
54.665
54.6992
54.2055
54.3251
54.3415
54.5831
54.4815
54.6521
54.4994
53.7265
54.359
54.9928
54.1862
54.6464
54.1626
54.5386
53.9933
54.2921
55.2138
57.0133
54.6774
55.1198
54.664
53.7928
54.6378
54.3365
54.5132
54.3818
54.2035
54.3693
54.257
54.7067
54.6012
54.2161
55.1044
54.7841
54.0528
54.3805
54.0651
54.4999
54.8428
54.7389
54.3876
54.1988
54.4093
54.1188
54.268
54.541
54.264
54.9177
54.3047
55.1581
55.047
54.7139
54.3548
54.7477
56.8144
54.2252
54.6401
54.6189
55.1217
54.9483
54.3
54.5219
54.0258
54.3296
54.0524
54.4508
54.2593
55.5629
54.4569
53.9394
53.7747
54.4277
54.0729
54.3274
54.1493
53.9113
54.1665
54.3359
57.4707
56.3025
56.1503
55.6162
54.3842
54.3238
54.7261
54.1569
54.3244
55.7314
54.0006
54.5303
54.396
56.2581
54.7567
54.0623
54.6622
54.818
55.1822
54.9568
53.9977
54.8861
54.8489
55.3269
54.6729
54.6685
54.4661
54.6379
55.106
55.1916
54.9584
54.9648
54.7936
54.5117
54.6946
54.3264
55.2413
54.9006
55.4984
54.9421
55.1236
55.141
54.389
54.9311
54.5703
55.0704
54.8623
54.6779
55.7232
54.2913
58.4142
57.1243
57.3241
57.1957
57.3344
56.3283
56.5144
57.4969
56.0199
56.9373
56.4352
56.5206
56.0257
56.6529
56.218
56.2006
57.0711
56.2529
56.3861
56.2876
56.0393
56.2445
56.5963
56.6836
56.3801
55.4818
56.7462
56.0779
56.0254
55.5635
54.3137
54.3521
54.1863
53.695
54.3221
56.6978
54.7171
54.7159
53.7254
54.0349
54.5368
55.4318
54.721
54.7775
54.6179
55.2579
54.3362
54.6288
54.5629
55.4108
55.0361
55.0297
54.7729
54.7837
54.9409
55.1496
55.1112
54.8269
55.4396
54.7027
54.9978
54.1444
54.5817
54.7953
55.3132
54.9951
54.3227
54.832
54.2537
54.6555
54.7901
54.5191
56.5255
53.9935
55.6777
54.3567
55.0617
54.9251
54.7695
54.9114
54.7353
54.7699
54.4585
54.8716
55.2346
54.4524
55.1639
54.4947
54.8533
53.9758
54.6544
54.6403
55.0786
55.0186
54.2414
54.5744
53.8042
54.2702
54.6833
54.4132
54.5505
54.4672
53.7147
55.1461
54.4645
54.4964
54.4196
54.6241
54.2138
56.8812
54.375
54.5341
54.6651
55.168
54.6455
54.2008
53.6881
54.6339
54.2799
54.4206
56.1044
54.5201
54.6429
55.0762
55.827
56.3328
56.425
55.2514
54.7921
54.5031
54.5443
54.1792
55.0908
54.6465
53.9694
54.5356
54.4623
54.3469
54.5769
54.4101
54.3061
54.3686
55.2807
54.7258
54.157
54.3599
56.6385
54.3241
53.8117
54.3967
54.1397
54.4964
54.5456
54.3263
54.5226
54.1625
54.3719
54.7071
54.0091
54.8493
54.9815
55.6634
54.189
54.7463
54.5447
54.496
54.5719
54.8209
54.5617
54.2993
54.6585
55.4639
54.6918
54.3727
54.5131
53.8683
54.5218
54.7567
54.5898
54.5973
54.7369
55.48
53.7414
56.5729
54.5343
54.8869
54.3688
54.5121
54.6205
54.3853
55.4702
55.2416
56.2667
55.2106
55.3397
54.9263
53.98
54.5586
54.7783
54.8264
55.5393
55.1026
54.5704
54.5444
54.9932
55.0423
55.123
54.7396
54.7021
55.7156
56.8603
55.0318
55.2431
55.1966
54.9353
55.1223
54.4632
55.5055
55.095
57.8205
55.1834
55.0273
55.1352
55.2966
55.425
54.7902
54.6729
55.0682
57.1997
55.4733
55.2888
54.6069
55.5306
54.5656
55.2243
54.9788
56.0808
57.1109
57.0307
56.9236
56.9613
56.4377
56.9959
58.3069
57.3632
56.991
57.4114
56.9493
57.7646
57.022
57.7939
57.4255
57.1707
56.9616
56.7604
58.1852
56.6767
57.5306
56.8793
57.397
56.9478
56.4263
57.4447
57.6579
56.8052
56.6753
56.8825
55.4976
55.2616
54.9219
55.2455
55.1265
55.4281
55.4495
55.1894
55.2911
56.4352
54.8235
54.9909
55.5826
54.9253
54.7903
55.2849
55.0513
54.5513
55.7262
55.0833
55.2028
54.7902
55.3024
54.9631
56.8499
55.1761
54.7109
55.3526
55.7776
55.6906
55.0977
55.1308
54.8889
55.3926
55.3258
54.9635
55.2082
55.5821
55.4547
54.4048
55.4081
55.3269
54.9383
54.7941
55.2389
55.2495
55.2783
56.0869
54.997
55.0943
54.4807
55.3833
54.7182
55.036
55.3319
54.819
55.1893
54.9442
54.6692
54.7942
56.3091
55.6724
55.0328
55.2662
54.6851
54.0811
55.0291
55.4824
55.0107
54.8777
54.7114
55.1771
54.3217
54.8083
54.9367
54.8771
55.3917
54.9299
54.367
54.9002
55.4684
55.2635
54.7294
54.2929
54.9416
55.1498
55.1667
55.2026
54.7403
55.1823
54.679
54.7927
54.9594
54.9149
54.9122
56.3009
55.3202
57.521
55.2885
55.7998
55.0555
54.5657
54.7817
55.187
55.5771
56.038
55.1392
54.9863
54.7707
56.0796
55.0222
54.9269
55.2345
55.43
55.9273
55.3615
54.6838
55.4073
55.3389
55.0407
54.8751
55.0886
55.0385
54.6356
55.6049
55.6404
54.7994
55.7553
56.0974
56.6673
56.3693
55.8859
55.2402
56.7239
54.9471
54.4746
54.7524
55.2114
54.6063
54.6373
54.902
54.4026
54.9118
55.5026
54.9209
54.8104
54.6445
55.2536
54.6402
54.8844
54.5748
54.8246
54.8548
55.2067
54.8783
54.287
54.6438
54.8548
54.6884
54.6436
54.6937
55.0634
54.9989
55.4191
59.999
56.8365
55.186
55.0545
55.1633
55.3713
56.9283
54.896
55.7551
55.2114
55.1187
55.1232
55.3837
56.5022
56.3635
56.969
57.0482
55.6909
55.9987
55.2278
55.4573
54.8896
54.4834
55.3388
54.9001
55.0484
55.173
55.9471
54.8035
55.0002
54.4568
55.0123
55.0262
54.9899
55.1084
55.6556
55.6382
54.582
55.083
54.9363
54.6408
55.1864
56.5781
54.8764
54.4715
56.3972
57.39
55.0344
55.7899
56.7192
56.4754
56.7786
57.1161
56.5277
56.9678
57.0919
57.0076
56.6281
56.7783
56.1854
56.6396
56.956
55.8174
54.5595
55.5785
54.4473
55.3114
54.8471
55.2363
55.1334
55.5
54.4511
54.5988
55.0299
55.232
55.5576
55.1069
55.1259
57.961
55.2865
54.9025
55.3609
54.9251
55.3917
55.3332
55.5807
55.6562
54.9749
54.55
55.1044
55.3476
55.6141
57.154
55.1814
55.973
54.7513
55.2223
54.7781
55.4567
56.0406
55.0506
55.0057
55.0712
55.5935
55.2549
55.019
54.6559
55.0251
54.8908
55.4072
54.9737
55.2341
54.9315
55.6049
54.5224
56.8894
54.8789
55.1234
54.8469
54.9967
55.5639
54.2975
55.5198
55.3818
55.0828
55.1041
54.8526
54.6105
54.4433
55.5002
54.9673
55.3986
55.7329
55.3778
55.4276
55.7353
54.5297
55.9013
54.9976
54.9953
55.0962
54.9379
55.604
54.8448
55.0313
55.1926
54.8937
54.8616
54.3393
54.8569
54.8338
57.3173
54.546
55.1148
55.4337
56.1721
56.7362
56.3861
56.3852
56.8113
56.0945
57.328
56.5792
54.5973
54.7522
54.8123
54.4039
54.7732
54.2279
54.4726
55.2363
55.4223
54.7771
54.3653
54.639
54.4539
54.1721
54.7433
54.6358
54.8165
55.0463
54.9276
54.1044
54.5061
54.7718
54.6469
54.9017
54.8426
56.8043
54.476
54.8307
54.2655
54.803
54.4611
54.6921
54.6864
53.9311
54.4054
54.7923
54.5725
55.0967
54.3968
54.6505
54.1483
54.5374
55.0218
54.187
54.8346
54.0793
55.0401
54.4255
54.4781
54.4196
54.1897
54.2037
54.6015
53.7734
54.4397
54.428
55.2626
54.4388
54.445
54.7767
53.7772
55.8859
56.3133
55.4433
55.9881
57.699
56.4044
56.4333
57.876
55.9199
56.3352
55.6659
56.3043
55.9009
56.4778
56.9638
55.6771
54.4669
55.1484
54.5615
54.8313
54.2824
54.1591
54.7641
54.783
55.2041
54.7653
54.7141
54.621
54.4176
54.5035
54.6674
54.7318
54.9789
55.3279
54.3004
54.7329
54.709
56.6408
54.7929
54.4132
54.2594
55.1416
54.4916
55.7172
55.0011
54.9444
54.8137
54.57
54.4952
54.7204
54.6736
54.5367
55.2834
54.4017
55.4135
55.0894
54.8736
54.7323
54.4966
54.5829
54.5615
55.4702
55.6954
55.0517
54.9562
54.8542
54.602
54.586
54.8709
55.0233
55.0346
55.2316
55.5617
56.1962
54.51
54.8126
55.1073
54.8108
55.3021
54.6899
54.5645
55.3411
55.0226
54.6539
55.0376
54.8721
54.7877
54.6115
55.4953
54.3261
54.6161
54.9917
55.4462
54.767
54.3402
55.0722
54.3348
54.7573
54.8603
54.8412
54.7827
55.3404
54.986
54.2803
54.319
54.8998
55.0145
54.6546
54.9226
54.2215
57.3209
54.9125
55.2172
54.8046
54.7388
54.5301
55.6423
53.9255
55.089
54.895
55.4012
54.6337
54.4866
54.6241
54.0233
54.6381
54.7784
54.7879
54.944
54.7886
55.5519
53.8837
54.5947
54.4753
55.1239
54.3856
54.3458
54.7837
54.0393
55.4006
54.6957
54.3163
54.4058
54.0961
54.5428
54.2087
54.8528
56.4029
54.5524
55.1495
53.8958
54.269
54.0628
54.2303
54.4108
54.5642
55.1913
54.1372
53.7157
55.1153
54.1941
54.4132
54.7144
55.0473
54.5198
54.1389
54.9712
54.4428
55.0651
54.7975
54.6495
54.3962
53.9268
54.7897
54.6755
54.3017
54.6064
54.6864
55.1215
54.3355
55.2577
54.791
54.7544
54.6982
56.9814
54.2333
54.0267
54.8375
55.398
55.4272
55.3904
55.1615
54.663
54.0161
54.6915
54.692
54.7306
54.3387
55.5404
54.232
54.2356
54.7525
54.0807
54.1946
54.6182
54.3548
54.4813
54.9567
54.336
53.7177
53.9304
54.6112
54.1224
54.5101
54.5351
53.7007
54.3368
55.8741
56.2041
55.7474
57.3551
56.3287
54.2811
53.935
55.0136
54.3151
54.8505
54.9238
54.1872
54.4305
54.0551
54.4513
54.4115
53.8639
54.7918
53.5051
54.4517
54.7095
55.0795
54.3758
54.5059
54.4038
54.5181
54.5137
54.5493
54.3656
55.3463
54.8373
54.1825
54.761
55.1021
54.5345
54.3208
54.1475
54.5447
53.9049
55.875
56.1586
55.028
54.5759
54.518
54.651
54.0792
54.6936
54.277
55.6307
54.931
54.1705
54.5067
53.7704
54.4213
54.3999
54.1858
54.4166
54.1381
55.4653
54.1323
54.6067
54.6976
54.3379
54.4269
54.299
54.1278
54.3941
54.3954
55.3541
54.5074
54.2575
54.2489
54.4823
53.838
54.5251
54.7188
54.322
56.3608
55.0127
54.0546
54.6088
54.3625
55.1093
54.484
54.7048
54.7646
54.3434
54.8334
54.6447
54.3822
54.5873
54.4411
55.0807
54.072
54.602
54.4891
54.5316
55.2132
54.9866
54.8076
54.184
54.4005
54.7868
54.6378
54.5964
54.7254
54.8782
55.0415
55.1494
55.1518
54.9925
55.0846
55.0696
54.829
57.6788
55.0565
56.108
55.9
54.8877
55.2281
55.1914
54.4619
55.14
55.6442
54.9512
54.874
55.9092
54.8119
54.7323
54.2058
55.1885
55.0419
54.9438
55.5316
55.1796
55.4879
55.4513
54.8838
55.1488
55.1869
55.15
54.8559
55.4473
55.4036
54.8192
55.3919
55.0422
54.8337
54.8955
55.66
58.7632
56.7279
56.2179
56.6828
56.978
57.4925
55.1145
55.2886
55.2009
55.2303
55.2383
55.4544
55.2631
54.5395
55.748
54.7621
55.4209
55.8313
56.7397
56.0304
56.3578
57.0011
56.2656
57.1287
56.9805
56.7067
56.4233
55.6309
54.2645
54.7985
55.0862
55.1688
54.8282
55.3539
55.5255
54.6962
56.2301
55.2299
54.6801
54.5466
54.1309
54.8156
54.4559
56.0459
54.9086
54.7123
54.6162
54.5341
54.1174
54.1126
55.0093
55.0775
55.0683
55.6149
54.5474
54.8614
54.1031
54.6934
54.4755
54.8111
54.6346
54.787
54.9722
54.1247
54.408
54.2823
54.4512
54.5749
55.0525
54.6788
53.8732
55.1366
54.5228
56.8735
54.2087
54.308
54.2114
54.0818
54.6271
54.8101
54.2663
54.7057
54.7437
54.6174
53.6805
54.7025
54.6754
54.7961
54.6362
54.6238
54.4926
54.5014
54.3972
54.5389
54.2282
54.8786
54.3235
53.8229
54.5553
54.0245
54.909
54.877
55.1004
54.2868
54.5993
54.5517
53.9286
54.348
53.7849
54.3518
56.5125
55.1342
55.0879
54.4125
54.4763
54.0205
54.2578
54.2825
54.3835
55.0223
54.8089
53.5981
54.1098
54.1687
54.5284
54.1277
54.8722
54.3091
54.2627
54.7894
54.948
54.3775
54.6006
54.2415
54.5808
54.0244
54.6063
54.3159
54.8622
54.5467
54.8523
54.0635
53.9567
54.2683
54.4134
54.4703
54.6156
56.2037
53.839
54.8958
54.4011
54.4813
54.8029
54.8548
54.5033
53.8201
55.0534
54.2864
54.6182
53.9976
55.1594
54.417
54.6007
55.237
53.6905
54.0608
54.1651
54.3387
54.7885
54.5711
54.2296
54.1177
53.9171
54.0916
54.0023
54.0782
53.9535
53.4026
53.956
55.0021
54.4095
53.9361
54.231
53.4323
55.893
53.8055
54.1888
54.734
56.7291
54.6381
54.5759
53.4518
54.3733
54.3012
54.1822
54.2504
54.1844
53.7963
54.5373
54.2563
53.993
53.7523
53.4864
54.2035
54.3114
53.7476
54.0485
54.0334
54.0984
54.0718
53.9387
54.1836
53.6802
53.898
54.3599
53.6148
54.2946
53.8045
54.587
54.2205
53.8046
57.1306
53.6094
53.447
53.9339
53.5655
53.6334
54.3048
54.5796
54.4034
55.0842
55.755
55.2046
55.1994
55.4328
55.7081
55.628
56.371
55.0493
53.7208
53.9162
53.4691
53.7223
54.1234
53.9729
54.0801
54.0294
54.3342
56.1754
56.8611
56.4912
55.5951
55.4743
54.963
55.5563
54.9829
55.7447
55.7206
56.7415
53.6941
53.7088
54.2889
53.2865
53.9397
54.0452
54.3867
54.711
54.299
53.3269
54.4035
53.7035
54.2788
55.2639
54.4487
53.8625
53.3761
54.4315
53.7695
53.6035
53.7931
53.4895
53.581
54.4856
53.6247
53.415
53.4295
54.2472
53.8321
53.1575
54.1994
53.9473
54.1939
54.6173
53.6997
53.0487
55.9501
54.0646
55.1252
53.4092
54.1938
53.5749
53.2221
53.685
54.2877
53.549
53.7022
54.7529
53.2207
53.2665
53.9429
53.3784
53.6861
53.4653
52.5444
53.4015
53.9469
54.4085
53.5438
53.3181
52.8778
53.422
52.881
53.8221
53.4745
53.7171
53.2092
54.0919
53.0262
53.3309
53.3803
53.6208
52.6397
53.7533
55.3722
53.2435
53.8983
53.7178
53.6573
53.1922
53.4666
53.9427
53.9147
53.5506
53.3894
52.916
53.7597
53.6298
53.3993
53.6563
53.2527
53.2508
53.6833
53.3058
53.0763
52.9141
53.8078
54.997
61.736
55.8704
53.1347
53.7128
53.3674
53.3627
52.5387
53.3892
54.025
53.3388
53.935
53.4692
52.5978
55.8759
52.9305
53.4081
53.1014
53.8555
54.069
54.2276
54.7953
54.8351
54.4048
54.7791
53.0476
52.9534
53.4784
53.4307
53.7426
52.9868
53.5047
52.9886
53.7177
52.7554
53.7515
53.0439
53.23
53.4722
53.6441
52.7506
53.4874
53.5398
54.6745
54.9405
55.3353
54.1422
54.9762
55.4631
53.6576
53.0929
53.1855
55.6301
52.7565
53.4074
53.1572
53.5287
53.3978
53.7272
53.051
53.3921
53.5684
53.5676
53.5215
52.734
53.6
53.3472
53.5201
53.9887
54.0218
52.5984
53.1461
53.3087
53.1821
53.1548
53.522
52.6256
53.0297
54.0029
53.514
53.4717
53.164
53.1314
53.1029
53.5057
53.1608
53.3462
53.5095
53.1992
55.6185
53.8704
53.1632
53.528
53.0499
52.8814
53.2453
53.8311
53.1228
53.899
53.0383
52.7161
52.9128
53.56
53.5513
53.0476
52.8675
52.6663
53.1065
53.7703
53.1036
52.9214
53.2799
52.6617
53.2628
53.06
53.1744
52.4113
53.3913
53.75
53.5356
52.7802
53.3418
53.1161
53.3143
52.4206
53.316
53.0986
54.8162
54.5681
53.2409
52.975
53.5036
53.3144
52.9823
53.4311
53.5646
52.9041
53.6336
54.0025
53.2617
53.2441
53.3224
52.6783
53.2805
53.2041
52.9055
53.0944
53.8368
53.166
52.99
53.8722
52.865
53.2474
53.3865
53.226
53.1967
53.1634
53.7699
54.3415
53.0318
52.7543
53.2072
53.1675
53.4564
53.9182
54.8925
52.8446
54.2862
53.4631
52.9511
53.348
53.9556
53.4595
53.5184
53.3312
52.5641
53.4737
53.9931
53.9779
53.2659
53.3685
53.2532
53.46
53.1814
53.109
53.0813
53.2465
53.8519
53.2791
53.578
53.4164
53.0379
53.2431
53.5744
52.5062
52.9885
52.8547
54.2753
53.4038
52.6704
52.5942
53.0016
53.0067
55.511
52.9408
53.7849
52.8754
53.8533
53.2373
53.3736
52.7383
53.5646
52.5939
53.2087
53.2583
53.3634
53.2269
53.9594
52.6591
53.3315
53.0707
54.9397
53.5592
53.3152
52.6601
53.259
53.1858
53.687
52.9482
53.132
52.5758
52.9487
53.8432
52.9008
53.0537
52.6405
52.5608
53.3686
53.5573
52.9453
54.1694
52.9243
52.5852
53.0882
52.9711
53.0062
53.1688
53.5626
54.0624
53.5053
53.1915
52.8774
53.098
53.8448
53.0152
52.9662
52.8702
53.2534
52.765
53.2982
52.806
52.922
52.2744
53.0493
52.7899
53.2038
53.345
53.7583
52.161
52.9194
52.7822
52.7551
52.8018
53.3738
52.0769
52.7956
52.5105
53.5757
54.6884
52.7541
52.3317
52.9713
53.2868
53.1062
52.595
52.6482
52.1794
53.4519
53.1056
52.9121
53.0999
53.0761
52.3283
52.7242
52.8601
52.767
53.1447
53.4943
54.9697
54.1992
55.2438
55.4241
55.04
54.6486
54.5229
54.4647
54.8306
55.5134
54.3536
54.3441
54.1309
54.4501
56.0122
54.0924
55.7436
55.4849
57.2702
52.7887
52.8776
53.0972
53.0933
52.9465
53.2368
52.4175
53.8061
52.8704
52.8973
52.9106
53.4044
52.5104
53.1824
52.9432
52.9147
52.9913
53.6344
52.3925
53.7577
53.2165
53.2065
52.8453
52.4288
53.3441
53.23
53.2236
53.1149
53.5144
52.908
53.5779
52.7497
53.0314
54.715
55.5795
54.1445
54.6374
52.9585
53.3366
53.4601
52.8964
53.3496
52.8095
53.0404
53.1985
52.8887
53.0581
53.6299
54.1284
55.2485
54.0772
53.6961
53.2622
53.0476
52.397
52.8023
52.6764
53.3696
54.0599
54.9583
54.0979
54.9471
52.9408
52.8574
53.1059
53.0272
52.3595
53.6434
52.9038
53.329
53.2665
52.7628
52.3522
53.293
54.1165
53.0831
52.9333
52.9289
52.226
53.6729
52.835
52.6719
53.0934
52.4055
52.8922
52.5651
53.4404
52.6426
52.8039
53.5679
53.0968
52.3034
53.2207
52.5866
52.8441
53.0103
53.1838
52.316
53.2469
53.3707
52.6533
53.2272
53.068
52.4432
52.823
52.7527
52.5433
52.6885
52.8954
53.3128
52.8361
52.1898
54.8976
52.572
52.0422
52.6122
52.6807
52.8456
53.4607
53.7331
52.3726
53.1582
52.9248
53.8862
54.5227
54.3315
54.6748
54.5199
54.4209
54.7928
52.2606
52.6181
52.8577
52.8262
52.689
53.0192
52.8835
52.8794
53.1966
53.3024
54.214
54.7979
54.0673
53.1907
52.8227
52.5075
52.6838
52.9958
52.9767
53.3234
55.0745
52.6498
53.3827
53.4507
52.3061
52.9119
53.1117
52.9435
53.215
53.4313
52.6632
53.0046
53.3108
53.0119
52.7649
52.4546
53.1222
52.764
52.7294
53.574
53.5631
52.5359
52.9141
52.8248
52.6461
53.1415
53.2612
54.9292
54.3853
54.7703
54.8303
54.1469
54.256
54.1985
54.0405
54.5766
54.8405
53.5044
55.0104
52.8245
52.2458
52.7834
53.046
52.6972
53.4617
52.7481
52.5258
52.7784
53.2747
53.324
53.0467
52.7601
52.0328
52.9722
53.15
52.7798
52.8155
52.8117
52.6471
53.3289
52.8377
53.6891
52.0939
52.386
52.7918
53.0288
52.9471
52.9172
53.2725
52.7541
52.9002
53.2066
52.6389
52.7908
52.7602
52.3125
54.6523
53.0819
53.5158
53.2399
52.8527
52.3296
54.4208
54.4627
54.7555
54.8431
54.6757
54.9472
55.3828
54.7831
54.3452
54.4249
54.7952
54.4746
54.9523
54.4005
52.9391
52.9087
53.4174
52.9258
53.0829
52.6469
53.0961
52.9671
52.9186
53.6853
53.3106
52.396
55.0392
54.793
54.8454
55.1612
54.3489
54.6294
53.6009
53.0968
53.0666
53.5897
53.0526
53.1916
53.1474
53.1261
53.6012
53.1276
53.6732
53.2634
53.4984
52.9504
54.043
54.1494
53.2931
53.106
53.2085
52.9046
53.1297
53.4805
54.9234
54.9294
55.4152
55.413
54.3771
55.1993
55.3123
54.8474
54.8993
54.9103
55.1533
55.3126
55.3954
54.9866
57.8685
55.5612
55.8982
54.3942
52.9226
53.7703
53.9976
54.2666
54.1469
53.7337
55.2044
55.4808
56.3157
55.1827
54.8642
55.0833
53.2708
53.9631
53.1785
53.3471
53.5024
53.0488
52.6782
53.8282
53.2915
53.3421
53.4001
53.5104
54.7239
55.0109
55.1854
55.0319
54.8057
54.0593
53.307
52.5149
54.0332
55.3058
53.8466
53.1577
53.9734
53.5165
52.8267
53.134
53.3972
53.0577
54.3855
53.722
53.2353
53.0702
53.428
53.0898
53.387
53.4049
52.9876
53.033
53.7506
53.795
53.1791
52.7203
53.4891
53.3243
53.1253
53.2641
53.1526
53.4515
53.822
53.2672
53.263
53.3695
53.3427
53.5077
52.8042
53.69
53.8681
55.473
54.4497
53.3105
53.1378
53.568
53.5395
53.5589
53.5972
53.3136
52.9013
53.9825
54.0162
53.3814
53.1983
53.2567
52.8779
53.446
53.1695
53.2915
53.4094
53.5773
52.971
53.5636
53.7884
53.3167
53.3671
53.4553
52.9097
53.5121
53.3899
53.6722
53.4507
53.5752
52.9486
53.8486
53.0914
53.3943
54.9531
53.8307
53.1827
53.4435
53.5586
53.4865
53.424
53.6002
54.9165
54.9674
54.6328
54.6608
55.1366
55.9127
55.0138
54.6926
54.8894
55.1077
54.9201
55.4747
55.4859
55.0936
55.1273
55.0914
55.0108
55.0147
53.7124
53.3947
53.4336
53.9525
53.4197
53.6377
53.4074
54.4797
54.5832
54.6639
54.6548
56.5966
55.0276
54.286
54.7366
54.8917
55.17
55.3725
55.0654
54.9615
55.0291
56.5994
54.3453
55.2616
56.2455
54.9253
55.5644
53.4724
53.9016
53.1073
53.3382
53.7434
53.3163
53.3969
53.4837
52.9922
53.8817
53.733
53.7848
53.313
53.615
52.9503
53.3068
53.4953
53.4869
54.1842
53.7238
52.9165
54.6278
54.2212
53.1333
53.5614
53.6992
52.7404
53.759
53.7999
53.6676
54.8369
55.2675
54.8043
55.168
55.0916
55.6096
54.3985
53.3728
54.1217
54.0408
53.6622
53.5146
53.8855
53.2848
53.7371
54.267
53.8053
53.6716
54.328
55.4131
57.0106
55.3816
55.6574
53.4261
54.0125
53.79
53.4586
53.6514
54.1406
55.9581
53.5416
53.8796
54.453
53.1649
55.2279
55.2516
55.3946
57.1805
55.9672
54.9026
53.0477
53.7441
53.505
53.871
53.9492
53.8867
53.7811
53.3476
55.1175
55.8141
55.2883
55.288
54.9782
55.1289
55.3433
54.9812
55.4857
56.2251
55.306
53.9261
53.6401
53.31
53.2222
53.5373
53.621
54.8838
54.5512
54.2228
53.1687
53.7871
54.0893
53.8743
53.3613
53.9487
54.5236
53.6176
54.4771
53.3599
53.9513
53.6685
54.1151
53.6507
53.4621
53.6754
53.9384
53.5672
54.4291
53.7721
54.0029
53.8856
53.9466
53.5741
53.8578
53.6317
53.5934
53.5922
53.3874
53.8768
53.9296
53.5339
53.9096
53.5733
53.5451
55.3822
53.489
53.5043
54.2709
54.0976
53.0849
53.2675
53.1144
53.8139
53.1905
53.4906
53.4928
53.4085
54.6
53.9877
52.9421
53.6572
53.3994
53.5412
53.5857
53.459
53.2351
54.0165
53.9346
53.1194
53.3967
53.2865
53.2474
53.4908
53.1673
53.3688
53.9425
53.6842
54.0872
53.1105
54.8078
54.2654
55.7527
54.0997
53.2795
53.1889
53.3211
53.5739
53.2319
53.7344
53.2576
53.5575
53.5842
53.8287
52.9667
53.7058
53.759
54.2381
53.9305
53.6981
54.5266
52.9567
53.5311
53.7106
53.6152
53.3252
53.8428
53.1403
53.9987
53.5817
54.3266
53.4253
54.0489
52.9173
53.9186
53.5918
53.8372
54.7285
53.8384
53.844
54.9394
53.8654
53.6488
53.6114
53.3648
53.8553
53.3202
54.5424
54.0607
53.7575
53.6033
53.3664
53.3213
53.7857
54.2748
53.8985
53.677
54.1487
53.5889
53.5121
53.9355
53.7321
53.7049
53.7522
54.3388
53.0486
53.8427
55.1381
53.8834
53.6862
53.7343
53.5944
53.9999
53.4683
54.1308
55.0387
55.9314
57.8117
55.3564
54.93
55.0761
55.8157
55.6077
56.678
55.162
55.3468
53.7084
54.1603
54.3819
53.5467
53.9511
53.5869
53.4309
53.7411
53.8797
53.4964
54.6928
53.0159
53.9693
53.5802
53.0521
53.7867
52.8448
53.6618
53.874
53.7474
54.6734
53.4705
52.7664
54.8791
53.5455
53.5784
55.0294
55.6078
56.8018
53.9505
53.2062
54.7729
53.6846
53.62
53.3255
54.9188
56.0491
55.0544
55.3241
55.7351
55.3561
54.8772
55.3515
55.0772
55.2387
55.1619
55.9256
53.5852
53.9668
54.4414
53.8726
53.3806
53.7746
54.3712
53.7473
53.4477
53.3111
53.2561
54.9306
55.6921
53.6004
53.5746
53.3989
54.4208
53.1075
55.7712
53.8754
53.9756
53.6814
54.755
54.3961
53.4164
53.7395
54.7219
53.7732
53.5921
53.5899
53.1755
54.4699
53.9494
54.0078
53.9808
54.0441
53.4694
53.171
53.5181
53.3886
54.029
54.1148
53.7584
52.8692
54.0299
53.6135
53.1858
53.4671
53.4667
53.1535
53.9353
54.8209
53.3806
53.8179
53.1185
52.8034
56.4731
53.9928
53.3865
53.4578
52.7619
53.8575
53.382
53.6886
53.2775
53.0965
53.3194
53.773
53.2839
53.5301
53.3591
53.699
53.7345
53.8506
53.6843
53.3632
53.458
53.245
53.4585
53.5956
52.7607
54.1918
53.4962
53.6955
53.4565
53.1474
52.8245
53.0945
53.538
53.0977
53.4174
54.5234
52.8576
54.886
53.426
53.2348
53.5052
52.84
53.4677
53.5894
53.243
54.666
53.7295
52.7964
53.6098
53.2772
53.1194
53.4226
53.8446
53.3111
54.2494
55.2829
55.3967
54.6283
55.1506
54.9501
54.9118
55.1858
55.3692
55.4859
55.3703
55.051
54.94
53.6995
54.0214
53.6761
53.3773
53.2626
53.8248
53.4801
55.5128
53.4496
53.7912
52.823
53.8496
53.9874
53.4878
53.5017
53.8145
53.3212
54.4135
53.6648
53.8313
54.1575
53.6262
52.9864
54.1585
53.6828
53.7035
53.9159
54.0641
53.9591
54.3316
53.3269
54.3115
53.5848
53.9628
53.6536
53.2873
54.5952
53.8235
53.7078
54.1311
53.7128
53.2138
53.9351
53.9516
53.8735
55.9818
54.8477
53.8014
53.5387
54.0464
53.6504
53.7889
54.194
54.4686
53.3553
53.9184
54.0184
54.1272
54.0038
53.6648
53.9615
53.1245
53.8449
54.0721
53.9496
53.7548
54.2219
53.1874
54.1152
53.7507
54.0537
53.6205
53.7493
53.0764
54.2047
53.9404
54.5178
53.7923
54.275
54.1265
53.4606
53.9336
55.6156
53.6714
53.4836
53.7489
56.2094
56.061
54.8488
53.6076
53.3783
53.8693
53.9109
52.782
54.2959
53.9595
54.2659
54.1048
54.1606
53.7156
53.3853
53.3912
53.9582
54.2696
56.0126
54.7788
53.2768
53.8057
53.5741
53.6144
53.4623
53.909
53.1604
53.6946
53.9355
54.5772
53.7038
53.5775
53.7274
55.2773
55.1599
55.811
55.0501
56.265
55.3791
56.5564
56.8942
53.667
53.7125
53.7942
53.3115
54.0612
53.668
53.6627
54.4835
53.7398
53.0595
53.9983
54.7896
53.6896
53.7796
53.7743
53.1257
55.1704
55.478
56.0727
53.83
53.824
53.8428
53.882
53.6646
54.0211
53.3399
54.207
54.4088
54.2053
54.8756
54.166
53.8297
53.6891
53.6214
54.1291
53.5974
53.8764
54.3024
54.306
54.0771
53.9135
54.0042
53.4517
54.0371
54.2103
54.1761
53.5335
54.6543
53.4694
54.0085
53.8099
53.9665
54.0829
53.5996
53.4996
54.2812
54.409
54.6948
57.5628
53.8217
53.964
54.0355
54.3649
53.7523
53.9846
53.7594
54.4487
56.1993
53.6812
54.0799
54.0613
53.6636
54.6176
54.0639
53.7758
54.6354
55.5087
53.817
53.6826
54.2171
53.6454
53.4116
53.7105
53.6873
53.3464
53.9075
53.3756
53.8671
53.6829
54.7717
53.2952
53.219
53.3347
53.1154
53.2102
53.5634
53.9787
53.9312
53.2481
53.2165
53.0936
53.2476
53.7931
53.4571
56.883
53.9184
53.7615
53.9585
53.4009
53.765
53.7823
53.4309
53.1754
53.7938
53.3966
54.1962
53.6158
53.3172
53.4142
52.924
53.2456
53.2678
53.5294
53.6378
53.7221
53.7273
53.6475
54.4056
54.7244
55.0883
55.5454
54.5855
54.8085
54.9008
55.2126
55.6073
55.4072
55.0143
55.201
54.5073
55.6275
57.1246
54.9922
54.8566
55.3971
55.2325
55.1583
55.6807
54.9785
55.5021
55.6148
55.255
54.8512
55.1422
56.0056
55.6965
55.629
56.7363
56.6399
55.3685
54.8381
55.6629
55.5453
56.1574
56.5588
55.7824
55.4547
55.444
54.8476
53.7051
53.9032
53.8006
53.91
54.483
53.8359
54.0534
53.9384
54.0341
55.2099
53.8916
54.5297
54.0614
53.4441
54.6127
53.9755
53.5564
53.9503
53.536
54.4002
53.2971
54.2724
54.227
54.152
54.421
53.8163
53.1548
54.3364
54.0603
54.7205
54.041
53.995
54.4626
53.9628
54.2714
54.2493
54.0705
53.9407
53.9354
53.6836
54.2096
54.1481
54.5676
55.6886
55.9668
55.0171
55.7378
54.3056
53.6089
54.1436
54.022
54.255
54.2317
54.1277
54.211
54.3378
54.2724
54.4297
53.841
53.6544
54.0581
53.992
54.7631
55.0742
54.1222
53.9052
53.3314
54.0647
53.636
53.8819
54.3841
53.9721
53.9053
54.8318
54.0288
53.9195
53.9945
54.0291
54.3731
53.7126
54.6484
53.8998
53.9394
57.278
54.0623
54.1153
53.3754
54.3736
53.9325
53.8253
54.3213
54.087
53.9459
54.1921
54.0592
54.075
54.2655
54.3068
54.0867
53.5638
53.2864
53.7986
54.3873
54.043
53.4857
53.7818
54.4848
54.3113
53.2282
53.7392
53.6817
53.4509
54.652
53.9647
54.1346
53.8302
53.9235
53.88
53.6208
53.8532
56.14
53.4104
54.2864
54.1681
54.4219
53.6706
53.8871
54.2699
53.6544
54.311
53.8227
54.5344
54.6026
54.0293
53.3269
53.8138
54.0179
53.7342
53.779
53.8849
53.9936
54.4194
54.1416
53.8472
53.693
54.2807
53.7089
53.4302
54.3292
53.9847
53.6137
54.3194
53.9313
53.31
53.592
54.0108
53.7279
55.2001
53.8713
53.846
52.9355
54.7157
53.8863
53.85
53.9138
54.189
53.2837
53.8982
53.4237
53.5827
54.1646
54.5331
53.1393
53.5211
54.1706
54.2519
53.7409
53.574
53.9399
53.0936
54.2845
54.278
54.2386
53.9974
53.7999
52.9163
53.3508
53.5417
54.0982
53.7203
54.0196
54.0704
54.1758
53.8024
53.8904
55.5762
53.5078
53.4612
53.588
54.2816
53.9713
54.3125
53.909
53.9489
53.7735
53.8611
53.9793
54.1048
54.1557
54.345
54.6243
53.3647
54.3369
53.9994
53.8162
