6.9518e-310
6.9518e-310
473.441
496.397
442.105
433.764
451.032
361.496
372.452
388.429
333.61
423.5
311.135
338.582
355.354
332.587
313.614
280.93
311.639
317.035
294.346
307.248
261.512
302.938
278.852
253.227
279.313
284.873
266.406
243.581
261.429
272.949
263.885
268.901
248.923
251.901
227.235
246.854
227.058
249.129
227.471
242.979
223.293
243.502
242.339
248.153
232.91
236.242
232.127
242.011
211.225
240.161
211.57
239.068
228.712
223.371
221.957
234.706
233.259
202.212
223.414
218.787
227.08
217.029
224.032
214.968
197.954
209.598
213.669
221.516
192.256
219.571
217.344
210.459
216.123
207.637
205.775
188.062
206.04
184.633
187.442
199.608
186.279
202.189
181.686
199.917
185.98
197.615
181.689
194.376
181.425
195.905
200.296
202.742
191.917
201.603
192.054
177.839
199.431
199.347
187.636
176.61
176.343
198.303
186.961
189.976
184.32
177.036
197.198
188.219
187.894
172.632
186.445
192.172
182.351
170.418
183.661
169.668
182.476
185.713
183.34
192.343
180.215
168.883
169.222
180.506
166.355
182.263
187.329
177.123
186.956
166.671
166.712
188.608
177.458
164.715
164.713
165.221
174.438
174.783
176.524
183.143
173.848
161.412
164.002
162.465
182.316
161.935
173.322
181.163
162.209
180.301
168.901
161.645
172.328
171.797
174.407
170.158
180.958
169.147
159.276
169.791
178.033
172.619
178.026
169.149
157.701
157.203
168.556
159.586
167.903
157.257
169.095
167.763
165.606
157.771
156.334
156.898
165.791
154.353
165.973
167.451
166.024
171.644
170.651
155.56
165.514
169.681
167.177
169.649
161.505
169.793
161.391
151.524
159.778
158.202
162.784
160.799
165.009
150.675
162.697
150.51
160.14
148.504
157.772
165.276
158.572
150.544
149.243
166.156
148.413
158.193
148.516
162.824
159.008
148.409
159.467
144.848
154.277
147.463
155.759
147.89
156.869
159.899
143.239
156.499
145.604
145.063
155.09
153.872
156.31
156.492
154.748
152.674
161.877
156.099
151.65
144.266
152.505
144.837
152.226
152.617
153.038
151.903
158.542
152.843
157.651
154.227
155.009
154.354
142.948
151.962
142.813
152.819
155.715
151.439
139.805
152.267
140.846
152.002
150.375
152.433
140.305
156.081
150.831
154.672
150.172
156.173
152.991
148.948
140.675
150.003
140.476
147.594
139.915
148.105
150.861
139.644
146.94
153.679
146.8
152.424
146.504
138.743
147.159
148.939
145.885
149.435
152.507
146.955
138.774
145.687
153.016
139.001
149.557
153.01
139.968
146.952
137.588
151.542
138.394
152.535
147.57
144.626
144.302
149.107
136.218
151.628
149.373
139.687
143.502
136.005
142.147
137.088
145.93
136.389
150.972
143.287
146.546
147.379
144.02
148.75
136.058
145.524
133.465
142.831
143.573
144.233
133.481
147.708
139.279
136.623
133.698
145.715
143.451
148.617
140.83
141.66
135.969
147.342
140.89
147.123
141.923
147.355
143.647
134.063
141.378
140.238
142.573
132.62
142.674
143.811
140.693
133.85
133.376
134.333
142.921
138.903
140.56
133.771
132.596
143.033
135.897
142.012
141.454
146.426
143.492
150.016
143.612
132.058
141.105
139.775
141.695
146.134
139.425
132.872
139.179
130.315
140.209
144.131
132.399
131.229
137.496
130.15
140.215
132.539
139.078
145.235
131.705
139.683
144.332
137.819
138.132
143.159
138.956
131.725
130.923
132.024
130.827
138.865
137.529
140.12
136.032
136.866
140.207
129.594
132.004
136.404
142.059
137.426
132.424
136.159
135.049
137.38
139.727
141.193
136.797
140.911
136.582
128.855
134.492
130.732
136.04
140.571
137.63
130.379
138.552
131.079
135.071
136.238
139.641
129.211
139.094
129.476
139.338
140.013
142.963
136.495
138.096
142.232
138.566
140.02
136.433
130.559
132.324
125.85
135.242
138.974
133.685
130.15
135.276
127.877
133.096
139.507
132.16
135.601
136.993
135.736
133.967
127.159
124.823
133.056
136.261
136.041
125.455
124.644
136.59
132.883
137.114
135.679
132.505
131.363
134.495
131.76
130.55
138.435
131.478
137.165
130.087
128.795
123.903
130.627
125.474
134.125
125.112
135.293
124.93
131.443
133.955
130.931
135.714
131.747
135.529
132.055
133.622
130.613
135.199
131.065
124.819
131.361
136.01
129.006
124.216
128.883
124.86
131.587
124.207
135.563
133.063
134.971
128.912
134.311
130.352
134.481
130.384
135.398
122.904
129.304
128.904
122.645
128.145
133.205
122.497
132.875
128.19
130.121
127.06
128.869
124.588
120.534
120.678
129.624
120.374
129.315
123.614
128.183
130.475
127.162
127.649
121.225
126.589
128.519
130.651
128.169
132.098
122.309
131.764
122.481
130.157
129.071
129.643
126.911
123.056
127.656
128.611
124.294
128.74
133.015
122.103
120.754
127.442
130.599
129.051
131.696
127.113
128.344
126.961
124.582
125.031
122.001
127.845
125.338
118.82
124.754
124.226
118.355
129.212
118.207
125.448
129.113
125.362
121.688
129.316
126.845
129.353
119.889
124.631
125.518
131.487
128.129
120.133
124.371
127.794
124.725
116.999
125.122
128.59
120.646
120.368
125.633
126.573
126.807
123.463
118.48
123.995
117.791
121.889
124.692
122.128
122.686
120.795
129.951
120.454
131.565
127.248
122.087
119.811
124.129
125.505
126.148
122.874
117.472
126.76
122.312
128.627
125.838
125.323
127.624
123.9
125.634
119.111
128.036
126.51
125.255
126.103
118.731
121.639
119.956
125.918
131.584
125.801
119.316
125.43
129.466
125.082
126.305
126.699
117.84
126.014
123.08
118.921
129.642
123.172
124.158
127.651
121.338
117.876
124.102
130.227
125.328
128.51
115.869
124.809
117.485
122.29
116.919
121.822
121.307
121.862
120.593
114.506
124.419
121.352
121.526
125.824
118.207
124.764
117.413
123.834
116.821
120.54
121.796
126.592
123.224
115.615
125.578
121.892
118.052
121.942
116.598
122.264
116.847
120.769
125.949
126.27
117.815
121.038
122.696
124.558
121.674
120.952
116.229
126.087
124.971
114.879
125.461
125.809
117.278
119.594
122.924
126.538
122.135
124.647
121.153
122.774
115.129
127.143
121.939
117.993
118.717
123.653
118.38
122.871
117.704
128.222
116.514
127.045
123.301
128.46
125.284
123.286
128.801
117.364
116.949
123.048
121.342
119.627
116.536
119.799
120.872
123.208
121.267
125.645
122.359
123.647
126.614
121.004
123.761
126.728
120.348
119.853
118.154
126.305
116.801
123.178
127.488
122.435
123.509
119.083
125.07
122.56
124.473
113.73
118.593
125.321
122.114
124.871
122.126
122.154
125.16
122.119
119.493
119.051
120.949
121.363
121.498
116.619
123.479
121.779
121.857
118.71
121.774
125.852
118.637
127.136
124.836
123.377
122.913
118.267
124.34
123.603
125.928
126.965
121.453
121.585
123.917
123.794
126.251
115.741
119.63
124.497
116.941
123.629
118.849
120.752
122.76
124.63
125.01
129.124
117.071
123.979
115.366
125.148
116.074
125.622
120.527
115.595
120.406
116.182
120.297
115.271
123.375
115.442
122.053
123.232
117.244
125.292
122.157
123.437
116.415
115.942
115.605
122.133
123.051
119.545
115.203
122.136
121.895
120.853
123.876
122.418
122.239
121.319
124.093
121.106
119.866
124.536
118.604
119.753
113.578
120.409
122.333
120.455
115.261
119.871
114.725
124.091
121.75
120.625
129.166
117.046
120.495
114.552
120.401
114.156
120.593
119.592
121.634
119.331
121.883
120.123
114.267
116.28
113.221
117.728
118.172
120.337
115.41
121.214
117.595
119.394
118.893
113.925
119.206
114.351
118.385
113.348
118.629
122.01
122.648
120.987
121.301
122.576
123.392
121.228
117.011
123.163
123.883
133.274
129.106
114.37
121.551
123.973
120.631
123.861
123.316
117.574
118.769
114.668
124.031
119.295
117.547
114.021
120.267
121.365
117.042
123.1
112.767
121.862
122.133
111.795
118.598
113.399
118.286
120.851
122.262
124.597
117.915
114.479
118.792
112.18
117.011
115.062
120.683
115.927
117.724
116.741
120.013
117.24
118.003
123.033
121.211
122.435
121.967
121.655
133.537
127.786
135.198
133.075
124.644
122.905
118.275
120.134
117.706
120.123
119.462
114.04
118.251
122.218
124.254
120.857
121.392
118.013
117.559
115.272
112.519
115.622
111.269
115.675
114.383
117.094
115.192
118.997
112.642
119.136
123.01
120.088
113.867
113.849
112.033
112.724
118.83
120.961
120.454
112.563
119.521
115.553
118.548
119.066
116.758
116.894
118.87
117.106
120.053
112.551
122.553
119.046
115.999
117.246
117.826
119.047
118.169
119.893
111.898
118.354
113.934
115.357
120.307
119.719
113.997
110.732
121.336
112.608
119.539
116.831
113.52
118.232
120.845
118.338
119.905
112.815
120.758
121.614
120.195
111.213
115.976
109.264
112.64
116.301
115.929
110.682
112.859
116.273
115.892
116.357
111.442
116.615
110.677
111.889
116.174
119.747
115.786
119.251
114.879
118.32
117.191
120.173
117.596
117.764
119.058
115.974
109.623
116.075
111.286
115.949
114.196
116.897
117.286
113.685
111.525
112.816
115.843
115.872
116.526
111.942
107.09
115.465
112.551
117.227
107.573
111.94
107.373
113.542
114.506
120.287
111.39
115.301
112.58
112.289
113.442
119.391
115.867
117.156
107.956
111.795
108.633
119.825
112.772
114.276
114.422
109.451
108.668
111.652
114.521
111.976
112.282
115.237
115.248
110.198
111.566
109.443
111.78
110.17
115.525
113.154
117.794
113.819
109.314
114.108
113.924
110.546
107.753
112.105
117.001
115.719
113.273
118.844
109.078
111.456
116.511
112.987
117.704
112.559
114.858
116.983
113.737
108.317
107.921
115.118
109.969
114.909
109.584
113.168
114.191
116.757
111.568
116.192
114.405
115.796
110.971
114.197
112.981
111.496
116.466
111.788
114.682
109.661
118.041
115.33
116.261
114.978
114.008
112.139
116.047
110.053
116.121
112.495
111.451
108.505
111.13
105.718
114.658
109.36
121.801
123.721
119.957
117.346
113.129
109.284
112.082
107.066
113.969
113.766
110.841
109.949
116.403
112.827
112.741
112.808
113.939
113.165
112.604
109.148
111.869
110.749
110.038
114.294
113.79
115.969
116.324
115.075
108.912
115.449
114.294
110.237
109.424
113.822
109.534
105.719
106.564
109.532
114.182
115.832
108.755
111.682
117.052
115.297
108.664
112.204
118.519
114.73
116.199
109.127
108.993
112.715
114.417
115.281
113.574
118.746
114.336
109.361
111.764
111.619
116.083
111.584
115.461
111.335
114.16
108.772
112.276
112.793
116.192
117.483
117.84
115.752
116.339
113.061
109.543
113.284
108.303
115.444
114.415
117.819
115.77
109.703
111.518
109.333
108.615
116.12
114.684
112.278
112.879
108.276
115.566
112.558
108.448
113.554
117.005
114.881
112.96
114.455
115.578
116.273
113.612
115.428
113.877
113.866
113.078
115.217
115.247
107.315
110.175
111.421
108.455
113.706
112.023
112.847
113.856
108.024
115.109
108.423
109.379
107.984
107.851
107.649
112.998
109.775
112.46
115.067
108.253
113.567
108.341
113.296
114.012
115.501
110.449
116.475
113.504
113.298
111.352
110.147
107.279
114.613
114.591
111.869
110.481
110.681
111.978
109.632
112.745
107.161
116.253
116.646
113.246
112.592
114.156
113.295
110.085
111.928
109.697
110.019
107.991
115.103
106.527
110.519
109.305
115.937
108.622
113.851
108.88
115.774
111.075
112.684
112.039
109.54
111.892
114.979
113.962
113.602
107.702
112.661
108.679
110.802
110.572
111.19
111.078
107.066
109.611
111.498
109.622
106.017
110.898
108.16
110.019
106.61
110.694
103.632
110.002
106.812
109.809
107.989
111.636
103.696
107.156
106.904
112.577
108.099
109.297
103.808
108.983
110.66
107.134
109.864
110.641
110.237
110.809
109.298
104.029
105.987
109.785
107.186
104.194
110.976
108.961
104.567
107.475
111.746
104.552
109.179
103.905
109.163
103.846
112.935
110.93
111.087
103.471
106.833
102.974
104.041
109.666
107.332
109.935
107.441
103.108
113.381
110.397
109.081
109.594
111.953
109.838
104.657
107.922
103.324
107.159
108.659
108.085
106.502
111.896
110.819
106.767
108.367
105.888
108.748
112.41
105.638
107.03
103.407
109.049
104.181
109.044
109.862
110.521
105.35
106.662
110.266
107.293
109.972
106.186
114.462
107.459
107.028
113.055
106.303
109.656
104.518
107.17
104.204
108.471
107.285
102.558
107.24
111.548
105.25
111.873
103.532
105.303
103.857
110.935
106.977
107.936
111.266
112.599
107.426
108.611
105.031
107.119
107.426
105.89
111.214
108.301
103.018
109.414
105.032
106.249
107.029
102.558
102.183
101.933
111.564
105.293
104.88
108.469
104.533
102.438
104.787
103.076
108.235
107.294
108.862
108.326
105.802
110.673
109.688
106.646
108.213
104.079
102.101
106.626
107.743
102.081
108.577
110.958
109.025
110.597
108.787
103.239
110.077
108.295
108.524
105.432
110.462
110.604
110.34
103.876
110.989
108.25
109.207
108.921
107.809
102.584
107.129
108.591
106.87
107.912
107.379
107.628
103.816
106.071
109.52
111.831
107.698
110.164
103.831
104.538
107.313
106.577
109.17
107.335
109.651
107.205
109.587
105.698
108.443
104.671
108.544
108.912
104.639
106.265
110.258
104.751
108.532
106.456
108.887
107.818
108.615
109.008
106.964
109.758
102.863
104.749
104.072
109.032
108.801
107.323
108.621
107.753
104.88
109.817
104.659
106.019
110.032
108.822
108.114
111.062
108.041
107.66
107.334
103.726
107.102
101.802
108.431
104.438
105.904
108.704
102.972
107.288
105.895
110.397
103.468
106.187
107.118
108.592
109.379
103.89
104.534
103.564
107.831
108.784
108.397
109.029
104.07
106.946
107.514
109.21
109.15
107.407
109.14
108.201
108.803
108.476
106.041
103.916
104.004
105.933
106.072
106.914
107.582
106.557
109.954
106.061
107.025
108.488
104.142
107.632
106.668
106.878
106.118
106.505
103.795
110.352
103.487
107.791
107.497
108.554
104.767
107.147
111.701
109.674
108.366
107.93
105.138
103.563
106.948
109.015
104.091
106.787
107.965
103.531
105.76
107.543
109.299
107.143
103.72
108.874
106.782
106.602
110.674
109.513
102.698
111.148
103.77
109.092
101.727
106.809
107.838
103.431
103.18
108.308
106.454
105.219
109.644
108.444
106.862
105.959
104.151
101.126
107.596
104.186
109.217
110.147
107.239
109.082
106.958
106.963
105.729
103.449
110.673
105.867
102.705
107.257
108.379
107.239
105.31
108.073
107.552
106.671
106.624
102.686
108.99
109.62
103.587
106.98
110.286
106.349
105.753
110.008
106.479
104.764
104.373
109.641
104.608
106.885
109.261
105.251
100.822
103.207
105.973
103.235
100.416
106.369
103.333
107.21
103.339
108.888
103.331
104.38
103.156
105.128
106.585
106.201
102.309
105.824
101.197
103.226
106.607
104.269
101.735
105.48
101.531
105.134
103.279
106.899
105.987
103.818
106.196
105.995
106.223
108.089
107.62
109.913
106.959
105.033
104.596
107.138
107.153
107.245
103.961
103.334
107.313
104.857
107.299
106.864
109.832
105.514
107.508
107.829
107.37
108.557
103.034
106.69
108.048
106.015
105.418
106.149
104.864
108.609
107.955
103.188
105.921
102.836
105.728
107.501
105.089
103.258
109.106
103.109
106.638
104.661
102.789
107.422
107.548
105.962
101.832
103.576
102.639
107.756
104.553
102.743
105.959
103.37
109.442
108.324
101.53
102.587
105.124
107.363
105.256
105.179
105.723
108.388
104.446
102.596
102.967
104.838
102.558
102.777
108.452
105.503
101.557
105.957
106.789
106.261
106.115
101.869
106.739
100.691
103.883
102.411
105.035
102.867
107.058
105.556
104.1
104.109
102.231
104.776
104.75
102.392
102.478
105.305
102.644
106.505
105.139
104.69
105.182
107.486
104.612
108.056
101.489
106.867
106.644
107.104
102.08
107.619
102.316
104.947
102.697
105.672
105.324
105.839
102.54
107.293
100.331
105.707
101.913
105.686
106.07
104.898
104.83
101.146
105.93
105.801
104.567
106.79
107.135
106.967
107.363
106.435
106.549
102.735
104.621
107.613
105.183
103.492
102.202
104.671
101.747
105.791
101.576
109.436
104.95
106.21
109.583
103.547
102.309
106.007
105.815
105.269
107.275
106.177
102.85
105.084
104.679
102.582
106.206
102.016
105.706
102.301
105.499
109.591
104.83
101.861
104.528
102.919
104.953
108.687
102.074
109.644
102.441
106.403
105.421
108.79
127.13
122.114
123.551
117.946
108.496
106.468
114.604
106.462
109.619
128.081
128.115
118.54
115.812
103.58
105.844
111.109
104.915
104.525
119.588
116.692
123.121
122.46
110.771
118.233
109.696
107.812
109.173
108.841
106.118
107.526
104.529
104.611
100.471
103.944
106.535
104.592
103.59
104.584
105.664
99.8871
101.771
99.7993
102.134
99.0552
103.708
101.198
105.439
105.821
108.58
105.255
102.267
104.443
103.932
103.683
106.382
107.121
100.402
102.329
104.949
105.46
105.28
104.396
106.893
104.828
107.252
105.311
105.127
109.704
107.522
101.951
104.957
102.097
104.236
103.612
108.496
105.88
101.687
107.085
105.046
102.621
105.389
106.789
106.452
104.265
107.736
104.469
107.291
104.69
103.716
105.274
103.88
101.208
105.718
104.953
108.333
103.667
108.028
105.507
107.356
105.643
105.808
102.2
104.802
105.114
107.432
105.301
104.382
103.201
102.461
102.355
102.065
105.36
102.792
104.056
106.787
104.964
102.278
102.477
101.981
105.227
107.53
108.028
106.322
107.947
105.353
105.434
99.7326
104.302
106.043
102.621
101.71
107.533
107.676
102.624
107.597
99.6837
104.874
102.412
107.459
101.762
110.501
105.979
102.306
105.661
108.427
107.001
102.711
102.86
104.73
106.74
106.1
101.134
103.358
106.396
105.722
101.335
102.969
101.528
101.322
105.322
102.429
101.839
100.231
99.4683
105.589
106.068
102.391
97.8882
104.953
101.196
104.72
106.884
103.899
98.9846
107.967
102.803
103.842
100.154
105.001
106.589
103.702
104.426
99.5825
108.939
107.011
107.015
102.186
101.578
104.984
106.344
105.416
102.148
103.771
103.433
104.95
104.139
104.548
104.171
106.88
102.572
101.84
104.885
104.354
105.447
105.222
102.6
103.58
101.987
107.626
104.527
103.375
102.122
105.31
106.982
106.792
99.007
102.191
102.669
104.441
101.477
102.37
102.864
103.825
101.818
106.716
107.368
104.19
99.2948
101.992
104.243
99.2365
103.511
101.056
102.657
104.531
104.73
98.9228
103.982
100.704
102.4
101.24
109.513
104.917
104.496
103.862
100.958
100.082
100.835
99.2229
103.475
100.862
97.4144
104.225
103.708
102.797
102.43
100.941
100.034
103.267
100.504
98.6782
105.004
101.822
102.576
106.774
101.628
105.451
102.636
104.749
103.517
105.387
101.435
102.922
102.678
104.994
101.921
102.356
104.465
102.442
104.379
106.861
105.563
100.945
103.402
102.127
103.03
101.401
104.626
102.421
105.74
102.023
104.856
102.584
105.404
102.254
106.657
104.378
105.628
106.21
105.804
101.541
99.0477
106.337
105.669
102.595
105.456
106.217
104.113
105.002
104.705
106.181
103.415
104.827
104.785
107.177
105.504
105.343
102.023
105.609
106.578
105.045
104.825
103.903
105.101
101.262
101.805
101.286
102.989
101.883
107.018
102.879
106.316
101.954
104.464
103.177
103.962
105.32
104.501
107.405
104.13
103.887
103.409
103.627
104.771
108.875
103.604
102.145
105.595
101.013
103.941
104.561
101.24
102.53
103.68
106.395
104.203
101.007
104.57
100.224
101.16
105.116
106.366
104.233
100.703
100.315
103.995
104.695
103.651
101.135
102.013
101.169
104.159
104.925
102
107.7
100.513
103.538
101.816
99.3677
107.622
104.544
105.495
103.685
104.632
102.173
106.93
102.253
100.544
104.673
103.316
105.102
98.539
105.261
98.828
101.526
101.264
101.198
104.248
104.169
101.201
98.5275
104.829
98.7712
103.268
102.995
101.417
102.971
104.671
100.38
101.71
103.135
102.368
100.696
103.603
104.834
100.747
106.65
102.757
101.336
100.917
101.543
100.401
100.335
104.813
107.085
100.963
102.888
97.7095
101.708
102.27
105.555
100.953
105.043
100.647
104.177
100.687
104.696
105.318
100.105
101.874
100.913
101.572
101.073
102.978
102.951
102.152
98.1847
98.3212
99.7422
101.227
102.331
99.5128
98.7203
96.8163
106.282
101.119
103.348
100.194
104.746
100.061
101.205
96.7876
99.8419
97.7373
99.3771
99.3642
99.6359
99.6809
102.95
99.2728
103.229
104.178
102.884
103.147
100.322
103.732
107.322
103.221
99.3562
102.172
102.519
100.43
97.1617
102.242
99.9082
100.283
99.7352
102.647
103.75
103.112
102.984
101.335
102.61
104.117
100.502
98.4556
100.782
103.104
99.6775
100.846
105.101
101.851
99.9707
103.96
104.32
102.549
103.829
104.205
100.518
104.207
104.469
96.6961
102.433
98.5253
99.2293
98.628
97.8336
100.778
102.48
100.119
99.8625
100.942
97.6536
99.0023
103.438
104.133
102.8
101.205
103.786
103.152
98.3658
103.781
100.662
96.9481
99.3934
99.1602
101.383
99.9093
100.417
99.5475
102.006
102.347
105.045
101.732
99.6295
104.559
99.8181
101.731
101.55
101.322
102.601
101.863
98.189
102.424
103.443
103.873
96.8749
100.379
100.939
102.246
107.116
106.029
106.607
117.689
107.42
102.102
101.663
100.889
102.365
98.7779
101.514
98.315
100.129
101.151
98.1689
98.5055
96.7723
99.0361
103.387
102.376
96.8553
99.465
99.6137
100.038
98.8625
103.949
98.7073
100.014
99.8042
102.193
99.727
105.015
99.9106
103.601
105.432
106.585
103.042
102.573
97.4286
103.459
101.641
103.919
102.578
101.969
98.3705
96.4711
96.7801
102.969
101.854
100.582
99.3888
100.621
97.467
96.3105
101.268
100.061
100.474
99.4556
101.509
100.715
101.74
102.88
101.806
98.9213
101.589
103.671
100.913
102.589
101.7
102.388
103.716
103.041
101.813
102.845
103.014
96.7387
102.431
100.155
101.686
100.158
103.999
99.8657
101.588
104.065
103.35
104.903
103.662
101.315
99.8342
100.225
102.918
103.002
99.581
99.5316
101.3
101.825
102.859
102.671
103.681
100.766
105.734
97.0592
99.1345
99.4575
101.876
99.2771
104
104.38
101.119
104.024
100.839
100.521
101.167
101.672
101.675
102.426
101.753
101.342
104.367
103.467
104.022
101.5
103.572
103.172
101.686
101.195
99.7767
103.156
101.728
98.4711
105.558
100.88
101.399
103.597
102.01
100.736
105.014
103.947
103.275
97.4778
102.563
98.1105
99.3015
102.811
104.712
105.835
103.99
102.998
103.111
101.099
103.275
100.987
99.3507
102.687
98.5612
103.586
103.964
102.947
103.05
103.255
99.7288
101.466
99.163
101.416
99.4216
100.574
97.2641
102.831
99.8521
99.2323
101.221
101.209
99.5836
102.856
100.894
102.542
100.871
104.084
101.859
103.303
103.323
103.628
102.761
101.436
101.93
101.022
99.6224
101.122
101.458
100.975
98.995
104.552
100.766
103.548
100.538
102.221
98.5882
98.2011
99.887
98.2437
101.643
102.588
103.436
98.875
100.273
98.8185
103.962
101.237
97.9986
99.2378
97.9097
99.889
98.2619
105.521
96.3614
102.192
99.1614
98.9587
100.98
102.442
96.821
101.847
103.317
101.219
99.968
99.0377
102.013
98.7925
95.4375
100.755
100.891
97.8963
101.875
96.625
99.3953
101.614
100.983
96.332
100.802
100.939
100.394
98.5114
97.2491
100.228
97.7161
97.4006
97.8219
97.6417
98.1793
99.3272
95.3561
101.11
103.18
101.34
101.128
101.722
100.123
98.6694
99.0209
96.7177
99.8863
98.0424
98.5666
99.6028
101.262
102.165
98.7171
97.8725
102.356
97.557
100.76
99.4517
99.1841
98.9544
102.847
99.5741
102.525
96.919
100.335
100.749
102.197
98.2639
100.342
100.27
101.691
100.564
101.335
101.905
100.839
98.1146
100.777
100.367
95.4836
100.691
99.4975
98.3259
97.0514
98.1772
102.033
98.1232
95.0908
100.91
101.183
100.747
100.588
98.2285
94.9774
99.0016
101.251
98.1622
100.461
98.0543
101.003
101.085
101.978
98.533
98.6522
97.523
96.4458
101.07
98.5904
95.0484
101.875
100.871
96.5377
101.037
99.3875
98.9311
98.001
102.29
99.1691
97.3726
95.8704
97.9215
99.4183
100.968
100.157
101.049
102.267
98.9039
101.166
101.25
97.7884
101.5
96.1542
101.164
101.277
98.4243
99.2334
97.5703
97.3332
103.732
98.3885
101.946
97.8333
100.103
98.3189
101.706
101.702
97.2401
100.854
101.576
97.2817
100.161
98.0608
100.245
97.5546
99.6698
95.8658
95.5498
96.8055
99.1958
96.2135
98.7886
98.0419
100.088
100.617
101.084
100.962
100.264
97.1238
98.7231
102.614
101.704
101.584
98.1073
99.0643
98.4394
97.4463
99.5775
97.1941
98.6471
95.2941
101.558
99.1339
103.943
98.1654
97.1684
98.1626
99.5806
100.502
100.354
100.748
98.3003
94.6108
100.571
100.838
99.3478
98.1575
98.8427
97.7726
100.302
98.4517
97.619
96.0386
100.244
98.0584
104.561
100.296
101.718
98.5563
97.3937
97.2472
95.0875
97.8214
97.7179
99.0724
97.7517
102.486
99.2317
96.6213
99.7147
98.9905
97.9441
98.2236
100.936
99.6607
95.9709
101.941
99.4701
94.9891
100.669
102.885
95.7831
96.6337
97.6547
101.046
100.254
99.2257
100.338
100.83
98.5461
99.3991
100.398
100.081
99.87
98.778
100.148
98.6936
99.2344
100.595
96.9523
97.3204
99.5379
97.2119
96.7312
97.6721
99.1385
97.4243
97.0767
95.6223
99.9704
97.926
97.7861
98.1975
99.2739
101.118
97.9417
98.9924
96.1972
95.6001
97.0757
95.7016
101.329
97.4116
96.6907
96.6525
96.569
99.6905
98.9595
97.7665
96.0085
98.5482
97.4564
99.6097
98.0222
97.5301
102.304
99.1167
96.6205
98.764
99.7206
101.215
103.469
99.4397
99.5062
97.2196
99.3834
100.592
100.293
96.5094
96.0339
96.8791
98.1703
98.3843
101.161
97.9223
97.6356
96.3863
99.1259
100.53
94.698
94.4546
96.4719
99.9065
101.078
98.9375
95.3663
96.769
96.7605
98.5534
98.6524
99.1244
97.0717
98.4866
94.4015
101.043
97.3041
100.976
98.2281
96.2367
93.5925
98.5721
100.073
98.9576
100.93
97.1419
98.803
101.024
94.2984
96.3366
95.8979
97.0399
97.1931
96.5671
95.7108
98.8102
95.6669
99.7186
97.6748
97.1694
99.0778
98.8114
97.644
101.997
96.4187
98.01
95.9454
100.337
98.8116
98.9528
100.246
99.0238
97.3698
97.101
97.0404
99.1088
94.3683
97.2594
98.1354
98.1746
98.7376
97.6566
96.7803
96.9873
96.235
98.285
99.111
98.3251
99.7829
100.14
96.2926
96.3983
93.5758
95.4418
95.3019
98.2987
98.6531
94.6765
99.0078
95.227
95.8697
99.8239
97.1113
96.0051
95.9086
98.3967
98.3236
97.3219
100.559
93.758
99.1202
99.3423
96.4123
93.7142
98.1853
100.715
99.0666
96.0417
99.3721
99.8735
96.7888
96.4597
97.8379
99.7751
99.1894
98.2092
94.1237
96.7782
97.9019
98.4036
98.1997
93.2503
97.7198
98.4175
97.7998
93.9817
97.7812
96.0178
101.076
96.1272
101.45
95.9175
99.356
97.2608
100.453
97.9171
98.3105
99.5422
98.9385
100.542
95.0162
99.0345
94.0447
98.513
97.1708
98.7398
98.2369
97.9921
93.5923
95.9385
97.1685
97.3939
93.1826
95.8783
95.6182
96.5339
100.977
101.967
95.529
98.051
96.6214
98.557
98.2245
97.6316
93.586
95.0465
98.0245
97.9414
98.101
96.679
98.9723
98.8368
96.4422
100.309
99.9933
99.0759
100.114
96.3904
94.9502
96.0473
97.6926
98.8545
97.0606
97.3029
93.5588
92.8496
97.3147
96.3093
95.9094
93.5517
99.4381
96.8257
98.616
95.4572
95.3391
98.6496
98.488
93.8008
97.2586
97.3684
96.7686
97.4452
93.1689
99.6589
95.779
94.2408
96.5844
99.6429
97.1953
94.8183
95.817
95.6993
97.0836
99.5714
97.1597
92.6018
98.7256
105.28
97.0057
92.7826
97.8763
100.061
96.575
97.8131
95.3627
95.8017
94.2098
97.682
96.8019
92.2494
97.0729
93.4546
97.5044
97.9961
98.6825
97.6473
96.0249
97.5953
96.7839
96.8733
97.3123
97.9701
97.7933
97.4516
98.6411
95.9237
97.5095
94.1688
93.1943
97.2735
95.4785
99.8247
94.3083
98.0451
100.108
99.5734
97.4838
95.8708
97.6585
94.1741
98.5963
96.7451
99.2104
97.5893
97.2314
94.8384
100.229
97.398
98.799
95.8014
95.7035
99.4398
96.8735
97.4745
95.4439
97.0074
100.886
97.6679
95.4303
96.165
98.1864
99.6537
95.2186
97.7364
98.9091
96.7095
95.3405
95.9996
97.4738
95.5375
95.7032
98.2408
97.0091
98.9633
95.8926
97.1507
99.3889
95.2867
98.08
99.5374
98.341
97.8283
98.2366
96.9292
97.2344
95.0691
97.0912
95.2665
99.1231
97.9688
99.5613
96.0858
97.6846
98.3404
96.5132
96.7769
96.8209
97.044
94.2602
96.0149
96.9437
99.5611
97.0333
99.2761
97.3389
98.5783
99.7715
94.9445
99.9855
94.6378
98.4206
94.1042
96.1473
95.4104
97.7463
95.9478
97.4613
98.5185
97.2629
96.8348
99.3111
98.1678
100.163
98.8979
94.01
98.8466
96.7014
93.6331
99.2146
96.9769
95.0989
96.9266
98.6208
98.8982
96.1874
97.3643
94.9128
98.0564
100.768
98.1511
98.0661
98.5462
97.0751
98.1439
95.3382
99.9986
97.1699
96.051
98.409
97.7135
97.9462
93.7755
98.1149
97.0659
96.1834
97.9683
95.8581
96.5888
96.247
96.356
99.6852
97.0911
95.6376
93.2418
96.08
97.2882
99.7216
98.6938
93.2004
97.6091
93.0581
95.4854
99.2199
96.2004
95.7574
96.5647
97.3572
98.1179
99.5368
99.3527
96.3728
95.2822
97.134
96.1789
95.6528
95.244
97.7205
97.4502
99.9246
97.1037
97.7605
92.9529
97.0503
95.9034
99.0639
99.9596
93.7693
97.446
93.2805
96.7806
99.1553
95.5125
94.8182
98.9182
95.6066
97.0704
94.9184
96.8118
95.4992
100.863
95.4884
95.8675
96.3373
97.3599
95.0111
98.7359
96.3368
97.9763
100.208
97.5178
100.339
96.9008
100.54
97.5638
95.7262
97.5836
97.5265
95.8359
96.9694
97.6604
97.2879
100.157
97.0397
94.7041
94.876
95.6046
97.3012
96.8331
93.6807
97.9689
98.4703
96.6677
100.098
94.304
97.1965
97.9261
93.1978
97.1706
97.3577
96.3233
95.2958
98.5771
95.315
98.6295
98.3227
96.9545
94.3883
95.3437
96.4598
95.3762
96.9325
99.1994
96.5027
98.0995
99.8202
97.6508
99.2266
97.9727
95.5482
97.839
95.2498
94.3218
99.548
98.9632
93.9892
97.2901
95.0442
96.9549
97.1645
97.0687
95.5442
98.9911
95.574
99.2938
95.2744
96.9802
99.454
94.9028
98.2568
93.5814
98.6402
96.9827
95.8285
98.4203
98.8637
96.4523
95.6752
95.1621
97.9618
96.2215
94.3651
94.2311
99.0357
93.1546
100.206
96.7441
95.1138
95.8978
98.4447
96.4665
95.7884
94.971
98.503
95.7141
97.2298
95.3407
96.6726
97.8596
98.016
101.651
94.6887
97.1673
98.6437
98.1259
101.015
95.8912
94.8136
96.8137
96.0289
97.8069
100.609
97.1862
94.7004
96.532
97.1366
96.2914
97.5959
96.0114
93.5357
97.0674
96.0849
98.6217
97.1467
94.8672
94.8899
97.0077
98.1794
91.2686
93.5123
91.4524
94.147
95.0257
100.346
95.0096
95.2885
94.0274
95.5959
96.4774
94.9944
98.3854
97.5862
97.0238
93.1517
98.3782
96.85
93.9738
95.7293
95.549
95.209
94.5289
97.8755
96.8725
97.0529
96.1677
96.376
96.7296
94.7082
95.9985
94.2485
97.0873
93.5282
97.3722
97.4866
94.0232
94.2363
100.026
95.8929
94.7441
94.9929
96.9281
96.41
96.6717
97.6666
96.4624
95.9603
94.4191
100.096
96.0383
94.231
92.109
97.0156
93.5144
96.9358
95.8256
97.1887
99.112
98.4174
101.552
96.4469
94.6892
93.7017
94.1328
98.2505
94.8495
97.2724
95.7853
96.3907
92.1175
98.7463
96.1322
97.3442
95.5585
96.0211
98.3815
96.4399
96.0033
93.9808
95.6682
98.3691
99.6704
97.1227
96.6501
97.5217
95.4982
98.3296
96.0979
98.1976
95.4447
97.1707
94.0193
97.5265
96.4518
96.1202
91.1423
95.1132
96.2387
95.0059
93.6877
96.2304
93.8006
98.6689
97.0918
96.7017
95.5452
95.6969
96.2777
97.4535
95.1927
94.8904
98.2874
98.9597
95.2923
94.0729
96.7398
94.2673
92.4095
94.2281
92.6876
96.1457
94.3966
95.1622
96.1491
94.814
95.7461
96.5889
93.4667
94.2346
96.0486
95.6381
93.7789
96.7304
97.9277
98.0139
91.9829
97.7459
95.5742
95.1344
95.5013
93.2277
94.757
94.017
96.1062
96.3012
95.5271
94.2031
98.6887
98.0388
93.7859
93.6614
97.7445
96.0395
98.6668
96.1564
95.1299
96.1618
98.6392
96.9209
94.6407
94.6658
96.0945
97.3295
93.794
97.4836
98.3295
95.7133
93.7119
96.2516
99.8794
93.397
93.4825
93.6537
96.7447
93.3125
93.3088
91.1636
92.9036
95.9512
93.3649
98.9583
95.481
95.4618
96.0383
97.276
93.3935
97.0064
94.1108
96.1029
95.4098
94.6232
98.1009
94.3218
96.4042
96.4952
97.0989
97.1997
98.7552
93.8992
94.2983
92.9424
95.4463
98.6059
98.541
95.801
95.7335
94.1065
95.7308
97.6404
97.1078
93.0745
95.7978
94.9813
97.4876
97.2958
92.7531
91.9224
96.4315
94.1775
91.3404
94.064
91.3623
93.4171
91.4325
97.359
97.7109
94.9937
95.0595
95.6523
96.5551
94.4901
97.9675
95.2827
96.4709
95.5894
94.6598
103.93
114.216
111.034
102.761
95.9849
97.7888
96.0153
94.5504
98.352
94.8174
96.016
94.2344
95.4371
98.843
93.5436
96.652
96.2047
95.0991
97.317
94.0884
95.1999
91.6411
96.4082
95.8088
94.6137
96.3929
91.6658
93.5696
95.0402
95.8145
93.1403
97.3448
95.8519
98.862
98.8922
92.8354
95.7712
93.5466
93.8239
93.9697
95.9803
94.5368
94.5975
95.5331
96.3232
95.1653
96.4293
93.2811
95.958
94.5862
95.3133
94.2953
95.9512
98.1634
93.0335
97.7527
96.8435
95.4328
96.4334
94.8827
95.8076
95.5641
94.1811
96.3333
97.3162
93.4155
94.4265
94.763
94.0007
96.0098
96.8586
93.6792
98.5636
96.7155
97.3887
99.0193
100.801
95.8869
97.6473
98.1815
96.0422
96.154
97.4598
95.3792
94.8406
95.5104
96.3496
91.3669
97.609
96.8048
94.2185
97.5239
96.3754
96.8348
95.8794
93.9169
94.7054
93.7758
97.2644
97.3053
93.0363
93.8352
96.0534
94.5325
96.0517
91.0577
95.2213
94.6763
99.6249
96.6687
95.6443
96.1725
96.2749
97.464
93.1926
93.1011
95.9475
94.2542
97.5649
98.608
92.5091
95.1115
96.3868
94.0251
96.1897
96.038
95.1097
92.5489
95.0434
93.4497
98.4668
97.4198
96.4876
96.6012
95.1492
96.6344
96.3998
94.7309
96.6858
98.3991
99.4803
94.0732
95.4847
97.0314
96.2337
95.6682
95.2016
93.876
98.3391
95.0989
96.6123
95.4823
96.6125
95.3699
95.881
98.2943
95.2693
95.974
95.148
91.5118
96.0557
95.7957
97.6845
96.5866
94.4039
96.9591
95.0207
95.0275
93.8406
93.4741
93.7866
98.1361
94.0691
93.7019
94.8969
96.592
96.8345
95.1155
94.8676
95.0706
93.7526
93.6034
93.3548
94.1134
94.4122
94.967
97.2035
96.7691
91.7618
96.0017
95.7932
97.6442
93.2366
93.5167
96.3843
94.1075
95.6925
91.2568
95.4305
94.0576
97.2575
93.9922
97.5486
96.7572
95.7573
95.069
93.6953
95.8261
92.375
94.8063
93.7538
96.5525
96.6519
94.2227
95.7328
96.1768
95.5003
97.3146
96.7102
96.8
93.3963
94.3012
94.4262
97.8198
94.4993
95.7784
94.8811
93.8958
95.3594
98.0918
95.3348
94.3759
95.3188
96.5536
96.3728
96.8256
97.628
94.2703
96.728
96.1537
97.6828
92.5589
95.0617
95.4857
97.5089
92.637
93.2261
93.4003
94.5541
96.7826
94.2397
98.2217
94.7835
94.2659
96.5185
96.9809
94.8964
94.9322
93.4308
93.6549
96.0406
96.1973
97.3702
94.6722
93.1599
95.302
95.6287
95.0701
91.0738
93.9608
90.3278
93.1423
91.2583
97.116
91.4449
95.6232
96.3322
97.2887
93.4955
96.0923
94.3953
94.0983
95.1589
95.6569
97.8668
96.4817
93.9093
94.589
91.2306
92.4261
92.1516
95.8902
94.8281
94.924
96.7199
95.2062
93.1085
95.8973
94.3037
93.6911
95.8755
91.7458
92.7503
96.4113
96.6829
98.9701
96.702
94.8266
97.6313
94.5519
94.8775
93.4282
99.6152
97.1974
98.2306
94.837
96.681
96.264
95.5114
93.8977
96.1452
93.6417
95.8437
94.8257
93.9662
95.5621
90.8217
95.5044
93.3257
96.002
95.0763
93.4027
93.1478
97.0059
97.0018
91.1635
95.0715
94.5505
96.4416
97.4892
94.0749
95.6774
95.5834
93.628
92.2141
94.9411
96.162
95
94.03
94.9413
99.5802
95.4137
95.2624
96.8896
94.2465
96.6893
94.7432
94.3762
96.9507
92.0809
94.4088
98.4555
96.3366
93.8964
93.7189
95.7778
94.2991
97.6684
96.9511
95.34
94.0321
97.6311
97.9975
94.9165
93.4974
94.5089
93.799
95.8934
96.322
94.6023
94.0949
94.5871
96.8243
97.9943
94.2589
95.2717
94.9637
96.3845
95.7547
97.2471
95.1143
97.0596
94.9148
97.229
97.2507
93.8252
94.3497
95.3692
94.2539
97.5265
91.5853
93.8327
93.0921
94.1945
94.2676
98.819
95.7382
95.4867
97.2263
97.2112
95.4038
93.7021
97.5285
92.6862
95.8748
91.404
98.0269
95.3972
98.2528
94.7135
93.2904
96.8337
96.7842
96.0791
95.3919
93.6575
97.0946
98.0037
96.1866
96.2094
95.153
95.0525
95.196
93.9421
96.5304
96.2442
95.6321
93.7255
99.0443
94.4341
96.8544
98.4263
98.2081
92.2681
96.3427
93.576
95.7732
95.4511
94.0761
98.5894
97.8571
91.855
94.4455
95.1392
95.969
96.5886
96.4567
95.1686
95.1937
97.5487
97.5505
94.0909
95.9556
95.494
94.7657
97.5174
94.6969
91.2339
93.1134
94.0682
98.1768
94.22
95.9849
95.4602
96.5756
94.605
96.2817
98.6414
95.9986
95.4222
93.2434
95.8975
94.6626
96.7988
93.4174
96.335
94.1384
96.0948
97.0551
96.146
96.5725
98.2504
97.519
94.3924
96.2668
98.6593
96.8397
91.7554
93.8871
97.874
97.272
94.9698
97.4564
96.9833
94.9319
97.8829
93.8473
93.8941
96.3802
93.7631
94.6666
92.2136
92.7888
91.4542
92.9984
95.9232
95.5705
95.3033
97.8518
97.6474
92.2383
96.3013
96.4697
94.3565
92.8067
94.666
98.5075
94.5556
96.1886
95.0273
93.2489
92.613
94.4865
92.346
93.804
96.2751
94.3669
98.795
94.4727
95.8359
95.0577
92.8357
94.1135
97.0399
96.7244
93.3537
96.496
93.4212
97.3015
95.2145
93.795
96.4094
95.1712
95.7932
93.3759
96.1613
96.2922
92.4681
95.1863
96.8059
98.4657
96.8315
94.4949
95.1383
95.1839
97.6817
97.0023
93.2437
94.2579
96.2059
94.338
96.8928
97.8095
93.0138
91.677
95.5826
95.5068
95.4275
95.0852
95.6565
93.3645
97.7577
95.4579
94.488
93.7908
97.2181
94.2928
95.2373
98.4162
95.0844
94.6333
92.6645
93.3806
98.4857
94.3767
93.8646
96.0425
94.2021
94.9452
93.0177
96.7268
97.4323
93.9254
96.2196
97.4546
97.8737
93.9999
94.777
96.2749
93.3768
92.0882
96.0352
94.4766
96.4012
97.1913
92.7457
93.5302
96.8144
96.3472
93.9182
95.7437
96.4023
96.735
94.8242
96.4569
100.257
95.5931
94.8777
98.4206
96.892
97.6859
96.4162
94.2637
95.9829
95.0856
95.5055
95.336
97.1732
95.7686
96.0985
96.0825
95.9121
94.6622
96.9702
93.0435
96.3044
97.2108
95.0217
96.3733
94.3389
94.0964
96.3719
98.5035
95.4316
96.3062
96.1927
96.0462
93.2125
94.0451
96.2453
94.4734
93.3996
95.2845
96.5713
95.6133
96.618
93.2638
98.8425
94.0539
99.1213
96.8392
92.8575
97.6773
96.4884
95.8091
96.4812
96.44
92.2561
97.0866
95.8355
98.7528
93.5108
95.1098
93.4017
92.6039
94.5914
91.6261
95.0468
95.9916
97.3891
96.2222
96.4983
94.3799
97.0957
96.8137
94.6444
93.6026
96.5909
95.9834
96.6436
96.1188
95.5239
95.8103
90.3583
90.8632
93.7339
95.6824
95.6794
96.8672
94.9746
95.4033
93.8535
91.3762
96.8036
93.1846
95.7771
95.9755
94.9856
92.4968
95.0099
91.4754
93.5843
96.7504
92.8261
96.7616
96.3444
95.4732
95.8629
93.6248
93.5131
96.2048
96.0735
95.9184
97.4996
93.7957
98.0141
94.2008
98.2734
94.6885
96.534
95.5443
92.2102
94.5886
92.2798
95.3446
94.6293
93.3875
92.4845
96.6579
93.4328
95.2501
94.7096
93.7118
94.1365
93.0153
96.4245
93.4398
94.1068
92.3167
93.4341
97.0183
94.4391
92.4379
90.2835
93.3396
90.8215
95.2413
93.3684
94.7213
90.0601
92.714
93.8512
95.3198
95.1933
94.8741
93.8202
93.6583
92.8777
92.6164
93.9568
93.1006
95.4452
95.5604
92.8266
92.9084
90.2582
92.3436
90.6332
92.2692
91.1097
96.6332
93.1097
91.9882
93.3746
93.9711
96.9276
96.6627
92.8664
92.9219
94.1538
92.3049
97.1239
95.7005
95.2605
94.9531
93.3114
92.7929
92.3755
94.1984
89.7917
91.6287
91.4218
97.5664
92.2989
94.0087
89.8986
93.6859
95.2189
93.9326
92.8264
91.3779
93.586
95.9593
96.2807
96.6132
97.5155
92.7861
90.3477
95.4233
93.4001
92.645
96.5683
95.879
93.6937
95.7301
94.479
94.2646
96.6728
91.0011
92.7344
90.3754
91.664
91.4664
92.6133
93.1788
93.8221
95.6176
95.0563
93.4217
96.0949
95.6669
93.2559
95.6566
93.8965
95.4935
96.1321
95.0828
92.2525
96.5795
95.0765
91.4559
94.5068
93.622
95.2397
94.8036
97.0354
94.169
96.4805
93.327
95.556
93.3932
95.9554
94.2781
95.156
96.3505
97.45
95.3772
96.4539
96.1419
95.7846
95.6857
95.6014
97.6161
97.5793
92.6949
95.9769
92.434
94.5737
95.8746
96.3865
96.359
93.691
93.4327
90.8377
92.887
95.8672
95.6628
93.1893
91.0295
90.0871
94.1058
94.5213
96.1095
94.7228
92.0348
95.5667
96.6098
91.9684
91.1436
90.7005
93.5026
95.4734
90.8439
93.3105
94.0985
89.6968
93.1222
94.58
97.2299
92.999
92.3169
94.9776
95.2218
97.2323
94.918
94.9803
95.0352
92.4945
95.2426
93.4881
95.8339
94.0768
92.8561
94.6125
93.8695
95.2772
92.3527
93.253
95.563
95.9955
95.4557
91.3301
92.3689
92.6547
94.481
93.6253
89.7446
94.5588
92.8548
93.2004
92.843
92.3818
92.8393
90.9838
92.1195
96.369
94.8667
94.616
93.67
90.6404
92.411
92.8628
96.0461
96.71
94.541
93.87
96.4465
93.7713
94.063
91.9774
95.5624
94.1722
92.4856
92.2436
95.4725
93.1186
92.4644
97.1213
91.7636
94.001
94.3242
94.1274
94.3451
92.9718
92.9305
95.1624
95.3546
95.9642
93.828
91.5614
90.3155
94.5898
95.5052
95.5753
92.5305
89.8431
95.0239
95.6364
92.7634
95.482
95.1796
93.6934
94.8566
92.9221
92.4814
90.336
92.7652
92.3685
94.5996
90.5039
95.0567
92.0473
96.3677
91.5526
94.6984
93.4087
93.4641
93.7169
92.887
93.0915
91.318
95.2004
94.4199
92.0244
92.2528
93.0083
96.2072
91.7811
93.7331
94.1066
95.5497
92.6717
96.1489
94.702
95.7639
94.2087
92.4568
91.0819
94.6983
93.0671
92.5893
93.4332
92.0254
96.4759
94.7367
92.2768
92.6651
91.9987
89.7959
91.8552
94.3767
90.8845
94.6875
95.7121
91.6466
94.7781
96.0508
96.8798
94.4192
94.7543
93.4489
92.5809
90.3419
94.7827
91.011
95.5209
96.3629
92.6629
91.7892
91.9878
93.8865
94.6703
94.3743
93.5182
94.146
91.9689
95.7907
93.5947
91.7528
95.1205
95.7239
94.0842
90.9849
94.7977
90.2609
91.3038
89.6843
97.0999
89.741
94.4508
94.2453
94.0318
91.6944
90.9422
94.748
94.6706
90.5268
94.2663
94.4952
94.5117
94.006
94.6893
93.8906
92.2754
94.3594
91.7393
92.7148
92.9633
91.1574
96.5051
93.7705
91.7303
94.0299
92.526
95.86
93.4819
96.3145
92.8143
92.6443
95.2632
94.7184
89.9383
94.8771
95.7149
95.374
94.4525
94.7654
94.2027
94.9178
92.8067
92.9904
94.6149
94.4003
93.9159
95.5351
91.708
92.7594
93.9314
92.2214
94.3914
94.4382
95.3717
92.7577
94.156
96.3774
93.0606
92.3148
90.8909
91.1684
93.5064
91.5358
94.7823
96.0474
97.3323
96.7244
95.1488
95.3889
93.3444
94.4418
94.7874
95.159
92.8133
93.7392
93.9959
95.0465
95.001
92.2786
93.189
92.3326
91.1023
91.7856
95.5358
94.0807
95.0115
93.2142
100.596
92.9268
93.9251
93.6923
94.1989
96.7675
94.3619
93.6941
93.9276
93.023
93.0796
93.7774
91.1246
93.4373
92.8119
95.4746
93.7906
93.9444
92.4486
92.566
94.0553
97.7606
94.4663
92.4967
93.783
89.6117
89.3558
97.1105
93.4485
95.0444
94.9031
95.9005
92.3301
91.576
92.1687
91.3442
91.4396
94.0138
92.2612
92.2937
93.578
91.6604
93.8032
89.1938
94.0279
95.0087
94.3133
93.8199
95.4065
93.6958
92.1226
93.6566
91.6723
94.2067
93.8698
96.373
93.7239
93.828
92.5881
93.6777
92.2392
93.5019
94.1598
94.0499
92.1541
94.3921
96.6527
93.1626
94.0266
91.2161
96.5979
93.4096
93.7861
89.6329
93.9206
91.7405
92.2981
96.6496
95.6337
93.381
96.0283
92.1692
93.4764
93.4757
94.6487
92.9655
92.8202
95.5589
95.1812
95.811
92.4557
97.4136
93.6989
92.7063
92.4064
94.0712
93.1239
93.0908
94.3495
97.0693
93.8959
95.7427
92.5205
95.8319
94.9599
94.8177
93.7522
95.3111
92.3716
93.6222
94.8289
93.4488
93.8706
95.5509
91.4801
92.481
93.1799
94.0983
92.4268
92.5263
93.8058
94.0343
91.6697
92.6856
92.5576
92.069
93.3092
92.3925
93.5801
92.9066
92.5086
96.1397
98.5357
94.3504
98.2518
93.3528
94.9152
89.2856
91.5342
89.5489
92.0859
92.1093
95.3291
97.5405
90.9423
94.2307
93.1344
92.6022
95.3279
95.7935
95.6969
94.6851
94.014
94.1138
92.6136
91.3747
94.2594
94.2163
92.1983
95.5825
93.0419
95.7386
94.4535
92.0982
92.5059
94.1895
93.4099
94.1557
93.3285
91.2753
93.3409
92.6427
92.9368
94.8701
94.2597
92.7585
93.8723
94.0164
91.6319
93.5012
92.0694
94.3141
89.4347
95.4223
93.2379
92.0157
94.3528
94.5636
94.448
91.7853
94.2415
92.7754
92.9825
92.1661
95.4282
94.9561
91.899
93.7844
95.8759
93.5892
97.0535
94.3725
93.9206
94.2075
92.2393
92.4971
91.3553
95.1843
96.8636
95.3726
93.2752
94.4656
91.803
94.0802
92.7879
95.2342
93.4627
94.1335
92.0908
95.5933
95.9753
95.8995
90.997
91.552
92.6887
95.9649
92.4639
92.1051
93.665
93.0853
96.7274
95.1218
94.4692
92.492
94.3908
95.0997
94.6226
92.1216
94.6883
92.9831
96.9126
93.2356
98.319
94.138
94.4798
94.9443
92.6284
93.5581
93.3596
94.7353
92.6501
95.3372
97.0502
95.6476
94.9648
92.2302
95.1233
93.6639
94.6362
93.9923
93.9542
95.1509
95.0429
95.3386
94.1921
95.8878
95.049
95.5235
94.312
91.1051
95.5885
93.1871
94.9332
91.8514
92.951
96.1401
96.1925
92.92
94.3363
95.5842
95.3098
94.5841
96.5201
95.094
98.4778
92.4044
94.3348
94.821
93.0395
92.7118
94.755
92.5163
93.068
92.3565
93.7324
95.0652
95.6055
96.8824
95.7062
95.794
93.9959
94.3872
91.3765
94.024
93.6692
96.427
97.0984
94.4486
94.8951
95.2286
93.2728
94.9122
96.0088
94.1097
95.5369
95.6763
93.4151
95.2053
95.5578
96.454
93.3546
92.3855
91.872
93.9231
93.33
94.3156
94.8583
96.4602
93.9262
92.4807
96.5767
95.8071
93.1788
92.5255
93.5339
92.2935
94.0468
95.614
96.6545
92.831
95.7973
94.0065
92.8611
94.3865
92.1348
96.5775
94.1015
94.5264
96.5844
95.5768
94.6819
96.4083
93.5589
93.0703
95.4484
91.953
95.5281
95.3097
94.7601
96.2154
95.1702
91.932
91.8991
94.5467
95.5071
96.076
96.6901
94.5479
95.143
95.9658
89.736
96.7902
96.1851
92.5709
97.8887
96.9529
94.2516
92.9627
95.3831
94.2871
92.4614
95.6056
96.5592
95.4003
91.9731
95.3737
96.0653
93.9854
94.8218
92.5881
92.4118
97.2869
93.0705
95.4095
94.6626
95.5352
95.2481
94.4907
95.4629
95.2517
93.5517
95.0479
92.9024
96.3435
97.7575
95.3037
94.6321
96.485
97.2475
94.6378
96.7027
95.7653
95.6239
94.8454
94.9386
95.0141
93.8845
93.2439
98.0105
94.9581
93.2326
93.8781
93.5363
92.5119
91.9789
94.0724
93.2016
94.7362
92.9202
95.6995
91.8744
92.5244
93.6398
97.2247
94.6316
96.111
93.8753
94.175
92.2059
95.4687
96.0695
95.052
93.3822
92.9366
95.6442
92.6115
92.4909
93.8058
95.8056
96.2058
92.2247
95.27
95.4274
92.3357
95.4377
95.5053
96.4835
95.4364
95.5039
94.0166
94.1669
94.3149
93.4309
92.1955
92.6815
92.6541
96.7919
95.1385
92.6863
92.515
94.034
92.4025
94.0504
96.6437
95.7731
95.3334
97.482
97.028
94.2921
93.9344
92.6946
95.7188
91.8477
95.7233
98.0188
92.9879
94.3929
93.9617
94.5062
92.3116
92.8547
94.6465
91.3704
94.4793
95.9451
95.7698
95.1566
97.4403
94.7636
96.6263
95.6816
92.806
93.3722
94.1454
95.681
93.9656
97.758
94.0275
93.8074
94.5888
91.9945
95.6814
93.7216
93.9066
96.246
93.399
95.7675
95.3529
96.8867
92.2521
93.2939
91.7097
95.0874
96.7613
95.4538
94.5482
95.2798
96.0723
96.4773
92.1538
95.053
93.7139
95.7721
93.1157
94.7122
94.0173
95.1715
96.3391
94.3017
97.4947
95.4737
92.7532
94.1401
92.4328
91.9234
94.2433
94.1231
93.3596
92.4235
96.4457
96.8151
94.0361
93.7696
92.1249
95.9255
91.1698
92.7137
95.6889
94.0381
93.3911
94.2582
98.9291
92.7611
93.718
94.5682
94.2542
93.0734
94.173
92.2662
95.0785
105.143
96.7814
95.7673
92.5791
93.0001
95.2719
95.2799
90.396
93.0704
92.2226
94.1515
94.3212
94.6904
97.3426
92.8062
96.9001
91.8836
94.2158
93.7637
95.3651
93.6124
93.9182
94.2793
92.0395
96.0753
95.8809
94.9101
95.4692
93.5673
97.1588
95.0413
97.1351
93.461
97.1907
93.3547
95.2736
95.71
96.3986
95.6511
92.6853
94.5158
92.6431
95.1541
92.9187
95.9253
93.9012
92.2687
93.4291
91.953
94.5831
94.2547
95.5966
95.0431
93.2986
92.4948
95.9249
93.3298
95.6461
93.754
94.2599
94.5535
96.7629
91.9235
92.9127
95.7676
92.6846
95.9707
96.0044
96.3523
95.4998
92.349
94.7224
92.4765
95.844
96.7494
95.4952
96.5329
91.0273
92.1039
96.2528
92.9165
94.3813
92.9582
96.1473
96.1291
94.8033
93.6153
96.0196
93.5079
96.5399
100.001
114.171
101.795
103.098
109.804
101.698
106.285
107.651
102.538
100.117
103.851
102.358
107.982
102.646
99.6685
100.281
99.0776
104.238
107.794
107.979
107.713
107.78
109.628
108.178
107.356
112.165
103.073
111.162
108.472
98.6283
97.5049
93.9679
102.515
109.939
102.81
104.585
95.3354
98.3349
96.2915
99.9777
108.923
93.4429
94.0834
96.0665
92.4841
94.9148
96.4873
94.414
94.9301
95.3572
92.4481
97.5128
93.9747
94.1362
92.3449
92.6547
94.4928
92.7771
95.3562
92.6966
92.5127
98.0212
95.0251
90.9175
95.8456
92.7748
96.4381
95.615
91.0918
94.6427
94.625
93.9762
92.0931
96.487
93.7498
93.7605
94.7537
92.1319
95.0943
95.4097
94.8413
94.7263
93.3989
94.3616
95.9048
93.5559
94.7225
97.0185
95.2
94.3558
91.4164
93.3453
94.0468
94.4142
96.2632
92.7508
92.5635
94.0957
92.2767
95.2044
95.8083
94.303
94.7451
93.0936
92.2952
95.3052
95.4478
92.0292
94.1118
96.3474
97.2205
93.9492
94.0953
95.1818
93.0955
95.0577
92.8068
98.8697
93.2165
93.6815
95.0292
95.4125
93.0035
97.7298
94.2176
92.1103
95.7629
94.1818
95.712
92.6012
93.0824
94.3265
95.1484
94.4914
95.2027
94.1695
91.9109
93.7004
94.1561
95.6017
91.9848
96.9332
93.686
94.4969
93.7233
93.01
94.5537
94.1315
94.8509
94.3802
95.4809
92.4951
95.7687
94.8468
92.1331
95.167
92.609
93.7306
95.4572
92.2101
93.0089
97.9361
90.9581
95.3271
90.7685
91.9523
94.8083
93.1305
95.7926
94.5689
94.7063
93.0191
96.1166
92.0721
96.6779
94.9599
94.978
93.1356
93.8276
94.0918
94.7921
93.0462
94.0795
95.2002
94.4358
94.4954
93.4749
91.6479
96.262
94.7722
93.7962
92.4302
92.9669
94.275
95.7649
96.4004
94.2565
94.6415
92.095
95.781
93.5503
92.6707
92.2055
94.1845
96.3579
94.6521
96.418
94.9853
95.7409
95.121
96.6457
92.9064
96.3541
93.5903
92.2977
93.1141
93.933
97.0468
94.8851
94.5434
95.5486
92.8185
96.3527
94.5056
94.0852
94.5274
94.6824
96.8561
94.4633
90.7581
94.9012
94.5538
93.8435
92.9276
94.743
93.8808
92.6059
93.0563
99.1311
93.8894
89.7709
96.472
93.3063
94.835
93.6796
93.2116
94.1019
93.481
95.0019
95.8107
91.9897
93.1257
93.4146
92.5792
93.293
92.1507
95.2459
95.9877
94.2794
94.3658
94.486
95.3726
92.7379
94.5871
95.5618
94.7852
92.164
94.241
93.9251
95.2857
96.9371
96.1241
91.8492
94.4506
95.1403
94.0762
90.6761
92.6731
92.9644
94.8441
92.0531
94.5225
95.8218
94.7754
93.3674
95.1126
93.6817
94.8842
93.7669
91.8353
93.6532
95.3558
92.2577
95.4996
92.4007
96.9123
93.4812
95.7816
93.6496
94.3157
93.2122
92.7246
96.3543
92.9446
92.5608
92.6808
95.3459
94.6529
95.0526
91.6214
96.139
94.0885
94.2319
94.0981
92.1107
93.97
92.5909
94.073
93.0837
94.4317
91.7974
91.6768
93.5532
92.5132
97.5158
92.4934
98.6306
95.4123
95.0885
94.2893
94.5132
96.7151
92.4323
94.4361
91.7647
94.4182
94.8873
95.1952
90.7716
93.7931
93.0259
95.0868
94.2945
96.0641
94.4887
91.8142
93.658
93.5297
95.5537
92.6866
94.5242
92.5497
93.789
90.8191
91.7259
92.0502
93.8364
93.6382
95.5235
93.0885
94.67
94.7459
91.5752
93.7882
93.2452
96.0468
93.8158
94.1095
93.7974
91.4553
93.9477
91.076
91.9669
94.0468
92.6462
95.7601
93.7644
91.3708
89.9924
92.61
92.9264
94.731
93.1868
91.9052
93.8647
93.7849
94.3098
92.9437
91.5696
92.559
92.2664
94.4954
93.9973
91.3388
93.7023
93.5427
91.8398
94.1397
92.3552
93.3018
92.3512
95.21
92.1101
93.2341
94.0602
91.4196
94.1624
94.0899
95.0074
94.1945
95.9524
93.3945
95.4944
94.0271
94.2781
92.4323
95.6071
93.083
91.7468
93.8909
95.4357
93.6085
91.7917
91.4663
93.8098
94.2539
94.7114
92.6694
92.8184
91.5913
94.6943
93.8496
94.8108
92.7041
92.9287
95.8468
96.8092
94.2943
94.1315
92.6943
93.1703
92.7436
93.4025
92.9316
92.8383
92.4385
94.1565
93.825
93.2785
94.6396
92.8471
94.5128
92.2178
95.0869
96.1632
94.1782
93.5052
93.7069
93.7099
94.1828
93.6999
93.6965
93.4954
92.8644
93.7801
93.0904
93.475
94.8606
91.5729
96.9114
95.5064
92.2146
92.4644
93.9822
95.0673
92.0019
92.351
95.3906
93.9934
95.7376
93.1152
92.8856
93.7776
94.5498
93.4876
92.1209
94.1155
92.0554
92.4271
92.9928
93.7969
93.2826
93.4682
92.0529
92.5785
93.5808
93.9684
94.3542
96.1355
93.7116
96.919
91.7113
96.2299
94.1063
93.6814
92.0008
92.9035
95.1111
94.842
93.0697
93.4922
94.1781
92.7139
96.4733
93.0639
95.2621
95.3911
94.7641
93.2182
93.5954
93.9099
91.5857
94.4765
91.7283
93.3992
92.981
95.4275
94.5297
90.0682
93.8862
94.184
93.2252
96.8908
94.456
96.2234
96.5179
93.5411
93.7522
93.903
96.2713
93.7614
92.4593
92.3803
93.8514
92.1644
93.471
97.4853
94.9444
92.4734
95.2386
93.3297
92.3415
94.1192
94.9932
92.5255
94.0612
92.9405
93.7695
94.0369
93.9508
93.6744
91.0272
95.0923
94.8629
94.8
91.5896
90.0853
94.2858
96.9623
94.5592
91.6905
95.3303
93.7061
94.6211
94.0729
94.6255
94.3308
93.9207
91.8933
95.1908
91.6391
95.5503
92.5506
95.5213
94.8938
94.5751
94.8384
93.6698
92.1915
91.5477
96.0288
95.0414
94.3588
93.5274
92.2508
93.713
94.2195
92.0031
91.6552
94.7446
94.87
96.7125
94.0087
94.6464
94.9432
95.0075
93.5124
94.3307
93.5059
94.4003
94.854
94.9406
94.5068
92.7087
91.4914
93.5145
95.2244
94.1315
92.8887
93.9465
92.3334
93.9033
91.3033
94.7085
96.7279
93.6045
92.2237
91.5811
94.617
95.575
93.3885
94.7327
91.9014
93.4119
95.0291
92.711
91.7239
93.6463
95.763
95.1588
91.3122
95.4728
94.5862
90.8346
94.9101
93.3826
96.7839
91.5703
94.1329
94.7783
92.2782
91.4548
93.0746
94.4883
93.8448
94.2279
94.1246
91.5894
95.3638
95.6713
94.27
95.6165
93.3776
94.9119
93.2064
95.1801
94.0979
97.4962
92.1812
94.538
93.8133
89.9928
95.056
96.7945
95.4348
93.065
91.8794
96.5845
97.7531
95.0377
93.5739
95.3738
94.8374
93.8039
96.6373
93.9727
93.3758
92.414
90.5473
95.9646
93.947
93.408
94.892
93.6316
92.7729
92.0468
94.4443
94.0732
94.3506
92.8983
95.5376
92.8102
93.8928
96.6202
95.0547
94.5335
93.367
92.4095
95.1888
95.8895
93.28
96.5207
94.4838
93.0529
94.4824
96.4455
94.245
92.763
94.24
93.1885
94.4108
92.7261
96.325
93.6691
94.4732
96.6952
96.1901
93.0575
93.9078
93.283
93.7274
94.8735
96.0509
95.7709
91.9698
93.4663
92.7757
95.0132
97.7797
95.0332
93.3579
93.6847
93.0362
94.0502
97.0956
91.1474
92.822
90.4339
92.0916
93.2185
93.8633
94.5723
90.1412
93.6054
90.6959
92.2468
93.4146
91.9392
89.6008
93.7391
89.7238
91.7698
95.258
92.603
94.3093
93.3518
93.2442
92.6056
94.7167
96.4521
95.1191
94.3463
94.2891
91.6652
90.9429
90.2488
96.246
96.2814
93.0383
92.2038
93.9852
92.4229
95.3566
94.8026
93.8446
93.2333
93.443
94.5655
93.4883
90.6306
91.1637
92.9004
93.4646
91.3285
93.6924
89.9823
93.0567
93.6522
95.7857
94.7063
91.2734
89.0717
95.8465
91.9885
95.034
96.0789
96.2978
93.511
94.3882
93.6949
91.4169
91.3197
88.6855
93.8849
90.6178
90.8567
92.1302
94.0958
92.9022
93.219
90.8426
96.3485
94.869
92.0732
91.4853
90.5196
91.8017
95.6931
95.668
93.7937
93.2104
90.9059
94.3789
93.3772
94.2167
94.9987
91.5051
90.8758
91.9759
95.0628
93.6286
92.203
92.8165
89.8527
91.9153
90.6467
91.1528
89.4581
91.2463
90.4299
92.0121
94.8145
90.6467
90.9659
91.6492
94.4944
92.0767
93.048
93.5072
94.3059
91.5443
94.894
92.1593
94.2634
91.0468
90.7903
90.9022
94.5713
93.4182
89.3667
90.2178
91.9083
94.933
90.9416
93.6398
90.7985
91.5236
89.1921
93.1914
90.1559
91.4743
91.501
94.547
91.7471
95.167
94.6478
92.4495
93.166
92.8615
93.7531
92.5088
92.3357
91.7432
91.2723
94.989
91.9093
92.87
91.3889
91.5794
89.675
94.0535
94.6044
93.0354
93.1616
95.134
93.6084
93.7478
89.9567
93.1424
90.6154
91.1611
89.8328
91.5296
93.2689
92.3321
91.9421
95.0152
95.0037
91.4988
91.9402
94.4452
93.475
93.6792
93.9142
91.1927
94.2691
94.9228
90.8675
89.0956
92.1174
92.8152
94.434
93.385
92.2051
93.5623
94.8133
92.2062
92.0277
92.7701
93.1407
91.4987
91.5161
92.6989
90.5637
92.3096
92.1019
89.2872
94.0888
94.9566
91.4169
92.8074
89.5207
89.5928
90.8
91.4254
94.1267
90.5426
93.9942
92.2506
93.433
91.6483
90.0152
93.3745
92.932
94.9797
94.2116
95.0941
94.1438
92.7505
88.8346
92.2077
93.3891
92.0421
92.1031
92.3505
95.1632
94.7686
93.8718
92.2242
92.5033
91.0661
90.714
92.4613
91.349
90.5936
91.8034
95.9244
95.1642
95.5947
94.728
92.5099
94.7519
95.5542
94.8309
91.6241
94.9621
92.123
91.4756
94.2583
92.585
93.5005
92.5503
92.0682
89.4571
92.9869
92.2985
91.6919
94.7977
93.2025
92.7323
91.1019
91.999
91.7476
93.4529
91.8488
93.2933
92.4024
90.9259
91.5469
89.6683
88.9043
93.163
90.5466
90.9928
92.7212
91.7537
94.1707
93.2644
92.6569
94.2781
92.3521
93.4391
93.6164
94.5427
93.2288
97.3162
91.7094
93.7444
91.174
94.0987
93.4876
93.9745
93.492
94.6198
92.1838
93.7357
93.3374
92.8859
91.6367
89.1029
94.5851
94.8881
92.2821
94.8627
93.2349
93.3034
95.7106
93.1893
90.9189
96.536
93.2668
94.7653
92.454
94.0791
91.0862
94.43
93.8071
93.5047
92.3106
93.3891
91.9252
90.8416
92.8192
93.0633
93.9807
93.3877
90.2506
93.4053
94.3462
93.5535
93.3844
93.8682
91.1568
94.8015
91.8589
93.2515
92.3658
92.8948
93.5804
94.4758
94.2339
92.081
94.4095
92.974
94.1705
94.1708
93.7708
92.1842
88.8322
93.4168
92.9046
95.257
92.6724
91.8765
93.8959
93.1553
94.575
92.3275
94.6183
93.6059
96.8157
94.0644
93.711
93.466
91.0784
94.3087
93.5487
93.4027
92.4038
93.8539
92.7142
96.3007
93.4086
92.5741
94.2804
92.0966
93.606
96.3539
91.542
96.0286
92.8568
94.3287
93.416
92.9535
93.6485
93.1264
94.3559
94.605
94.1026
94.5563
91.205
90.4516
92.3182
96.9007
89.8263
93.4616
89.88
90.2193
90.0244
93.0708
95.8748
93.3622
94.7972
93.9597
95.0934
91.5188
90.4536
92.8297
94.8506
94.3966
92.5219
93.7103
90.5439
89.8773
93.4676
95.2162
94.6862
95.3821
92.3405
91.6237
93.9467
90.8984
92.4712
91.3379
93.3052
92.3686
94.245
92.5275
93.6949
90.4288
91.0747
94.0507
95.1965
93.2713
91.7409
93.5799
92.0807
93.8133
90.8761
91.5872
93.2961
91.9099
91.1261
96.9408
93.3243
92.5233
93.5931
94.2198
94.9017
92.1468
91.3834
96.4338
92.3632
95.4683
94.9296
94.6613
93.7605
95.7323
93.4058
96.2071
94.4256
90.4994
93.3185
94.1097
91.569
93.2776
94.7133
94.1634
96.228
95.0354
95.1965
92.3977
93.593
92.4161
94.0249
92.264
93.2334
92.0632
94.4259
93.8512
92.8295
93.6306
93.9628
91.7484
94.0384
94.1243
91.9339
91.9047
94.0419
92.8938
91.4132
94.8502
95.6989
91.6862
95.4467
92.6659
93.442
93.0531
95.2059
93.7918
94.8769
92.5604
91.3791
97.0314
91.7578
94.5178
93.4975
91.0974
94.6952
93.2397
96.1983
90.6171
93.9311
92.5891
93.6141
89.1429
91.6721
89.6923
93.8266
92.5909
94.4928
93.1722
93.0537
92.312
90.6195
93.767
89.3071
90.9245
90.1443
92.7906
92.7047
95.0591
95.4165
93.671
92.3632
92.3752
90.9797
91.795
89.8866
95.0368
94.9348
94.2499
94.1596
92.7063
94.742
91.5631
91.3243
92.9086
96.3672
91.543
91.7841
93.166
89.3533
92.5605
89.0048
90.4741
89.2199
91.4546
91.36
93.8212
89.9978
93.2994
90.7109
91.7674
94.0989
92.8728
92.2725
89.0632
92.6941
92.917
91.5399
92.9077
91.1994
88.5165
93.2584
92.5467
89.363
90.6725
89.6343
93.5974
93.2762
94.1081
92.4245
91.8186
93.4726
91.866
92.8415
94.0137
93.0043
94.7505
89.3026
94.4193
92.4484
92.1168
91.7961
91.0464
92.6058
101.047
108.141
109.87
95.8428
91.0166
92.3309
92.5311
91.6966
91.863
93.8666
90.2609
92.0779
93.5426
93.3934
94.0485
93.7479
92.7235
89.7776
93.0983
91.5215
91.3726
92.0321
91.2815
89.8978
89.2237
89.4088
93.0969
94.2297
92.2431
92.5833
90.6003
89.3959
91.6005
93.1226
92.2217
93.8726
92.795
90.044
90.4878
92.9537
89.8031
91.1927
92.7919
94.7645
93.952
91.1553
92.8355
92.6762
89.6758
94.272
94.3816
89.6993
93.2745
91.1349
91.3584
90.7647
91.4136
91.6463
89.4128
93.6214
94.9412
94.9666
94.318
91.8259
92.1085
94.0144
94.9064
92.108
90.5469
91.3078
91.3677
88.7699
91.9574
90.0086
89.7867
91.9669
91.2377
88.9307
94.8392
92.2598
93.8663
88.7955
90.7145
91.0076
91.544
91.6585
90.8935
92.6276
91.2626
91.2634
93.7793
93.332
90.8943
93.9681
91.8589
92.8743
92.5816
94.7794
93.7758
93.4063
89.5858
90.8496
90.6413
92.8633
88.9226
91.7288
90.8864
93.9151
92.9084
92.1452
90.7949
91.2537
91.5976
91.4725
93.2462
91.9318
91.166
89.9192
94.7258
92.4036
93.5596
96.1415
90.7781
94.307
91.7251
91.1322
92.3393
88.6366
93.8587
91.3808
93.0703
90.9612
91.5689
93.8341
94.778
94.7011
93.1409
92.5102
92.9276
94.5079
92.5179
94.8377
95.289
96.0989
90.4993
91.4829
94.1214
93.9667
92.4915
92.8285
91.0381
91.7068
89.6314
92.1907
91.4157
95.3846
95.3123
93.5212
92.1762
94.2206
93.3382
90.0812
93.0482
93.8151
91.9868
94.2401
96.1111
92.6619
92.9524
91.8549
93.8876
93.4995
94.4632
90.7708
90.8787
96.3487
92.2662
93.763
91.1435
93.922
95.2926
94.9404
90.9342
90.6199
91.3634
89.175
94.0294
91.1313
95.4888
93.7566
95.3299
94.2005
92.2233
93.0718
94.4128
90.4569
90.3595
94.0538
92.4847
91.9242
95.6807
91.0967
94.1404
94.3312
92.6763
94.0342
93.4959
91.76
94.4196
90.0792
92.0547
90.3769
89.7832
92.1703
92.4171
89.3432
90.2829
92.5251
91.9904
92.7952
89.8504
91.6044
89.2677
90.2719
90.4539
94.8288
92.1643
94.8163
92.8265
94.2448
96.0448
91.7498
95.2631
93.8568
93.259
92.298
92.374
91.0616
92.6782
90.7287
90.2225
93.2677
92.5544
92.2767
95.1893
93.4702
95.6487
94.9566
92.4204
92.1372
91.9884
96.3083
94.0175
93.9234
91.7272
93.4353
91.6505
92.7592
94.9559
94.9129
91.5169
93.1998
90.6782
94.1503
94.6683
93.7482
92.8464
94.0475
93.3375
94.0756
93.6928
93.3399
92.4197
95.6854
96.8367
95.9639
94.6746
90.2113
93.5793
95.3439
94.9215
92.9639
92.6449
95.5187
94.8753
95.3135
93.7596
92.0186
95.4487
92.6838
90.8328
91.223
94.7118
94.7585
94.8248
95.3582
97.8017
94.6706
94.6094
96.0823
94.102
93.5331
94.7898
95.5463
95.1142
91.8033
91.0226
93.4559
93.8473
92.5531
94.7267
94.9645
94.9549
95.9647
92.0107
94.3648
95.0994
95.7217
96.8153
95.9416
95.5494
93.4814
94.9263
94.5043
92.692
95.7182
92.4786
95.2664
90.1459
93.7488
95.7849
93.1455
93.6492
94.8694
91.6626
92.9662
92.4118
96.1897
93.7576
92.3198
95.5482
95.3935
94.558
96.1282
94.9023
96.7312
95.3643
95.2044
94.7369
92.8596
94.3208
94.0046
95.239
90.8192
94.764
90.4589
92.9981
92.1154
96.5205
93.4942
94.1761
96.4001
94.1579
97.0498
93.475
94.3689
94.7062
94.2059
95.3358
94.1117
94.3736
94.6854
95.4326
94.6285
89.4198
91.3446
91.6786
89.7553
93.3143
91.9586
95.8635
95.7852
93.6887
94.1285
92.7971
93.656
94.482
91.8069
94.0994
93.7642
92.5869
93.6278
93.0993
94.9396
91.9667
95.4712
92.3933
94.8512
94.3693
94.0967
93.1367
95.8153
92.7798
94.2806
94.5189
92.0119
95.0111
92.9911
95.6587
90.7745
94.2031
95.7828
94.2097
94.5546
93.101
93.2387
94.7737
94.5049
93.4281
96.2099
94.1625
92.6768
93.8978
93.2587
92.7752
94.4027
90.8552
91.6112
96.8878
93.3847
95.2442
91.9853
95.6257
93.8261
91.2568
94.1576
93.8671
94.5286
96.8522
93.9002
92.2337
94.5638
93.8786
95.1441
96.6968
95.5689
97.0061
94.593
95.7714
94.8816
97.7068
92.7702
93.611
93.7224
95.0845
93.6597
92.9416
91.7016
91.7653
89.2825
92.7435
93.97
95.1732
93.2638
93.939
94.9623
95.6095
91.2686
95.6587
95.0665
94.4513
93.8141
94.7642
92.7152
92.6973
95.3905
91.978
94.0011
92.0469
93.9392
95.9752
91.05
92.1628
96.7506
95.8468
90.654
91.1614
96.9798
95.3596
92.8239
92.6753
94.6464
92.8167
94.3797
97.4833
93.9887
92.571
92.0221
92.4619
93.6766
96.7477
92.7761
93.1467
93.9045
94.6927
92.353
94.5966
91.5921
95.7406
95.6735
93.2155
91.7748
95.0957
92.4603
95.8735
90.1164
94.3846
95.9807
93.9084
93.6209
95.9417
92.1922
95.0078
92.3336
91.4399
92.226
91.5607
94.9237
92.1173
92.1646
95.8133
91.6058
95.1444
93.3884
92.9557
95.7976
91.5146
92.4383
94.4718
94.125
94.5355
93.3873
93.0515
94.672
94.581
95.2267
90.3862
94.8573
93.9633
97.2719
93.0047
93.4237
91.4377
91.9072
91.7403
91.7074
93.8258
90.5002
93.3391
92.0924
93.133
91.5803
90.8913
93.8252
93.1916
93.1773
93.4505
93.752
92.7264
93.5793
95.3142
95.7544
93.8636
91.0613
94.4818
93.2409
94.2663
92.4767
94.2029
94.8982
91.5498
90.7207
95.6704
94.8646
94.7807
93.0786
92.6534
93.5055
94.2027
92.5142
95.6078
94.5356
95.3044
96.7582
90.5266
97.2134
94.9797
94.2498
94.1088
94.0437
94.6551
93.026
92.7497
92.2352
94.3864
94.1394
93.4648
95.5351
95.8592
94.7772
93.3687
92.7925
93.3957
95.7849
93.2093
93.6556
94.3741
92.933
92.3863
90.903
92.7939
92.6489
93.8422
91.6707
91.855
93.2572
93.3794
93.7557
93.9241
91.4625
94.7497
93.2471
92.0118
94.2056
92.1329
93.0817
92.4598
94.3097
93.0584
91.6827
91.8353
93.5449
94.9333
94.7195
94.7682
93.9495
92.3014
95.5445
93.5687
93.9102
93.751
95.2054
92.1548
94.3874
93.86
92.599
91.6239
90.121
95.8631
93.1257
95.356
91.9276
93.6259
93.2944
92.6641
94.3067
95.3555
94.4183
93.4939
94.8014
96.2705
94.8401
94.5126
91.2473
92.5152
93.4843
92.8198
93.0061
92.9846
93.1992
93.8226
96.6858
94.1564
95.8794
92.0278
93.5298
92.2516
94.0895
93.4581
91.9823
94.1868
92.4736
95.6895
95.3518
92.6802
91.1202
92.4173
94.8452
92.6468
93.5402
94.0629
93.6192
97.0893
96.2278
95.069
93.3934
95.5384
93.9847
94.4329
90.3163
93.7609
95.8711
93.7651
93.307
92.8276
93.8031
92.6464
93.274
93.826
93.5401
90.8985
93.6164
91.4961
93.3089
93.775
92.8126
92.4001
93.2325
92.0953
94.5141
91.5042
94.0421
93.7555
95.1218
94.6952
93.4079
96.6847
93.924
92.2018
95.1146
95.6623
94.1815
91.8584
94.8174
96.1288
96.2491
91.953
94.7574
92.1235
94.282
93.4652
95.3825
95.0063
93.1392
90.3363
93.1662
92.4285
94.6302
94.1882
95.0539
93.8299
93.9997
93.8474
94.6613
93.5789
95.2462
93.2353
92.4291
91.9397
94.9542
89.9143
91.444
95.5275
94.2622
94.1215
90.8209
93.9532
94.7799
94.5692
93.0697
96.3543
93.0596
93.7537
91.7311
94.0565
90.7152
93.3682
94.055
95.2601
91.8332
95.1081
95.7386
93.0954
92.3469
90.2837
95.0431
91.5549
94.0159
92.0111
94.5401
92.9969
93.172
93.9181
91.9416
92.8352
93.7737
95.3653
93.5555
94.1723
93.1675
94.2475
91.3199
91.1303
96.5575
94.3265
95.3384
90.8177
95.4657
93.7571
90.9016
94.3725
91.6449
92.7587
93.4689
97.1019
95.0023
91.5888
91.7337
94.8427
90.6446
93.4111
94.4991
94.1322
93.6248
92.608
93.6058
94.457
94.9006
92.6558
92.6543
92.4095
92.081
93.6889
93.8853
94.7881
95.1972
95.2017
91.9528
92.9722
94.3141
94.1052
95.9224
92.7263
94.9385
92.2726
93.9756
91.8067
95.4599
91.4192
93.5038
92.151
94.9201
95.5354
89.8822
91.5924
92.0599
95.0206
94.4965
95.5406
91.7051
93.8661
90.9204
94.1597
96.2112
94.9984
92.8431
94.2235
91.6738
93.2495
94.9749
96.0258
94.82
95.9718
95.119
91.7889
94.1934
91.369
93.7824
94.5697
93.9464
93.2347
97.5987
92.032
94.6896
92.4791
94.5643
95.9235
90.4459
93.7079
90.6047
92.6523
92.331
94.5555
93.0315
93.7117
94.6588
93.1392
91.6419
95.8882
91.6644
92.633
91.812
93.5359
92.9262
95.2574
95.707
93.9481
95.5205
90.5716
89.375
93.93
95.5752
92.2703
97.3148
95.1132
93.9996
93.7005
92.3307
92.4427
95.451
94.8732
93.6712
90.3889
93.4608
92.1049
92.0247
93.0806
91.6347
89.4609
97.1516
92.601
95.8579
92.276
94.8552
92.6372
94.9238
89.7711
92.2473
91.9815
91.8633
90.5442
91.4364
91.5891
93.7522
93.223
94.1365
94.274
91.7749
92.2034
92.5033
95.6319
93.4749
92.3441
90.6055
91.0808
90.0719
92.3363
90.479
92.231
90.9444
91.429
90.9907
91.5907
92.5391
93.0884
91.6308
90.8474
93.3054
91.2733
90.3998
93.8907
92.9842
96.2711
91.8231
90.6557
91.3944
95.4752
92.7285
94.7387
95.3433
91.682
90.5603
92.1834
91.4586
93.8369
91.4266
93.8645
91.9992
90.5884
92.5218
91.6565
92.3962
90.9849
91.2406
93.8921
94.1385
92.6404
92.8972
90.296
89.3251
91.0741
89.3484
91.145
90.5504
94.3159
91.4279
91.0863
92.5853
92.9244
94.793
93.9935
90.5003
91.8094
94.1055
94.6138
93.2014
91.4293
91.3122
91.9568
91.3838
91.9638
93.9229
93.131
94.7801
92.6175
91.7106
93.3682
95.5288
95.4403
94.5369
90.7878
91.096
92.6173
91.4998
89.952
92.5283
94.9668
93.1154
95.2565
93.5069
89.0524
91.2939
93.6607
90.9555
95.1574
94.3405
90.972
93.7909
92.2606
90.8326
91.9276
90.5254
91.8377
92.0161
89.8176
93.5232
93.0109
94.5264
97.1938
92.2372
91.4392
92.4481
91.4657
94.6897
91.6737
91.3586
94.0397
94.6276
94.6921
94.6567
92.7729
90.4884
92.6069
91.1022
93.7282
92.6223
91.6593
91.976
91.6107
94.6324
94.8113
95.0534
91.7615
93.5223
93.0232
91.5747
91.6915
93.0217
95.4692
96.0803
97.6833
94.6643
94.0371
93.8881
94.1716
92.5781
91.7921
93.3765
96.5742
94.9716
92.9084
93.2321
97.0307
92.7883
94.0134
90.1702
91.6186
94.3806
95.2647
94.1152
91.8334
94.6084
92.1551
93.323
93.2012
91.517
93.0357
93.2897
94.0297
92.9948
95.9111
93.8728
93.5981
91.8986
97.5478
93.9521
95.4262
94.0561
91.3078
94.2583
92.3145
94.734
91.6585
94.6326
95.157
95.545
93.1013
92.2352
94.2752
91.4713
92.9357
92.5189
94.0433
92.5198
93.2126
95.5758
96.1956
92.2288
94.1842
91.6484
93.4086
93.7717
93.5813
94.6607
91.9514
92.43
91.4392
92.2601
90.8286
91.036
97.1591
93.8711
95.0693
90.9717
91.1893
90.4373
91.5741
93.2426
94.2633
91.3738
92.1333
90.7102
93.5194
94.4296
94.7295
94.2419
93.9598
94.2274
92.2212
94.2621
95.6063
95.2939
93.0395
93.4599
95.1091
93.8399
92.4673
91.9932
92.2602
95.6665
91.9812
91.7654
92.4786
90.044
91.1452
88.8774
91.372
88.8913
93.0577
93.4387
95.5072
95.2002
93.0705
91.3542
93.4697
91.9978
92.6586
95.5228
94.7437
93.517
94.2279
88.8243
91.0559
88.9453
90.8409
92.531
89.1117
92.4694
90.9225
92.7772
90.9748
93.1593
91.2131
92.1501
90.1753
91.8052
94.1469
91.8118
91.4433
90.6581
90.6415
92.7595
93.5913
89.3369
93.3728
89.2222
90.435
90.6209
91.5867
92.8808
93.259
89.9254
93.251
89.9316
92.4614
93.6332
94.3167
93.4492
92.8235
92.1644
91.0723
91.8713
93.3354
92.7801
92.5986
94.8298
95.5671
93.4002
92.7568
92.5919
89.8353
90.828
91.5844
93.2746
94.7589
92.0153
94.1719
96.6751
90.845
94.1731
92.4724
94.2288
91.5406
92.5088
92.3941
94.2835
96.1773
90.1109
94.2003
93.7589
94.0419
94.322
95.2827
92.9585
92.9512
91.3784
94.5008
90.4888
92.44
93.9608
93.4717
94.7586
93.3881
91.8911
92.8329
91.5198
94.5933
96.1671
93.58
90.9066
94.1454
92.421
90.865
91.8392
90.1352
92.678
94.313
94.8584
93.5587
90.7958
90.8775
91.9765
90.5934
91.0691
91.6787
93.1015
92.6632
93.4742
89.9345
90.2292
91.3151
88.7667
94.1005
92.1055
94.6394
91.7216
91.6998
93.2247
91.0555
92.7297
95.6415
91.6631
89.6809
89.58
92.7145
91.1602
89.4194
93.8333
90.4287
90.8166
90.3716
95.507
92.3464
92.8283
91.8587
88.9406
92.2436
91.9394
91.1667
89.554
89.4956
93.8773
93.0132
91.9417
92.1803
93.8151
91.7435
88.5916
91.7435
94.0777
90.218
92.2839
92.3895
93.4201
90.5104
88.4695
91.1532
92.3947
93.7225
91.8721
93.7404
92.7423
91.7711
93.7098
92.752
91.4968
89.6145
93.6522
92.151
93.6843
92.7829
91.6571
88.4914
90.4359
92.0639
92.7127
90.2494
92.5619
92.5101
92.0575
93.9614
93.6444
89.5104
88.4523
89.8607
91.2357
93.8745
91.2375
91.8993
91.3293
94.3304
91.3023
94.444
89.3221
92.8899
90.174
91.7866
91.6247
89.022
92.1548
90.3252
93.4468
91.9289
94.4774
92.7596
94.8248
92.821
90.0242
93.139
91.8041
91.3848
92.5838
92.1237
92.2926
90.8642
89.412
89.0707
91.0201
90.9239
94.4178
91.5242
90.3181
89.0262
92.8265
89.8776
90.1292
91.2266
93.9537
92.8042
95.0619
91.0925
92.4609
92.2319
90.6336
90.0871
90.9758
92.5245
89.114
92.8059
90.4109
93.3302
93.873
93.9182
90.8635
90.7556
91.2621
90.5923
91.1648
92.1106
91.8264
93.458
90.6097
91.9011
92.127
90.2107
91.7576
91.3514
93.3959
92.3679
92.6843
90.7172
90.0962
90.4542
92.8537
88.5016
90.6254
90.8047
90.3512
90.1907
90.6059
92.3107
89.566
90.3083
88.9373
91.1118
92.5271
91.1074
94.0079
91.4807
88.8088
89.035
92.6132
90.1901
90.721
89.5507
91.8614
93.395
91.7864
91.7745
90.7306
93.1378
93.8831
93.0148
92.9556
93.8972
94.3146
92.786
94.7314
92.9773
90.6042
89.2451
93.8858
92.7191
90.5532
91.0573
93.6514
90.6188
94.1094
92.655
92.0955
92.9444
94.8734
93.334
92.4644
91.4947
90.5222
90.7637
88.5289
92.0111
90.0333
90.7299
91.1824
91.657
89.6828
89.719
90.3569
88.9151
89.4749
93.5631
91.2155
89.0706
92.1851
92.0474
90.0023
88.7378
93.4643
92.5221
92.8659
94.3811
94.1809
94.3229
92.2015
95.0125
93.3425
92.4915
92.664
92.9712
93.5901
92.687
92.3106
93.5568
90.4441
92.8989
92.7987
96.2153
93.7521
93.1895
91.35
92.9773
94.0003
91.2247
90.9298
91.0293
90.6018
90.7537
94.7807
92.4377
93.3995
91.1226
91.1146
92.9724
91.6908
92.2151
93.7709
89.9549
91.5694
95.7507
93.6193
93.2504
91.8828
93.3516
92.1506
93.0807
91.5423
93.0276
93.1859
92.3494
93.4689
94.6029
91.7142
93.8295
93.2252
95.3467
94.9994
94.0031
93.9997
92.4194
94.8109
92.6275
96.7304
92.5955
93.5338
92.8789
91.3388
93.7288
94.3236
91.9123
94.5734
92.5695
92.3276
93.5177
91.3251
92.4485
93.2282
91.4983
93.1069
93.4595
91.7307
92.6145
91.378
93.8359
95.4626
90.9932
90.6044
96.0497
92.7731
91.0179
90.6523
90.0572
88.6257
91.0958
90.2999
90.1512
92.9809
90.5461
89.4278
90.7482
91.8243
90.6491
90.9295
91.2875
88.8115
93.8411
89.4979
91.5234
91.262
89.4805
91.5142
91.8555
91.4993
92.1335
92.4647
92.4912
92.5669
88.8383
89.9498
90.7385
94.3771
90.5638
91.0187
89.4055
91.5933
90.2969
88.8785
90.6801
89.0219
93.4323
92.9519
94.0493
91.4352
93.9438
92.1443
89.5796
92.8637
93.1722
91.9347
93.4252
93.4596
91.2726
90.3205
93.0255
91.4387
92.7917
90.5372
91.0743
90.6805
90.7056
90.3485
92.0728
93.4941
90.1683
92.6156
91.8624
91.5955
92.8586
92.3647
92.6544
92.0864
92.4864
90.7474
92.5832
113.579
107.923
110.79
116.298
93.4329
94.644
90.9801
89.9802
91.1891
91.2332
92.3593
92.7375
93.0031
94.033
91.4194
91.2905
89.1068
90.9048
91.3505
93.5997
91.0268
92.8742
90.7554
92.6572
89.3726
91.2125
91.105
92.613
91.0824
94.9621
90.1502
91.8746
90.9874
89.1712
92.3271
89.6138
91.1513
94.0102
91.2392
90.8642
90.1971
90.5649
90.4782
90.713
93.002
92.0361
91.8102
90.9693
89.9378
90.5507
89.5672
93.2111
92.0191
92.7295
89.0315
93.5636
89.0493
88.3806
104.894
93.1321
92.1143
90.0731
90.2529
90.689
91.8297
88.7103
90.7169
95.5712
90.6972
92.5601
91.3496
88.7965
91.2342
89.1196
91.3754
88.3188
92.9639
90.4878
92.0673
91.7603
92.6846
92.6412
93.9918
92.2092
88.8479
92.6284
89.4823
93.2565
93.6941
95.5163
92.7647
92.7493
92.3869
91.2368
88.8841
88.8031
88.8599
90.5888
88.8352
92.6624
90.8543
95.2396
93.3999
91.8199
89.5032
98.9063
91.3826
93.2187
92.4277
91.2221
93.8339
92.684
93.2439
93.7667
94.8887
91.5266
90.9271
90.1424
90.5286
92.6142
90.0362
90.3988
91.9056
90.7794
91.5442
93.7524
89.9933
91.4627
90.3324
89.5675
90.4307
93.9597
89.9219
92.271
90.5723
93.6205
91.5989
90.1312
93.0633
92.4993
90.948
90.7905
88.8228
90.1238
90.8686
92.911
89.3987
92.434
89.5168
90.4377
90.4808
92.3705
88.9213
90.1057
88.6543
90.5757
90.6306
91.4609
90.9266
92.8872
93.7033
94.6209
92.1665
92.1061
89.1812
89.8628
91.1138
91.4672
91.2061
90.9787
90.2623
90.2909
93.1299
90.9994
90.7184
89.5445
90.8248
94.4018
90.5663
89.7185
91.5151
90.4536
90.0707
92.2804
92.2785
94.812
90.4889
91.0519
89.4852
90.0769
89.5437
94.1212
93.9612
90.8774
92.7886
92.0765
92.2712
91.6944
92.1928
91.8161
89.2721
90.9214
92.5656
94.3824
90.9997
92.6141
90.4029
90.14
94.0754
94.5441
91.261
90.1509
91.9904
92.6316
91.146
91.1524
94.0746
94.0406
90.9896
91.8728
92.9736
94.3445
91.6622
93.8558
91.523
93.3282
90.972
89.9433
94.4063
89.4725
93.1812
91.3974
91.1403
91.1356
90.0132
91.8024
92.9726
90.5598
90.967
92.8944
92.3303
89.1022
92.7852
93.3321
91.5155
90.2487
90.3252
89.5721
92.1028
90.1464
89.3248
88.3391
94.462
92.5631
92.9932
90.6149
92.4318
89.3664
91.4327
91.383
92.2408
92.0983
92.416
93.5547
91.5399
90.963
89.7802
90.5357
91.6026
89.7871
92.7613
92.361
92.0403
91.3627
94.6883
94.4569
92.4684
93.024
90.9668
93.7197
94.5751
90.8545
89.2312
90.9681
90.8755
91.3259
89.5792
93.2655
89.9215
91.1419
89.4284
93.6959
92.0476
94.9729
89.5396
89.3389
91.0937
90.1477
90.4498
92.6943
94.2302
92.2268
88.1714
90.0456
92.4606
91.7656
91.3834
93.8789
90.9196
94.4278
91.969
94.7652
91.3448
93.0152
93.016
91.5922
91.5007
90.9919
91.9287
92.4619
92.4366
91.3893
95.1695
92.0177
92.2064
89.5742
91.7161
91.6399
88.9617
89.2762
90.4193
91.0789
90.6507
92.4867
92.61
88.9617
89.1963
89.6479
91.9566
93.1593
90.4343
90.331
89.3519
90.8115
91.3727
95.3717
90.5596
91.1057
92.1016
92.5969
94.0608
92.4599
91.3815
96.1986
90.498
89.1539
90.9988
93.334
91.7012
92.6853
90.1294
92.262
90.2069
92.0838
92.5413
93.6747
90.6734
91.4036
90.1783
90.5691
91.8353
92.078
91.0213
90.0042
91.3001
93.2725
93.6815
93.0361
91.9484
93.943
91.0894
92.2612
93.925
93.6136
89.5679
91.4332
91.7161
93.0054
90.6448
93.5129
93.1103
92.2765
90.3704
90.7433
91.6283
92.9513
90.983
92.2194
89.8738
91.1761
91.223
93.8723
92.3985
91.876
92.5248
93.9212
92.2743
92.4488
92.9617
91.4534
93.7263
92.6602
93.1485
89.3333
90.8331
90.1012
88.9626
93.1701
92.2718
91.0956
91.4839
91.8425
89.7594
96.0587
90.5867
89.5135
91.4082
89.4603
93.7174
94.0982
91.5749
90.7572
93.2194
91.1255
92.5528
91.4133
89.0557
90.1566
89.4363
90.4901
89.7944
93.0676
90.0055
91.084
90.9387
92.0237
92.3852
94.1857
92.8012
93.7458
90.5451
93.1717
90.7716
90.4472
90.6168
89.9568
92.6428
90.9281
91.889
94.7811
91.527
91.6284
93.6706
94.3211
94.3735
89.7161
88.9469
93.0857
92.1025
92.2029
93.8394
94.5085
92.4243
91.0336
91.7918
93.5295
90.5015
92.2323
88.9514
89.5728
92.2885
94.9385
92.7912
91.6393
89.3066
92.7404
88.5337
91.1406
90.7734
93.439
93.8884
92.0773
91.102
90.3673
94.0467
92.6798
90.5244
88.915
91.9243
90.8964
91.4697
89.7927
90.9986
89.477
94.3364
93.5893
94.5969
93.7974
88.8297
90.8767
88.7842
89.9974
93.5315
91.2713
90.5386
89.1034
94.3616
89.4565
89.1243
89.5452
91.2765
92.5132
92.3058
90.1463
90.1214
89.6584
92.4366
91.0868
91.1345
91.7964
88.7536
90.282
91.1232
89.7273
90.7507
88.8036
90.7742
89.2494
89.849
90.2875
91.3654
90.216
88.8022
90.7958
89.6148
89.8875
89.3007
91.8271
93.3434
93.6279
93.502
97.1731
90.6204
91.2956
92.5553
92.4527
93.6632
90.7923
91.9724
94.2951
94.4321
92.8105
98.1521
92.5004
92.9067
91.6393
92.9192
92.6776
91.7129
92.0269
92.8078
93.3303
92.7039
92.8091
92.7586
93.8156
92.5729
94.2913
91.0317
93.1862
93.0208
93.6416
91.033
91.5746
91.4998
92.1715
93.9703
94.3521
92.4008
94.1411
92.4825
93.6539
93.1618
94.3535
95.2669
94.348
94.075
93.7699
92.1955
93.2563
94.1574
92.9234
92.6206
94.5765
95.3158
94.1479
95.874
94.3031
94.2294
93.9761
91.7065
94.0401
93.9802
92.1924
94.3039
93.2147
91.6651
92.7205
90.8283
92.4101
91.0585
94.0956
93.6514
93.5542
93.9098
91.6665
92.4594
93.3069
93.1073
92.9047
93.5441
93.4291
94.0063
93.2874
92.9989
93.1762
91.9533
94.0358
92.8742
93.7205
91.8592
93.3524
93.8064
91.8421
91.6346
91.676
92.5736
94.1211
94.4615
91.2868
93.2601
90.17
91.7791
90.9692
93.2384
91.0637
92.2252
93.7263
92.5421
92.1012
92.6384
94.9206
93.6607
92.456
91.3196
90.4749
91.916
92.855
95.0679
93.6347
90.9234
91.1574
94.3643
92.1267
91.586
93.3172
95.3359
90.3294
91.5938
92.7294
93.7837
94.1309
90.0577
94.1631
89.5363
94.8429
90.9581
92.2443
89.1045
91.7616
92.0446
90.8562
90.9151
94.2075
91.8269
90.4466
88.579
91.5915
91.6679
92.6244
91.5904
93.5362
93.2145
92.537
90.7937
93.0865
91.3865
91.0007
88.822
90.9034
91.9069
91.2107
93.7027
90.3179
93.3137
92.7071
92.0734
95.264
93.1853
90.747
88.4498
92.7659
91.3335
91.4845
89.5151
93.1172
88.4249
90.9713
90.0148
95.5935
92.0314
93.0869
91.9907
92.2177
91.058
92.6769
91.5339
89.5538
106.114
115.822
99.7323
94.4585
90.1438
91.2461
93.2247
95.9156
92.6466
91.3339
91.8626
91.2509
90.533
91.7336
95.8001
92.3931
93.2686
91.3329
92.1508
90.741
93.5177
91.8327
88.7422
93.3028
91.6322
93.1636
91.9022
94.0469
91.8764
93.8218
92.132
91.8977
89.0437
93.1276
90.2043
89.1021
93.0376
91.8928
91.1223
92.9601
90.0576
90.8765
90.2174
89.4374
89.5971
93.0182
90.1483
94.5402
95.1471
91.8276
92.1475
92.6728
91.1339
92.7491
90.4185
93.208
93.6094
92.5269
95.6973
104.612
103.002
96.7312
92.0629
91.0843
94.6759
92.4519
92.4141
92.4422
90.9606
90.9638
94.9405
91.5177
93.1999
93.2023
91.2591
93.03
92.7029
91.2495
90.1009
88.8152
93.6575
96.3327
90.2722
93.4407
92.5518
94.0791
91.1378
93.9236
90.3259
90.8747
91.4086
95.67
94.1408
93.7208
92.4832
96.0711
94.1177
91.1251
90.9729
91.2855
93.4336
92.5385
92.3696
90.513
89.8468
90.9691
93.0008
92.6737
92.0554
95.0622
92.8967
94.6117
92.5655
91.3955
95.2437
94.2599
91.543
94.5491
90.227
90.7232
91.271
96.1164
92.4215
92.9352
90.0916
92.1436
91.4457
90.6277
88.5771
91.0936
89.9975
90.9533
90.8714
92.6581
92.206
91.4142
91.5919
90.9546
89.6691
92.3393
89.9251
91.8161
91.3475
94.8803
90.5251
90.5673
91.6613
92.9958
96.3979
90.665
90.0389
93.8329
93.0961
93.4702
90.6699
93.1459
90.5743
90.712
91.2668
93.8815
93.5179
91.9586
91.5548
92.7066
91.1155
91.3438
90.375
89.6664
92.8635
92.0185
95.9513
93.2602
93.9208
94.114
91.8753
91.6341
88.9592
90.3085
92.2871
94.2985
92.8742
90.6277
93.288
91.1762
90.5548
91.297
90.3031
91.108
92.0661
92.7972
92.4113
92.0499
92.9842
94.0366
94.0178
91.9069
92.5036
90.6677
93.1506
90.954
91.0257
90.319
92.8917
91.9309
95.2497
93.7584
89.1535
93.9205
95.179
90.3886
93.7028
91.7299
92.5878
92.1844
93.4963
91.6006
92.898
91.1609
93.3454
93.7865
93.1196
93.604
94.0509
93.9708
92.692
92.0029
94.5428
93.7506
91.7629
93.953
97.208
92.4979
93.1708
95.5294
95.1845
94.4271
93.1487
92.9855
95.3112
93.5317
93.1786
93.5512
91.2762
94.2278
91.9428
93.0439
91.8924
94.6556
90.9281
94.3546
93.5569
92.0033
93.6677
96.1873
94.9057
92.6529
92.4387
92.2909
92.3249
93.8467
95.1192
91.5278
94.0678
92.4463
95.1378
92.1273
93.9444
93.1042
93.1937
96.0361
95.8467
94.0692
92.7947
94.158
92.2708
94.3271
93.3447
93.2076
93.6863
91.6801
92.5883
93.2445
94.9738
93.9968
93.559
91.3366
91.6697
94.3953
94.4244
93.0968
93.7995
94.9827
93.8221
95.825
93.6927
93.6992
92.0654
93.017
93.6991
93.072
91.0328
93.8847
92.9146
92.3965
93.956
94.644
91.0815
93.1626
92.7028
92.8501
92.085
94.659
90.6632
91.2614
88.3662
93.0147
91.9717
95.1454
91.4476
94.4553
91.3234
94.9797
91.9562
92.8848
92.1712
93.1849
93.4049
94.0227
89.4838
93.8074
91.6177
93.0973
93.5753
91.5069
95.784
91.5577
92.9591
92.9723
93.9435
92.3621
93.6926
95.6363
93.2794
93.5808
93.191
93.1864
92.0841
92.9133
95.0417
93.5583
93.5944
92.4745
94.5932
94.7477
94.2334
93.462
94.6857
91.9221
91.2842
94.8345
93.3783
93.7824
92.2469
90.891
91.282
94.4677
92.1236
94.6768
93.7724
93.4073
94.7107
93.2883
93.3833
92.7067
94.4656
91.3416
93.8663
95.1116
93.4637
92.2105
92.9377
94.9183
95.0661
93.5225
93.6831
93.4439
93.8547
95.9
92.7057
95.0398
91.8729
92.9017
96.949
91.9292
94.7954
92.5459
94.5445
92.2023
94.975
92.2741
93.7922
90.9387
93.9785
94.0578
94.9302
93.6267
93.2695
91.8587
93.9433
92.1725
93.6799
95.5514
93.2552
94.2329
92.5166
92.7366
92.2344
92.4443
95.2812
94.5577
94.1902
91.4637
93.3449
91.9822
90.009
96.2953
92.1376
93.4193
91.9044
94.0562
93.1113
94.6611
92.7835
93.7228
91.5422
93.5162
94.6715
93.5057
92.1589
93.1664
93.2708
94.9184
93.5786
91.3787
93.2674
93.4676
91.3134
94.5186
95.3275
92.1736
94.7913
93.7462
93.4714
91.4561
94.4464
93.4231
92.8059
93.927
95.4254
91.3404
91.8423
93.9247
92.7589
95.6434
90.12
90.371
92.5323
93.2797
91.0451
94.9678
92.5113
94.4136
91.6893
92.1913
94.0246
93.2942
94.0871
94.922
91.3557
94.4383
93.4047
93.0971
93.6484
93.3542
92.013
94.8313
92.4856
93.205
92.5985
93.3761
94.5568
95.0537
93.8917
92.7618
93.7637
92.5877
94.6181
93.8756
93.3737
93.7008
94.996
92.262
95.0819
95.1508
91.1547
91.5631
92.8979
95.4695
95.1761
93.3851
91.4596
93.6348
94.052
93.7187
95.4235
92.8832
93.7148
94.6024
94.5504
93.2687
93.0153
92.408
92.2626
93.9726
96.2342
94.5792
92.2825
93.4124
94.6476
95.2599
95.0607
92.6229
93.976
92.1137
91.9645
94.7045
90.472
91.7281
92.8691
93.605
91.4832
94.0346
94.1944
94.4134
92.0931
93.1387
95.2018
94.3281
92.4192
94.2031
92.5426
93.0755
92.662
94.3584
92.2517
94.1025
92.0691
94.339
94.8804
94.5531
95.4326
94.6871
