6.95175e-310
6.95175e-310
42.6279
29.2459
28.7032
28.5483
24.3001
27.3888
25.6078
25.1504
25.5226
24.1199
21.3561
21.8362
29.1733
22.7459
23.5992
23.8012
22.006
21.8912
20.5789
20.8577
18.3651
21.1628
18.6285
18.7926
17.1979
19.3794
16.7609
19.0259
16.848
18.0918
18.1523
16.6141
16.5497
17.987
18.1602
17.9809
15.8518
16.7717
16.7642
16.7641
15.1851
17.2511
15.326
16.0627
16.3994
16.7967
15.814
16.0238
15.6906
14.5867
16.0209
14.2201
19.9043
15.2438
15.8013
14.8002
14.3308
14.824
14.2851
14.7764
14.5253
13.4865
13.2241
14.524
14.3085
13.6268
13.8726
15.1321
14.0132
13.9459
13.8896
13.1433
13.7135
15.4276
17.6058
14.5584
13.5467
16.2898
15.045
13.565
13.2108
13.9016
12.8042
13.7896
13.8281
14.5807
13.2
14.2138
13.3807
13.6088
12.8541
13.2167
13.3566
13.9439
13.3901
13.8714
12.5268
13.4973
13.2422
13.5838
12.5931
14.1577
12.4658
14.1027
17.6468
13.5586
13.2342
12.0486
12.638
13.9242
13.1773
13.3371
12.8781
12.4605
13.2261
12.8186
13.0009
13.0248
13.088
13.5293
12.7868
12.8265
12.9061
12.7768
12.5371
12.887
14.5359
13.4145
12.2043
12.7102
11.4374
12.5575
13.1594
12.3081
11.7582
12.4194
11.3722
11.997
11.8457
12.4492
12.7358
12.8491
12.9
12.3562
11.8436
12.3294
11.4766
12.0807
11.9428
12.6989
12.3149
12.0248
13.5972
13.9831
12.1646
10.9339
14.1328
15.2597
11.8227
12.4149
11.8715
12.2262
11.7234
11.0921
11.5512
11.3875
11.4096
11.6676
11.4763
10.8011
12.4639
11.2948
11.5596
10.5302
11.3346
10.8888
10.842
10.8648
15.1623
11.0044
11.2205
11.7271
12.0148
11.5557
11.1193
10.6248
11.3385
10.9395
11.6456
10.4714
10.6204
11.2364
11.5157
11.2568
10.5224
11.1213
10.6676
10.7547
11.2597
12.0039
10.96
11.902
10.8148
11.0831
11.4091
10.9556
10.8868
10.5273
11.1224
10.9592
10.1697
10.8537
10.2913
12.2909
10.3993
10.427
10.8103
10.4388
9.9547
10.8372
11.016
10.4918
10.1746
9.7779
10.6255
10.76
10.7168
11.1288
10.8675
9.7178
10.3932
10.9843
10.1667
10.9464
10.4162
10.6581
10.7067
10.6705
10.5194
10.603
10.2986
10.7726
11.3202
10.6662
9.7931
12.5137
12.8305
11.4365
10.4663
11.8247
12.6707
10.6783
11.4301
9.8514
10.6444
9.9002
10.0209
10.942
10.93
9.5712
10.8103
11.0355
10.0297
9.653
10.7492
12.7144
10.6505
10.2661
10.5895
11.2303
10.3968
10.0657
10.4724
10.0882
10.6249
9.7088
10.7303
10.0961
10.4721
10.4309
10.6644
9.4144
10.1075
10.6687
10.6942
9.6624
10.6572
10.5913
11.023
10.691
10.8
10.3705
11.0152
10.4287
10.0695
10.2185
10.3187
10.491
9.6902
10.2489
10.3037
10.0481
9.5607
10.6242
10.165
9.6614
10.13
10.1013
9.6645
10.1868
12.2273
10.3651
10.2245
11.59
10.2549
10.1577
10.2101
10.0307
9.4438
9.9516
10.0353
10.0603
9.3499
10.4984
10.2913
10.3782
10.0743
10.6818
9.3246
10.3259
10.6629
10.0462
11.1123
10.0536
10.707
9.9396
10.8073
10.3729
10.2074
10.4357
9.6686
10.9199
10.4297
9.9746
11.2423
13.2827
10.7963
9.2256
9.9223
11.9772
12.1983
10.0495
9.4379
10.5525
9.9967
10.042
9.7487
9.622
10.1447
10.7401
10.1748
12.1989
10.7261
10.3144
9.5437
9.2427
10.3472
9.5561
10.1941
9.8112
9.6374
10.4914
10.3027
9.658
10.1206
9.7654
9.0917
10.06
9.9517
8.8137
10.5541
10.1286
9.0337
10.0893
9.4615
8.6453
8.7987
9.824
9.4402
9.0901
10.0513
9.1408
9.238
10.2465
8.9744
9.1262
9.7661
10.2145
9.0655
8.8228
9.0881
9.3412
9.151
8.9535
9.2722
9.6971
9.5448
9.1042
9.5922
10.0126
9.649
11.0041
9.728
10.7251
9.7918
9.3024
9.1322
9.4021
9.1267
8.9377
9.9103
9.6785
9.8424
8.4957
9.9118
8.7736
8.9787
9.9829
9.8682
8.924
9.1511
9.5815
9.1813
8.656
9.2765
9.7147
9.8636
8.6857
8.8192
9.5206
8.7871
9.0434
8.7355
9.6071
8.9143
9.0272
9.2717
8.8206
9.0809
8.6385
9.3646
9.5159
10.3013
9.8236
8.9056
9.1589
9.9569
10.3256
12.7966
9.7013
8.1101
8.4751
11.1218
8.8033
8.939
8.7127
8.7547
8.9539
8.4611
8.4662
9.1646
8.7244
8.6964
9.3942
8.2584
8.7677
8.9132
8.64
8.592
8.7033
8.5698
9.343
8.8579
8.6711
9.9165
9.1346
9.1165
9.5861
9.1942
9.0851
8.9853
9.3671
9.358
8.5488
9.0021
9.7688
8.7104
9.4184
9.1061
8.9903
9.0272
8.8153
9.7125
9.2954
8.7926
9.2178
9.1108
9.6063
9.4782
8.7813
8.6698
8.8272
8.7754
11.2651
9.9976
8.9297
9.1631
8.5704
8.3912
9.0309
8.4386
8.5301
8.9382
8.555
8.6633
8.4411
8.3984
8.6503
8.5289
8.7187
8.8868
8.1778
8.6431
9.0691
8.6697
8.7916
8.2949
8.6458
8.5515
7.8465
9.0404
8.8771
8.6942
9.175
8.6085
8.2555
7.9735
8.3575
8.2332
8.847
8.4907
8.3956
8.586
8.4107
8.3731
8.3245
7.8902
8.4185
8.4095
8.44
8.6292
8.3483
8.4096
8.1147
8.5008
9.1933
8.299
8.2251
9.7774
10.4926
11.3889
8.6176
9.6337
10.097
8.9056
9.1518
9.2039
8.6486
9.8823
8.577
8.9659
8.8891
8.5915
8.7115
8.4661
8.8849
8.1292
9.1034
8.5796
8.3018
7.9366
8.7666
8.8545
8.2327
7.9065
8.1913
8.3633
8.3485
8.5212
8.2442
8.0821
8.3402
8.1225
8.4922
8.7844
8.9927
8.628
8.2543
8.4822
8.432
8.1811
8.0342
8.3108
8.4213
8.9809
8.7119
8.1019
7.8782
8.9752
8.9401
9.076
8.5219
8.2168
10.0635
9.3427
8.3772
8.1343
8.0282
8.8897
8.3666
8.6372
8.2928
8.0215
8.1941
8.5484
8.5672
8.4651
8.349
8.5268
7.841
8.5323
9.0196
8.1723
7.7483
8.4757
8.0438
8.7811
8.378
8.8264
7.8424
8.4452
8.5546
8.2239
8.1341
8.8121
7.9747
8.237
9.2139
8.1717
8.9195
8.2478
8.7029
8.2963
8.2664
7.8056
8.406
7.91
8.3044
8.1445
8.1787
7.9257
8.1633
7.89
8.3299
8.4415
8.0768
7.8157
8.3803
8.0357
7.9009
8.2823
8.1779
8.0122
8.3031
8.5265
8.3038
8.1566
8.0966
8.4251
9.7525
10.3976
9.5776
8.7015
8.3525
9.6372
10.2537
8.1965
8.5704
8.2397
8.3048
8.653
8.0368
7.8632
7.72
8.6362
9.0119
7.9469
7.8679
8.1603
7.9179
8.3185
8.8631
8.0363
7.8123
7.8127
7.9876
8.4682
7.8031
8.0985
7.7817
8.0103
8.0495
8.5257
7.7058
7.8731
8.054
7.9068
8.0624
8.0648
7.8231
8.2764
7.3081
7.7928
8.3359
8.0769
7.5993
8.1274
8.5171
8.2406
8.4788
9.3493
9.3125
8.0885
7.4737
8.5949
7.9782
7.7545
8.0263
8.2409
7.6303
9.1023
7.9105
8.2465
8.0714
8.4671
8.5415
8.1345
7.4323
8.0765
8.1517
10.2129
8.186
7.8556
7.9241
7.9243
7.9041
8.259
9.0925
7.9444
8.205
7.4899
7.6812
8.3686
7.5059
8.2168
7.6088
7.8391
7.8716
8.4713
8.242
7.6413
7.8077
7.4245
7.9464
8.3453
8.0516
8.0846
8.2948
7.735
8.4037
7.8344
8.1255
8.0517
8.3728
8.6571
7.8578
7.8366
8.1203
7.4468
8.1483
8.8421
7.9551
7.5854
8.0494
8.0219
8.414
8.3174
8.0289
8.1887
7.8659
7.8596
9.3869
9.464
7.8458
7.3957
9.0163
8.3351
10.3851
8.0125
7.7657
8.2884
9.2637
10.4644
9.1973
8.2752
8.3701
8.0951
7.9219
8.1699
7.4623
8.0503
7.8585
7.7078
7.9483
8.5852
7.6653
7.696
7.6652
7.3862
7.9679
8.7648
7.4541
8.4133
7.8094
8.1074
7.9998
8.1278
7.8661
7.8226
7.8558
8.6675
8.1637
7.7811
7.816
8.181
7.2984
7.5295
7.9199
8.9171
7.5266
7.4054
7.3273
8.3746
9.2522
7.5986
8.4232
8.0892
7.6173
8.1399
7.8996
7.9733
8.0918
8.0935
7.7889
8.0798
7.7716
8.0582
7.7693
8.4641
7.7897
7.8771
8.2402
7.9727
7.8504
9.7184
8.1875
7.6617
7.6961
7.801
7.4936
8.3956
8.1344
7.8597
7.8053
7.9504
7.3273
7.8604
7.4627
8.3845
7.7509
7.625
8.2012
8.0519
7.8664
8.2739
7.8201
8.121
7.2726
7.5392
7.9835
7.8852
7.8749
8.0993
7.6715
7.7767
7.2143
7.5654
7.335
7.534
7.7913
8.1103
7.6619
7.7122
7.5889
7.4607
7.5717
7.671
8.4128
7.822
8.2652
7.5645
7.533
7.7702
8.6154
7.9179
9.1984
9.0243
7.7127
7.7571
7.7266
8.3777
7.4822
7.6131
7.6109
7.702
9.1834
9.5606
9.4612
7.5141
7.2735
7.7858
8.9024
10.1834
8.7192
8.2513
7.383
7.7338
7.712
7.9518
7.7616
9.0109
7.9631
7.7736
7.7713
7.5306
7.947
7.7966
7.8324
8.1235
7.972
7.4803
8.0276
7.6499
7.857
7.7701
7.9268
8.0361
7.4482
7.4128
7.5932
7.7108
8.0676
8.0159
7.3814
8.047
7.4604
9.3127
9.3963
8.3868
7.4934
8.0242
7.578
7.756
7.5909
7.5674
7.5922
7.5577
8.0172
8.1145
7.746
8.2315
8.4839
7.6171
7.4971
7.5387
7.8236
7.7988
7.787
8.6016
7.9268
8.0248
8.7437
7.6701
7.5584
8.0365
8.1554
7.9258
7.5969
8.1082
7.7737
7.6632
7.8881
7.8513
7.6579
7.843
7.634
7.5335
7.9594
7.4042
8.261
7.5378
7.6119
7.4587
7.9575
7.6072
7.7756
7.7443
7.9452
7.8482
7.5891
7.7048
8.0117
8.0241
8.3943
7.7436
8.0015
7.3799
7.956
8.044
7.8255
7.9131
7.557
7.6379
7.6546
8.3544
8.1549
7.974
7.9714
7.9715
7.583
8.025
8.0657
8.8291
9.6832
7.6769
7.7033
7.9974
8.1514
7.5535
7.9893
7.6631
7.6192
7.6638
9.2107
8.2167
9.6329
9.0759
8.9235
8.0055
7.8307
8.3062
8.8091
9.7354
8.1956
7.8391
8.4323
7.8976
7.6822
8.4993
7.6294
8.1153
7.8343
7.7842
7.8848
7.8156
7.7058
8.7487
8.3526
7.5077
7.8823
8.0561
7.9305
7.9482
8.1498
8.0155
7.8379
7.6173
7.6742
7.8758
8.0845
8.4635
7.8382
7.8773
8.8353
9.3744
8.4316
8.2542
7.9137
7.4595
7.6337
8.0508
7.5409
8.4953
7.8017
7.6304
7.5013
8.1452
8.0537
8.5803
7.7603
7.8099
7.8275
7.8068
7.4765
7.943
7.8268
7.9896
7.5676
9.4034
8.1154
7.3584
7.6711
7.4228
8.1947
7.923
7.6366
7.3113
7.5424
7.37
7.2937
7.6452
7.6145
7.5808
7.7315
7.6526
7.1504
7.5944
7.6917
8.1171
7.6293
7.4844
8.0757
7.6397
7.5995
7.9457
8.1592
7.9532
7.4859
7.5792
7.3853
7.5308
7.6628
7.7706
8.4164
7.7003
7.6042
7.308
7.5543
7.5529
7.6908
7.9378
7.2966
8.0274
7.5154
7.7346
7.4467
7.5257
7.6601
8.2355
7.9642
9.6613
7.3638
7.7464
7.3936
7.7953
7.2127
7.6255
7.6252
7.0941
7.4337
7.3309
7.664
7.4553
7.4255
7.7785
8.782
8.6147
7.4254
7.6293
7.3993
7.4738
7.8745
7.5226
9.7735
9.0701
8.5239
7.1712
7.2361
7.5325
7.1195
7.9925
7.9074
7.2537
7.3384
7.3625
7.5153
6.9783
7.4914
7.4836
7.6874
7.1521
7.5849
7.4192
7.2672
7.2689
7.371
8.4899
7.8897
7.817
7.5016
8.9601
9.073
7.1898
7.4431
8.0487
7.7535
7.4901
7.2727
7.5336
7.3357
7.1544
7.4738
8.037
7.6642
7.5769
7.2155
7.5801
7.4321
7.8293
7.3979
8.4114
8.1042
7.5655
7.626
7.3286
7.361
7.2797
7.2783
7.2673
8.5061
7.5837
7.7049
7.0721
7.5015
7.1374
7.7907
7.5289
7.7462
7.6453
7.5258
7.5357
7.431
7.5017
7.4891
7.4382
7.7571
8.4346
7.561
7.4675
7.161
7.5543
7.3826
7.4147
7.4992
7.7058
7.1602
7.4557
7.5227
7.2944
7.5183
7.2175
7.194
7.607
8.4882
7.6166
7.1711
7.3446
6.9948
7.601
7.496
7.7642
8.0737
7.1698
7.2762
7.1325
7.2745
6.9128
7.1061
7.2854
7.7666
8.5728
8.5381
7.3954
7.2767
7.1738
6.856
7.3539
7.8173
7.4458
7.0309
7.336
7.4595
7.4334
8.2261
7.027
7.2508
7.2805
7.3041
7.1286
7.3343
7.3418
7.3235
8.271
8.6015
8.9008
6.999
7.1589
7.4231
7.3343
7.3177
8.5495
8.3692
9.7157
7.5019
7.343
7.4386
7.3434
7.4754
7.2499
7.5503
7.5665
7.5232
7.7045
7.2272
7.5456
7.249
7.62
7.1744
7.4536
7.3577
8.2953
8.5204
8.7801
7.0398
7.5101
7.2362
7.4603
7.789
7.8186
8.0627
7.4378
7.3584
7.2925
7.2411
7.329
7.5149
7.8041
8.0937
7.4753
7.1924
7.397
7.5988
7.3982
7.3418
7.882
7.9345
8.142
7.3549
7.0858
7.7479
7.4427
7.3864
7.6006
8.7425
7.7814
7.4063
7.6237
7.9095
7.4775
7.7061
7.4381
7.241
7.6961
7.5748
7.6369
7.6368
7.6376
7.3512
7.7456
7.6109
8.0919
8.1312
7.4601
7.3644
7.1462
7.5166
7.573
8.037
8.2148
7.982
7.4418
7.2472
7.4266
7.3395
7.2291
8.162
8.0965
7.4342
7.5261
7.7431
7.5609
7.3425
7.6192
7.4674
8.2491
7.4771
8.4353
7.3598
7.5393
7.2712
7.8361
7.7609
8.0952
8.6766
8.6303
7.5177
7.4551
7.4036
7.3465
7.6664
7.9885
7.4042
7.6707
7.4592
7.3148
7.3756
7.789
7.3849
7.9732
7.3835
7.3282
7.858
7.3335
7.4595
7.2726
7.852
7.9084
8.7702
8.2809
9.6201
7.4498
7.2585
7.5842
7.9396
7.6848
8.8384
8.4844
9.7348
7.7386
7.5235
7.238
7.6265
7.8932
7.678
7.3515
7.8065
7.5161
7.6942
7.5579
7.7768
7.6225
7.4689
7.3678
7.3184
8.3344
9.228
7.2855
6.9483
7.7275
7.7696
7.741
7.3588
7.7718
7.2141
7.5366
7.5637
7.3265
7.9027
7.6966
7.3722
7.6476
6.9743
7.6607
7.5115
7.2517
7.6779
7.3689
7.1201
7.6628
7.6205
7.3359
7.3501
7.3678
8.2885
7.4438
7.4026
6.8104
7.0905
7.1744
7.1941
7.7622
7.7258
7.4372
7.3578
7.2097
7.1206
7.5701
7.3509
7.1409
7.8149
7.0574
7.1018
7.1644
7.0646
7.2666
7.2002
7.5097
7.0852
6.9905
7.2449
7.6096
7.2201
7.3483
7.6044
7.8458
7.8398
6.9612
7.5483
7.5977
7.2477
7.4195
7.2615
7.4937
7.583
8.211
7.4396
7.2325
7.8344
7.2343
7.1615
7.5317
7.4303
7.7964
7.463
7.7701
8.4238
7.2416
7.3338
7.1011
7.4599
7.5966
7.2931
7.2733
7.2364
7.1862
7.5134
7.5277
7.4539
8.7178
6.9196
7.3
7.1421
7.5113
7.7102
7.4032
7.1922
7.515
7.4974
7.3597
7.2224
7.3398
7.158
6.9976
7.6903
7.4688
8.6009
8.4201
8.6218
7.2058
7.2953
7.3817
7.3416
6.9289
8.1307
8.5943
9.2875
7.5834
7.5253
7.318
7.6009
7.181
7.3171
7.5985
7.208
7.3156
7.7746
8.9356
7.6797
7.2893
6.8591
7.7137
7.7038
7.3615
6.93
7.4813
7.2106
7.053
6.9864
7.3107
7.6277
7.0208
7.4147
6.9733
7.3
7.0905
7.5373
6.9732
7.5159
7.9087
7.3466
7.3582
7.0418
7.3317
7.2747
7.7587
7.1928
7.2761
7.1932
8.2962
8.5151
7.1596
7.2661
7.3022
6.9384
7.5352
7.7649
7.1823
7.4704
7.1228
6.9971
7.1951
7.8358
7.2383
7.819
7.1356
7.6032
6.9265
7.1984
6.9922
7.2289
8.005
7.6411
7.4086
7.0766
7.6566
7.1527
7.1349
7.2234
7.2638
7.8417
6.9887
7.8239
6.9512
7.6068
7.1456
7.2188
6.9789
7.5639
7.5916
7.6136
7.377
7.0614
7.3306
7.2267
6.9848
7.4701
7.6015
6.9895
7.4184
8.4177
8.3601
7.1952
7.2516
7.16
7.817
6.8614
7.1927
7.0747
7.096
7.063
6.9006
7.4954
7.4806
7.3869
7.0244
7.0701
6.9955
7.0901
7.0625
7.3998
7.8317
7.2263
7.2188
6.8567
7.2378
6.9844
6.9441
7.2354
7.3817
7.0953
7.1516
7.0068
7.1787
7.8722
7.892
8.0322
8.4219
7.1602
6.9646
6.9228
6.8759
7.2134
7.4428
7.1334
8.1962
8.1227
8.3098
7.3899
7.0437
7.2037
8.3015
8.8605
7.5638
7.2746
7.3864
7.02
7.0046
7.2165
7.1729
7.9934
7.5607
7.3412
7.3715
7.1992
7.2054
7.3407
7.2658
7.1121
7.9542
7.0571
7.0455
7.0996
7.4637
7.1663
6.8966
7.5112
7.9846
7.0824
7.2942
6.9093
6.9768
7.4543
7.6553
7.8624
7.9876
7.8319
7.2444
7.3032
7.2215
7.2837
7.3387
7.5396
7.836
7.5245
7.3105
7.1292
7.492
7.2935
7.0808
7.5302
7.5959
7.5977
7.7337
7.4733
7.1128
6.9941
7.3648
7.2183
7.375
7.5119
8.0139
7.157
7.2861
7.1202
6.8482
7.3087
7.6575
7.5624
7.0998
7.4056
7.2924
7.0746
7.2836
7.1323
7.4571
7.8495
7.4312
7.2856
7.4993
7.1184
7.2846
6.9414
7.3418
7.8861
7.3279
7.0963
7.7588
8.7763
7.0428
7.1678
7.5294
7.9433
7.202
7.1522
7.4313
6.9322
7.2303
7.3904
7.0754
7.9388
8.0835
7.3511
7.1849
7.0841
7.2836
7.1185
7.2114
7.3726
8.4401
7.1138
7.3819
7.0889
7.5671
6.8429
6.9829
7.1749
8.0294
7.4796
7.2145
7.2875
7.1237
7.1848
7.1291
7.7049
8.8464
8.8048
7.3257
6.9541
7.229
7.0129
7.2405
7.032
7.3341
7.7445
8.4004
8.006
9.0084
8.4975
8.2317
7.2274
7.403
7.6006
7.3952
7.1797
7.1871
7.1163
7.1786
7.1559
6.9942
7.0692
8.2806
7.6626
7.0418
7.0597
7.4727
7.3012
7.0851
6.9458
7.5054
7.7069
7.1217
7.2026
7.3317
7.0195
7.481
7.2766
7.1237
7.2878
8.1628
7.3992
7.3705
7.3435
7.9771
8.5505
7.2805
7.3875
7.7516
7.1457
6.8624
7.5883
7.0407
7.5892
6.9524
7.4645
7.4979
7.2356
7.1177
7.3744
7.3376
7.4695
7.4342
7.3041
7.9461
7.3494
7.7639
7.2496
7.2596
7.5654
7.1553
7.9478
7.5789
7.4562
7.198
7.119
7.2701
7.4582
7.3552
7.4361
8.1056
7.5473
7.815
7.9231
7.7148
8.1244
7.8534
7.7943
7.9008
7.7344
7.3513
7.9051
7.6896
7.9016
7.235
7.631
9.3335
8.8472
7.268
8.0551
7.0161
7.352
7.4519
7.3771
7.6987
7.4249
7.0589
7.4604
7.4388
7.2563
7.5576
7.3253
7.7015
7.3476
7.1821
7.3043
7.3453
7.0631
7.2271
7.5559
8.0029
7.1196
7.2074
7.2979
7.2847
7.6397
7.2625
7.3393
7.9907
7.4361
7.1079
7.4836
7.0312
7.7577
8.4877
8.3411
8.8887
7.8741
7.3901
7.4129
6.9078
7.15
7.4784
7.3176
9.1327
8.1402
8.9938
8.1675
8.9354
7.4673
7.7427
7.0931
7.8173
7.2766
7.0758
7.3055
7.6393
7.3133
7.9186
7.3821
7.2877
7.8261
7.34
7.4873
7.3705
7.4999
7.6845
7.606
7.432
8.0876
7.4711
7.4345
7.4044
7.8519
7.5098
7.0775
7.6612
9.0022
7.2029
7.2737
7.2113
7.4682
7.3091
7.7495
7.2251
8.0876
7.4931
7.3395
7.2199
7.4628
7.4958
6.957
7.7466
7.6712
7.4058
7.3202
7.6235
7.0001
7.6263
7.1485
7.0437
7.9472
7.0549
7.1889
7.2138
7.3037
7.0233
7.4433
7.4228
7.7889
7.3596
7.4774
7.0305
6.9514
7.2189
7.459
7.5793
7.5298
7.9063
7.5492
7.314
7.0207
7.2847
7.2264
7.5273
7.7725
7.7125
7.3863
8.6809
9.1522
7.3126
7.4642
7.4351
8.2632
8.2386
7.6044
7.5983
7.4238
7.2635
8.1521
7.6022
8.1712
7.6224
7.1796
7.2878
7.6977
7.4468
7.5794
7.17
7.323
7.2131
7.8121
7.8123
7.0897
7.9914
7.1047
7.4982
7.4471
8.1706
8.0142
7.7774
7.2337
7.3387
7.3222
7.4094
7.577
7.9636
8.0967
7.9015
7.2333
7.8038
8.8019
8.6105
8.6533
7.6977
7.854
7.5629
7.7983
7.5987
8.1275
9.786
8.517
9.547
8.4379
7.544
7.9603
7.3896
7.5136
8.1215
7.2528
8.2391
7.7493
8.4417
7.7845
7.8865
7.6795
7.7608
7.5549
7.8626
7.3909
7.5992
7.1522
7.4902
7.7572
7.5032
7.729
7.579
8.7899
8.1006
9.0136
7.6514
7.5483
7.4741
7.5727
7.7493
7.959
7.4044
7.3765
7.5233
7.4627
7.4904
7.5385
7.7087
8.6587
7.7113
7.5319
7.4303
7.4827
7.3512
7.4635
7.3776
8.4434
7.0681
7.3489
7.1208
7.6365
7.4733
7.5098
7.4953
7.2831
8.4591
7.5587
7.3158
7.2856
7.7183
7.3916
7.5935
7.3444
7.7971
7.1125
7.2635
7.6808
7.045
7.493
7.3515
7.6573
7.3781
8.124
7.1245
7.9036
7.9847
7.3642
7.5176
7.3235
7.3185
7.5844
7.9316
6.9171
7.6787
7.1496
7.2755
7.4335
7.5013
7.7179
7.8907
7.5607
7.7243
7.4684
7.0994
7.1214
7.4506
7.373
8.2487
7.7328
7.7217
7.5562
7.1465
7.115
7.3558
7.166
6.9221
7.4734
6.9834
7.4015
7.0974
7.3185
7.3584
7.3855
7.401
7.6941
8.0759
7.1674
7.8507
6.9609
7.2123
7.2703
7.388
8.5647
8.5028
8.1179
8.1838
9.1698
7.1815
7.0992
7.1589
7.1878
7.456
8.6527
8.3481
8.5359
7.1236
7.4588
7.1181
6.9359
7.2234
7.1566
7.6574
7.6486
7.6513
6.9774
7.1998
7.1705
7.0536
7.4165
7.3328
7.1274
7.5406
7.1579
7.1602
6.8558
7.3045
7.4963
9.2614
7.6685
7.9081
7.5749
7.1735
7.1013
6.9816
7.2359
7.0618
7.5062
7.1044
7.492
7.0269
7.32
6.8982
7.2812
6.9537
6.8942
6.9457
7.19
7.5881
7.0184
7.1999
7.0027
6.9138
6.9434
7.6099
7.5563
7.088
7.58
7.3143
7.0343
7.1554
7.1056
7.4475
6.8398
6.9366
7.303
7.4985
7.3073
6.9875
7.2874
7.2078
7.3335
7.6406
7.3307
7.4535
6.9104
7.199
7.0796
7.4616
8.915
8.6079
7.1315
6.868
7.6744
7.3294
7.7623
7.1283
7.6699
7.2106
7.5587
6.9624
7.6462
7.4928
7.1407
7.0883
7.1977
7.5147
7.109
6.9098
7.2436
7.0093
7.543
7.2473
6.9429
7.4121
8.04
7.4102
7.1455
7.3178
7.5154
7.2513
7.4283
7.3938
7.1887
7.5654
7.1429
7.5241
7.8596
7.5208
7.4806
7.3091
7.3753
8.0614
7.2666
7.6547
7.3645
7.4379
7.3023
7.3904
7.181
8.3014
9.4605
7.6306
8.1117
9.115
7.4892
7.346
7.4085
7.731
7.2954
7.46
7.52
7.4617
8.7106
7.9555
8.4846
7.4451
7.3824
7.6369
7.2289
6.9843
7.723
6.9477
7.2107
7.1829
7.4487
7.5009
7.2212
7.477
7.1388
7.0934
7.538
7.3502
7.2405
8.599
6.9422
7.2967
7.182
7.5274
7.3411
7.4165
7.1431
7.4841
7.4763
7.3677
7.4314
7.3799
7.4856
7.0108
7.2751
7.2722
7.5916
7.6047
7.3795
7.2566
7.3875
7.2754
6.9785
7.1776
7.3291
7.7923
7.3935
7.1634
6.772
7.5518
7.2045
6.9476
7.4567
7.8151
7.3883
7.2077
7.2035
6.9226
7.3499
7.1139
7.0423
7.2947
7.9957
7.3111
6.8174
6.9796
6.9275
6.9156
7.229
7.2826
9.0035
8.8669
7.1007
7.214
7.0431
7.1325
7.0306
7.0731
7.1468
7.7451
7.5651
7.3261
7.2864
7.1585
7.3435
6.7394
7.2627
7.623
7.4428
6.8287
7.0632
7.3446
7.0174
7.2799
6.899
7.2822
7.5013
7.6444
7.1186
7.1176
7.3161
6.7779
7.1205
7.2201
8.1177
7.1081
7.7976
7.4024
7.249
7.0076
7.1321
7.3607
7.1781
7.6676
7.2617
7.4758
7.3827
7.1131
7.3097
7.3164
7.2138
8.5116
9.3186
7.4446
7.2803
7.1338
7.2015
7.0154
8.2245
8.0941
9.0231
7.6131
6.9194
6.8454
7.2321
6.7255
7.1989
7.4209
8.1152
7.8959
7.9236
8.062
7.0557
7.2232
7.1824
6.9743
7.1032
7.875
7.1718
7.5737
7.1621
7.3343
6.9247
6.8811
6.9663
7.0651
8.4124
7.2717
7.3032
7.0775
7.0821
7.0129
7.2527
7.3678
7.7678
7.0043
7.1303
7.2784
7.0156
6.8969
7.0912
7.1386
7.3686
7.2372
6.7851
7.5603
7.1912
7.0584
6.9021
7.0901
6.9414
7.5757
7.1025
7.2767
7.2425
6.9777
7.197
6.6593
7.5153
7.6962
6.7715
7.0809
6.9818
6.9758
6.8792
6.6986
6.9273
7.3014
7.3961
7.0378
6.9865
6.7558
7.3924
6.7745
6.7822
6.905
7.3118
7.5471
8.6577
6.9988
6.9327
6.6524
6.8751
6.5752
7.4097
7.2636
7.0112
7.0357
6.9747
6.894
7.0648
8.0887
6.8781
7.6016
7.0495
7.1128
6.8439
6.9699
6.6347
7.2249
6.9709
7.3613
7.1281
6.8604
6.8991
7.0278
7.1478
7.0075
7.1037
7.2488
7.5891
6.9126
7.0249
6.8517
6.8264
7.1547
7.0207
7.514
7.0935
7.2523
6.9412
7.0746
7.3607
6.8821
7.3849
6.8258
6.8425
7.1114
8.2716
8.8303
6.8225
6.8926
6.9362
7.1445
6.65
7.3042
7.5726
7.0704
7.0048
7.053
7.0631
6.8125
7.637
7.8184
8.9322
7.84
6.9125
7.0978
7.031
7.3782
7.0255
7.2799
7.9947
8.534
8.1628
8.3585
7.3548
7.1325
7.1142
7.1703
6.9751
7.3995
7.4841
7.332
7.0286
8.0636
7.9733
7.0724
6.9261
8.1073
7.2701
7.1857
7.0334
7.0217
7.2073
6.8491
7.1393
6.9761
7.0443
7.0371
6.9249
7.1946
6.9655
7.3968
7.0206
7.195
7.3399
7.451
6.9732
7.1017
6.9473
6.68
7.3283
6.7939
6.913
7.1069
7.6235
7.0332
6.6316
6.9054
6.8565
7.0739
6.878
7.0113
7.5329
7.681
7.1515
7.0396
7.052
7.4596
6.8949
6.6429
6.8915
7.3252
6.9386
7.0806
7.8648
8.2999
6.9029
7.2425
6.5433
7.074
7.2081
7.0897
6.7438
6.6459
7.0889
6.7004
6.7352
6.8562
7.0533
6.7617
6.8212
7.2623
6.6823
6.9592
7.0574
6.5092
7.0493
7.2217
7.0054
7.0564
7.6904
6.7778
7.1104
7.183
7.3833
7.1664
7.126
7.1875
6.9195
7.5361
6.9531
6.9144
7.0162
6.8654
7.5542
6.5798
7.0533
7.0051
7.4289
7.186
7.0668
6.9578
6.9775
6.9122
7.0477
7.4615
8.0287
7.0769
7.371
6.7159
7.0169
7.3597
6.4824
6.8689
7.2122
6.9412
7.437
6.8957
7.2156
7.5065
6.9102
6.6316
6.9073
6.979
6.8333
8.1644
8.0633
8.9445
7.3554
7.3916
6.8401
7.4207
6.9648
7.3738
7.0852
6.8663
8.6678
7.093
7.3831
6.6851
7.2224
7.3731
7.4585
6.9752
8.8459
8.0795
6.8989
6.9395
6.8097
6.783
7.0834
7.3831
7.0086
7.3157
7.2095
6.758
7.0367
7.4756
7.1674
7.3432
7.3571
6.8684
7.468
6.7948
7.0295
7.0885
7.1829
6.8769
7.2022
7.5143
7.0522
7.4647
6.8134
7.0453
7.0917
7.0464
7.0028
7.2383
7.1602
7.35
7.1798
6.8525
7.2017
6.77
6.8124
6.9952
7.2541
7.1483
7.0853
7.2401
6.8163
6.9093
7.0948
6.7426
6.996
7.5232
8.5336
7.1233
6.9825
7.0235
6.9105
6.9529
6.9727
6.866
7.3662
6.8071
6.9873
7.387
6.9467
7.8177
7.2997
6.8483
7.2413
7.6122
6.9611
6.8035
7.042
7.2188
7.197
7.1768
6.9031
7.3146
7.7536
6.7696
7.066
6.7203
6.8947
7.0917
6.9133
7.0184
7.226
6.9233
7.114
6.8528
7.0121
7.1475
7.6177
6.9241
6.9157
7.4707
7.3621
7.0892
7.1264
7.0813
6.9589
6.7797
8.1883
8.1267
7.4581
7.3538
6.9044
6.8164
6.8163
6.8593
6.9176
7.0172
7.3012
7.4214
7.1598
6.8903
7.0945
6.9462
6.9624
6.9439
6.8447
7.4741
6.6707
6.6374
6.6624
6.7026
7.6111
7.4361
8.4772
7.146
7.4816
6.6665
7.0531
6.7702
7.0504
6.9427
6.8072
7.9048
7.4848
8.8759
6.8357
7.8272
6.9359
6.982
6.7585
7.1614
7.1469
6.6925
6.9929
6.6558
8.0266
6.943
7.5725
7.1035
6.9098
6.8206
6.7608
6.8844
6.8193
6.9143
6.7911
6.5445
6.8957
6.5566
6.9141
7.3733
7.344
7.1993
6.8408
6.8928
7.2504
7.2501
7.0003
7.1679
7.0375
7.3691
6.9087
6.9031
7.0053
7.1067
6.847
6.9689
7.4146
7.0304
7.4924
6.7501
6.9418
6.4696
7.1978
6.8544
7.1248
7.6122
8.5096
7.3264
7.0198
6.7658
6.6734
6.8619
7.0874
7.111
7.0708
6.6823
7.2354
6.7856
6.7037
6.7695
6.7137
7.4917
6.5889
6.9361
6.8478
6.9079
6.936
6.807
6.7929
6.8779
7.21
6.9928
7.102
7.0152
6.78
6.9254
6.6511
6.776
7.278
6.7996
6.8158
6.8315
6.8594
6.7914
7.3425
6.7594
6.9067
7.2804
7.1578
6.7279
6.6852
6.9111
6.6844
6.9384
6.9364
7.1314
7.3931
8.682
7.1669
6.6295
6.8554
6.6168
7.4156
6.6744
7.1904
7.0013
7.1852
6.9613
6.7025
7.4126
6.9796
7.1346
6.9187
6.8351
6.838
6.6899
7.0597
6.7784
7.1376
6.9044
7.2923
7.3548
6.8205
6.9499
6.6492
6.7559
6.925
7.4965
7.6687
8.7076
8.1163
6.9669
7.17
7.2571
6.8418
6.8976
6.8822
7.0117
8.8643
7.5313
7.9147
8.033
7.004
6.6409
7.1311
6.8085
7.1904
6.9627
6.8657
6.9631
6.8642
7.1675
6.7318
6.7139
6.9645
7.1276
7.1343
6.7045
7.362
6.8452
6.7444
6.8466
6.5891
6.9617
7.3013
6.8244
6.7141
6.733
7.4172
7.031
6.9496
7.0302
6.594
7.4973
6.834
7.058
7.0163
7.0384
6.6208
6.8294
7.0728
7.494
6.9312
6.5235
6.8225
6.9296
7.1273
6.754
6.9857
7.4932
9.1622
7.0684
6.9589
6.7323
7.1827
6.7114
6.8312
6.986
7.3415
7.1844
6.7747
6.5768
6.8397
6.9829
7.6274
6.9049
6.977
7.1819
6.9891
6.7885
7.0213
6.5761
6.9169
7.0341
7.1511
6.8744
7.0678
6.924
7.1979
6.7087
7.0592
6.8011
7.2698
7.1626
7.2287
6.9704
7.2502
7.1052
6.8015
7.0801
6.8486
7.2358
7.1115
7.5126
7.0229
7.1766
6.844
6.9684
7.0603
6.9751
8.2832
8.31
6.9336
6.8641
6.8659
7.2463
7.2061
6.9909
6.6179
7.2785
7.7372
7.0917
6.7329
7.3741
6.7382
6.951
6.8471
6.8948
7.8721
6.9007
7.272
7.04
7.2892
6.9333
7.0905
6.8043
7.3239
7.5529
7.1141
7.2116
6.8458
7.1654
6.7638
7.4315
8.1702
9.2372
7.4147
7.1263
7.0285
7.0937
9.1247
7.131
7.2907
7.024
8.9473
7.6108
7.3844
7.4138
7.0892
7.0404
6.8561
7.2372
7.6963
6.8751
6.886
7.1177
7.1418
6.8676
7.088
7.0011
6.903
7.0854
6.7196
6.9487
7.2626
6.8213
7.0264
7.0337
7.7014
7.1259
6.8585
7.0813
6.6905
7.4429
7.007
6.9054
7.0007
7.5289
6.9666
7.0728
6.8748
6.67
7.4676
7.1006
7.0019
7.0717
7.0997
7.0486
6.6364
7.1
6.9891
7.5564
8.6029
6.9004
7.021
7.5764
6.9396
6.7499
6.8601
6.6804
7.37
6.9022
7.184
7.4658
6.9589
7.2499
6.941
6.8943
6.8767
7.3729
7.0462
7.1691
6.9456
7.4452
6.7423
7.0376
6.9485
6.9634
7.4651
7.5295
7.5014
6.8353
6.676
6.9206
6.9165
7.2564
6.8605
7.3088
7.2493
6.8817
7.0554
6.7731
6.8783
6.6547
6.9596
6.9625
7.5704
7.3042
6.9792
6.8061
6.8008
7.0236
7.5762
9.0834
7.3934
7.6709
6.9841
7.1077
6.9767
6.9534
7.0406
6.9357
6.878
7.2503
8.0376
6.9752
7.4645
7.174
7.0623
6.9693
7.0194
6.8216
7.6787
7.5033
7.2771
6.8503
6.9144
6.6914
6.9217
6.9082
7.2067
7.4028
7.0331
7.0625
7.2178
6.9179
7.0541
6.9343
7.4613
8.0743
7.672
7.4787
7.1376
9.0037
6.6279
6.8811
7.0089
7.082
6.8641
8.1528
7.7469
9.0959
7.2717
6.9582
6.8616
7.011
7.3551
7.0019
6.8702
6.8916
7.035
7.3289
7.4915
7.0353
7.4778
6.9194
7.3119
7.2965
6.7014
6.9
7.057
6.9015
7.1967
7.2309
6.7324
7.1285
7.1988
6.9729
6.9725
7.0235
7.1739
7.0442
7.177
6.7842
7.0756
7.3029
6.8652
6.8649
7.0316
7.1649
7.5057
6.8931
6.6888
6.6162
7.5531
8.9533
6.8814
6.864
7.0927
7.1173
6.6615
6.7576
6.636
7.108
6.8447
7.6976
7.3352
7.6616
6.8278
7.0857
6.7459
6.6535
7.3752
7.0136
7.1129
6.9087
7.1273
6.9975
6.7797
7.0294
6.7959
7.1095
6.8688
6.6581
6.9076
7.2706
7.1723
6.9762
6.625
6.9887
7.1311
6.7185
7.4548
7.2494
7.0766
6.4576
6.9528
7.0429
6.7485
7.2668
6.6945
7.178
7.1477
6.8897
6.747
7.5185
8.2087
6.8524
7.4135
6.4189
7.1706
6.9713
7.1638
6.9672
6.7845
7.0028
6.6997
7.1054
7.3819
7.492
6.796
6.6783
6.8734
6.7438
6.931
6.6768
6.9567
6.9297
7.165
7.0019
6.9664
6.8611
6.9435
6.9574
6.7515
6.8382
7.5461
7.2788
6.8282
6.8567
6.8963
6.7388
6.8628
7.6903
7.9666
7.4442
6.6274
8.7646
6.8171
6.9578
6.8896
6.7707
6.5082
7.0869
7.0864
6.9755
7.6715
7.1397
8.6477
7.2111
6.9371
6.9421
7.9065
6.9644
7.2248
6.9191
6.7038
7.0635
6.6987
7.0036
7.1632
7.985
7.1209
6.8776
6.6024
6.6381
7.0868
6.8173
6.8449
7.2682
7.3125
6.9132
6.4326
6.7268
6.9423
6.7246
6.7284
6.9504
6.7907
7.3453
6.6641
7.0293
7.1031
6.821
6.8015
6.4531
7.2117
7.1412
7.2823
7.5844
6.8988
6.6771
6.7021
7.1811
6.7696
6.8672
6.8479
6.5304
7.2866
6.7196
7.0068
6.6166
6.9152
6.8114
7.3151
6.8778
6.8476
6.9451
6.5439
6.7398
6.8728
6.6007
6.9537
7.39
7.0789
6.8691
6.9543
6.7986
7.0055
6.9355
7.0848
7.0735
7.0058
6.6288
6.7801
6.6407
7.1503
6.8605
6.9064
6.8172
7.3254
7.0732
6.6816
6.5362
6.807
6.9227
6.9064
6.7578
7.1941
7.3599
7.9231
7.0924
6.8523
6.6556
7.0766
7.0099
7.5665
6.8225
6.8783
6.8687
6.9492
7.0368
6.7266
7.3341
6.8321
7.1097
6.9262
6.7855
6.6206
6.7641
6.7869
6.6535
7.0905
7.0254
7.3113
6.7661
6.7642
7.1713
6.7007
7.1589
6.9856
7.1247
7.0057
6.9936
6.9873
6.5163
6.7548
6.6813
6.8855
6.6587
6.9183
7.9539
8.121
7.7691
6.6185
6.8412
7.0288
6.7107
6.6023
6.8728
7.3462
7.2477
6.6898
6.8061
6.7243
7.5829
7.658
8.0184
7.1513
7.1427
6.888
6.8345
6.6798
6.9354
6.8888
6.794
6.8406
7.0329
7.8558
6.7065
6.6543
6.6713
6.7366
6.6578
6.4453
6.7708
6.5787
7.1447
6.5844
7.0383
7.238
7.0352
6.9837
6.7056
7.1092
7.1205
7.2961
7.0726
6.8919
6.8717
6.6294
6.8987
7.0785
6.7946
7.8624
8.2515
6.8849
7.075
6.8992
6.8395
6.7406
6.7753
7.4719
7.441
6.7642
6.6894
6.8136
6.9672
6.9838
6.7933
6.8221
7.1716
7.2471
7.1372
7.252
6.6545
6.9665
6.6559
6.84
6.8361
7.0006
7.3838
6.7975
7.2325
6.5469
6.6548
6.7985
6.9579
6.8708
7.3493
7.0995
6.5692
7.181
6.7736
6.7389
6.8965
6.8055
6.9473
7.1922
7.2362
6.8203
7.1123
6.6273
6.7748
6.8871
7.0862
9.5066
6.8356
6.7271
6.7101
6.919
6.5932
6.7041
6.6083
6.7618
6.932
7.2773
6.7941
6.6327
6.7425
7.2747
6.6374
6.7133
6.7894
6.6771
6.7162
7.0937
6.7095
6.9643
7.1778
6.7208
6.8628
6.66
6.9112
6.4862
7.0005
7.3071
6.6695
7.235
6.4495
6.6139
6.6579
6.4214
6.8698
6.7293
6.9083
7.2679
7.0649
8.1623
6.7823
7.9533
7.3942
8.6004
7.0926
7.0364
6.7858
6.646
6.9245
6.7093
6.727
6.7056
6.9344
7.0209
7.922
7.3097
8.2582
6.8447
6.798
7.0053
6.7001
6.6434
6.816
7.5369
6.7707
7.0771
7.0249
7.0777
6.8021
7.1819
7.0236
7.2107
6.8952
6.7765
6.9704
6.6599
6.8394
6.9533
6.5704
7.1355
7.2554
6.8561
6.4942
6.595
7.1641
6.6852
6.9172
6.9327
7.3909
6.4189
7.2866
8.5172
6.7932
7.242
6.9045
6.9834
6.8644
7.2369
7.0209
6.4739
6.8721
6.7776
7.0351
6.9559
6.6382
6.7879
7.0332
6.8368
6.6128
7.2598
6.7374
7.1098
6.504
6.5118
6.846
7.2909
6.641
6.5972
6.8125
6.5195
7.1378
7.0292
6.8726
7.16
7.0149
6.8127
6.6252
6.7312
6.6896
7.037
7.2346
6.8084
7.2606
7.02
6.7504
6.6058
6.8652
6.5021
6.4887
7.1098
6.6014
7.5826
8.1422
7.013
6.8506
6.8331
7.0567
6.6904
6.7293
7.5367
6.9937
7.0621
6.6252
6.781
6.6081
6.6761
6.8085
6.9859
7.0386
6.9737
7.2642
6.4818
7.0354
6.7557
6.7267
6.5771
6.6844
6.8391
7.3554
7.3449
6.608
7.2533
6.6436
7.1095
7.0403
7.0418
7.0392
6.9668
7.2574
6.8679
7.1271
6.5042
7.1199
6.6975
7.0953
8.1493
6.6838
7.177
6.6545
6.969
7.3321
7.4989
8.4004
7.1258
7.5227
6.7611
7.2858
6.6824
6.8024
6.5311
6.6664
6.7757
6.7581
8.0127
7.448
7.8204
6.9511
6.9054
6.6398
6.7587
7.0983
7.153
6.9711
6.9012
7.1096
6.8452
6.8815
6.7137
6.7586
6.9622
7.4479
6.6882
6.8913
7.2513
6.642
6.9956
6.8262
7.0619
7.3176
6.6928
6.976
6.384
6.7513
7.1464
6.9872
6.6274
6.8227
8.4822
7.0325
6.9048
6.688
7.0258
7.369
6.5133
6.867
6.7263
6.9732
7.0858
6.8363
6.7645
7.1626
7.241
6.824
7.1034
6.829
6.7853
6.8535
6.7001
6.7493
6.9395
7.3621
6.9307
6.8162
6.899
6.7475
7.0591
6.7746
7.1249
6.7234
6.4949
6.7221
6.5652
6.4956
7.2434
7.2637
6.4448
6.8
6.8922
6.9705
7.3427
7.0074
6.7333
6.8258
7.2422
6.6281
7.0017
6.8823
7.2813
7.673
6.9104
6.8274
6.6646
6.8383
6.9174
6.9712
6.6234
6.6836
7.2843
6.4507
7.18
7.1034
6.8562
6.859
6.6027
6.7931
6.815
6.7986
7.1134
6.7639
7.5801
6.5032
6.7397
6.6042
6.8255
6.7294
6.8136
7.1966
6.7426
6.6779
7.2103
6.529
6.9336
6.5525
6.9697
6.5931
6.8583
6.8515
7.0156
7.2082
6.982
8.1651
6.9336
6.8514
6.8725
7.2546
6.8376
7.0511
7.3576
7.0258
8.3381
7.3664
7.51
6.9564
7.4049
6.7568
6.9996
7.3673
6.6495
6.7718
6.4938
6.6331
6.8165
6.8899
7.5899
8.1853
8.6898
6.7012
6.8442
6.7432
7.1121
6.6513
6.9895
6.9433
6.9821
6.8593
6.8155
7.0768
6.696
7.0323
6.481
6.8957
6.8594
6.7563
6.6778
7.2634
6.7921
7.0174
6.7391
7.1227
6.8342
7.3597
7.6093
8.6146
7.001
6.7535
6.902
6.9428
6.973
7.0058
6.9683
6.7806
7.1163
6.7607
6.8512
7.1809
6.9185
6.754
6.9035
7.4567
7.1231
7.0723
6.6337
6.9961
6.8051
7.0689
6.9948
6.8405
7.3802
6.8932
7.1055
6.99
6.7966
6.8027
6.4902
6.8118
6.5978
7.0401
6.8552
7.2488
6.9888
6.7984
6.834
6.5591
6.6767
6.861
7.1606
6.7161
6.5521
6.8187
6.798
6.6678
6.9367
6.9096
7.8567
7.256
7.478
6.5667
6.9812
6.761
6.7191
6.618
6.6473
6.9229
7.2081
7.1437
6.7967
6.6378
6.9917
6.632
6.8346
6.8822
6.8884
7.1541
6.8579
6.6772
6.7321
6.7144
6.691
6.7595
6.5873
6.8247
7.127
6.6511
7.1215
6.4979
6.7971
6.6639
6.7371
6.5303
6.8132
7.0526
7.0333
7.1186
6.5567
7.3389
8.4462
6.875
6.6477
6.5938
6.7274
6.6491
7.4258
6.8466
7.1703
6.7519
6.6367
6.8162
6.7744
7.2677
7.2013
8.3524
6.8186
6.7467
6.689
6.6068
7.0106
7.0106
6.8846
6.6147
6.869
6.6738
6.7521
7.3502
7.1614
8.0843
6.6867
6.4068
6.7976
6.9996
6.9017
6.9208
6.8544
7.273
7.0262
6.6353
6.6197
6.4859
6.3502
7.3255
6.5617
6.8437
6.7725
6.9905
6.5924
6.7248
7.0019
7.6769
7.8814
6.7881
6.3379
6.7652
6.5525
8.0326
6.6657
6.9265
6.6621
6.4649
6.6639
6.5285
6.4602
6.8556
7.1403
6.7261
6.6974
6.6889
6.7206
6.7787
6.9029
6.6062
6.7151
6.5722
6.8929
7.0681
6.8181
6.6696
6.8885
7.112
6.8526
7.1205
6.6684
6.9941
6.7424
6.6337
6.6288
6.5825
7.015
6.9066
6.7776
6.4438
6.8172
7.0737
6.6382
6.6447
6.4889
7.1352
6.711
6.7834
6.9477
8.7785
6.6283
6.7818
6.783
7.134
7.0346
6.8912
6.8107
6.9395
6.5781
6.824
6.7689
6.5631
6.7522
6.649
7.3455
6.8008
6.8119
6.6446
6.8273
7.0311
7.2212
6.8555
6.5224
7.1479
7.2478
6.769
6.9298
6.5708
6.9558
6.8659
7.0605
6.7864
7.2861
6.871
7.0728
6.8525
6.7463
6.6991
6.7345
6.7932
6.6106
7.072
6.975
6.7164
8.7666
6.8123
6.5609
6.7824
6.9501
6.7087
7.0581
6.7106
6.8117
6.8669
6.7814
6.7564
6.536
6.887
6.9014
6.6804
7.6051
7.5308
9.2297
7.0818
7.0792
6.6375
6.7287
6.7597
6.7411
7.3635
6.6149
7.2964
7.6024
6.9019
6.9535
6.9618
6.9914
6.7062
7.1589
7.1696
7.1702
6.862
6.6999
6.8619
6.7565
6.7255
6.7028
7.2236
6.9521
7.0727
6.5468
7.3634
6.8058
6.7378
6.8585
7.1988
7.6748
6.848
7.2203
6.8429
6.6059
7.0082
6.6034
6.7941
6.595
7.1783
6.9746
7.3234
6.9167
6.6439
6.8898
6.7039
6.7694
6.9779
7.0304
7.1982
6.7321
7.1592
6.8003
7.0218
6.8607
6.742
6.8192
6.6763
7.1728
7.3096
7.0897
6.9392
6.6226
6.8115
6.8431
7.0216
6.9329
7.5017
6.7682
7.0566
7.1493
6.9712
6.8652
7.0267
6.7268
6.8297
7.405
6.6717
6.7972
6.9156
7.5973
7.5266
7.0595
7.0377
7.4497
7.1428
6.7781
7.0439
6.7542
6.5898
6.9317
6.6041
7.1138
7.313
6.9364
6.6491
6.8639
7.0932
6.7035
7.1312
6.5779
6.9622
6.8592
6.7998
6.9404
6.9819
6.9601
6.9544
6.9235
6.6144
7.1529
6.9698
6.6682
7.2823
6.9338
6.7468
6.962
6.3806
6.9945
7.1504
7.0094
6.9556
7.4848
7.7945
6.5172
6.6867
7.3627
7.4204
6.8273
6.8205
6.819
6.7827
6.8398
6.8108
6.6097
6.8857
7.3561
6.6958
7.0075
6.8026
6.87
6.6745
6.8785
7.533
8.017
8.0531
6.9295
7.167
6.7342
6.8317
7.026
6.7027
6.7357
6.8619
7.6926
7.2937
8.5146
7.0313
6.9224
6.6785
6.7434
6.9257
6.776
7.1036
6.6892
6.6039
6.856
6.7946
7.1261
6.9763
7.0996
7.104
7.2673
7.1934
8.3566
6.7552
6.7592
7.6003
6.7323
6.8249
6.9045
7.2617
6.9926
6.838
6.9726
6.771
6.8017
6.8656
6.499
7.1976
7.2629
6.4363
6.7652
6.8753
6.8871
6.5598
6.7738
6.494
6.4778
6.8815
7.6281
6.4471
6.7747
7.0489
6.7039
6.8158
6.9303
7.0427
6.7646
7.7802
6.5198
6.47
6.675
6.6902
6.8057
6.7176
6.9086
7.1257
7.6143
6.7246
6.8855
6.9618
6.9772
7.1397
7.3219
7.9161
6.967
6.9697
6.8167
6.777
6.997
6.4437
6.806
6.7214
6.7017
6.9472
7.2377
7.0647
6.647
6.8944
6.6407
6.4931
6.4607
7.3361
6.7727
6.9036
7.142
6.7203
6.9424
6.715
6.8612
6.6741
6.8807
6.8892
6.7769
6.9542
6.8161
7.3835
6.6835
7.0682
6.9649
6.8598
6.8731
6.4297
6.7794
7.6697
7.103
8.5177
7.1213
7.1473
6.7651
6.7123
6.8924
6.7582
6.9438
6.9242
6.9395
6.7
6.5532
6.7698
6.9755
6.9982
6.9904
7.0329
7.7037
6.913
7.0763
6.9063
7.0167
6.6708
6.8748
6.783
7.9347
7.7706
7.7257
7.3361
6.9607
7.1323
6.9298
6.9397
7.0904
7.6394
7.6464
7.7947
7.2286
8.3251
7.1827
6.9472
6.9523
6.8558
7.0997
7.4232
6.5669
6.8689
6.6957
6.9515
6.6178
6.5548
7.1756
8.0572
7.0841
7.4586
6.9081
6.6805
6.9101
6.7846
6.8204
6.7227
7.0537
6.718
7.3153
6.7382
6.7027
6.7184
6.831
7.2014
6.871
7.1654
7.0663
6.8815
6.9053
6.743
7.0508
6.9133
6.7645
6.9822
6.6484
6.9458
6.8618
7.475
6.8036
7.0118
6.965
6.7832
7.0912
6.9817
7.0107
7.0746
7.3799
6.952
6.7478
6.5377
7.1026
6.8317
7.3833
7.0985
7.1996
7.2795
7.2745
7.2786
8.8215
6.8103
6.883
7.1134
7.2804
6.8953
6.7779
7.0172
6.8506
6.7395
6.9884
7.0812
7.3861
7.2385
7.2953
7.3095
6.8433
7.197
6.7585
7.3201
7.0912
7.4542
6.9751
7.5698
7.0266
7.0073
6.8359
6.9058
6.6754
6.8345
7.3581
6.8407
7.0095
6.7252
6.6322
6.8249
6.6315
6.7651
7.0328
7.2382
6.8135
7.5342
9.6694
7.2318
6.9336
6.8801
6.6879
6.9014
7.0415
7.0408
7.1663
6.4027
6.8115
6.9026
6.7461
7.0829
7.1232
7.3789
6.5545
6.6674
6.9278
6.7406
6.9514
6.6632
6.7942
7.0525
6.7952
7.2803
6.3547
8.0068
7.3202
7.0552
7.0511
6.6857
6.672
6.6199
6.8797
6.9969
7.014
6.7781
7.0624
7.3421
7.0444
8.2333
6.9212
7.0606
7.1062
7.1051
6.8211
6.6249
6.7189
7.0088
6.6715
6.8793
8.7633
7.1905
6.9424
6.6944
7.0198
6.7222
6.5954
6.5193
6.9091
6.9977
7.2022
6.973
6.7231
6.9121
6.79
6.7064
7.1658
6.9175
6.8865
6.8252
7.6413
7.0463
6.6806
6.8699
6.5956
6.9041
6.6656
6.7832
7.143
7.222
7.61
6.7741
7.0228
6.7845
6.9477
6.8582
7.04
7.4204
6.7464
7.1659
6.9764
6.6902
6.5229
6.7339
6.6311
6.8934
6.627
6.9674
6.8335
6.6349
7.2343
7.9819
6.8418
6.9737
7.1298
6.8452
6.7156
7.1294
6.9641
7.198
6.7514
7.2398
7.145
7.273
7.4563
6.8187
7.3459
7.1134
6.907
7.0986
6.8367
7.3925
7.2656
7.2193
7.0918
7.5542
6.9115
7.0854
7.0356
7.1252
7.4603
6.8085
7.0764
6.705
7.2669
6.7404
6.8553
7.18
7.3017
7.0205
7.2781
7.219
7.0097
7.9528
7.1495
6.8713
6.9345
7.3394
6.9869
6.7411
7.1718
6.7066
7.1878
6.8112
6.8438
7.0007
7.5068
6.9215
6.8045
6.5503
6.5419
7.07
6.8486
6.9223
6.771
6.9369
6.939
6.9788
6.8739
6.6431
7.2405
6.935
6.5695
7.6707
8.4498
8.7778
6.8695
6.938
6.6579
6.8232
6.4813
7.0664
7.7131
6.9348
7.6875
7.3049
8.3521
7.1317
6.7313
6.7269
6.99
7.341
7.3736
6.7692
7.2474
8.4746
7.0168
7.1269
6.9388
7.0666
7.1211
6.6841
6.9942
6.8974
6.9312
6.8382
7.2528
6.9313
7.4697
6.693
7.1409
6.8511
6.7253
7.0631
6.8878
7.5241
7.2377
6.8197
6.5941
6.8529
6.7862
6.8308
7.1707
7.0966
7.0147
7.7329
6.6657
7.1684
6.7767
7.2004
6.6266
7.0782
6.7754
7.5705
6.6801
7.0701
7.0334
6.5597
6.7334
7.4132
6.9168
6.6999
7.2615
7.1924
6.8052
7.2128
8.7948
6.8873
6.7209
6.8785
6.9723
7.2411
7.1709
6.6782
6.8379
7.007
6.9673
6.7248
6.9855
7.234
6.9927
6.8554
7.0854
6.7896
6.6773
6.8382
6.6762
6.7959
7.1188
6.5542
7.4198
6.5706
6.9492
6.7741
6.7617
6.5379
7.1178
7.14
6.9086
6.9933
6.7864
7.1136
7.2532
6.8635
7.1982
7.0968
7.8559
7.4985
7.022
6.9319
7.0735
7.0124
6.834
7.3838
7.1887
6.929
6.9755
6.645
6.7197
6.8776
7.1952
6.9394
7.6707
7.2578
7.0094
6.8555
6.5068
6.9242
6.9968
6.9299
7.1423
6.8483
7.1277
6.8747
6.6663
6.9241
6.6025
6.6661
6.8272
7.081
7.8683
7.5486
8.0642
7.5142
7.0001
6.8395
6.97
7.0393
7.1704
7.2134
6.6779
6.9492
7.6178
8.0828
8.1501
6.9502
7.2326
7.6782
8.2111
6.8895
6.8484
6.7792
6.9219
6.8104
6.8291
6.8053
6.6758
7.394
6.6825
6.5117
6.9757
6.8212
6.9586
6.7836
6.7515
7.0606
7.7087
6.934
6.9617
6.7284
6.8154
6.7839
7.1292
7.0768
7.0538
7.3035
7.1135
7.0021
6.6582
6.9394
6.8603
6.7264
6.9232
6.7616
7.8014
6.7774
6.7161
6.8442
6.7038
6.71
6.4067
7.3464
8.1413
7.272
6.8156
6.8791
7.2227
6.7066
7.8162
7.4804
7.0328
6.5413
6.5829
6.9909
7.1896
6.7401
7.0692
7.0572
6.7705
6.8884
7.2763
6.8753
6.9542
7.2298
6.7745
6.7198
7.1082
6.9579
6.6579
6.4871
6.6487
6.6929
6.8579
7.2885
6.6638
6.8739
6.9446
6.8673
6.8277
6.9536
7.0117
6.594
7.0099
7.1304
6.9216
6.8662
6.8013
6.7287
6.662
7.4987
8.7944
6.4741
6.5448
6.4749
6.6665
6.737
7.0489
7.4553
6.8965
6.7425
6.482
6.7212
6.6153
6.7644
6.4656
6.707
7.3708
7.1144
6.8262
6.4312
6.8071
6.854
6.7381
6.5999
6.7025
7.4417
7.0703
7.1313
6.788
6.8558
6.7958
6.507
6.5929
6.8594
6.9534
6.9584
6.5349
6.7962
6.819
7.5688
7.5146
8.5128
7.3993
7.1221
6.8351
6.9403
6.667
6.8802
7.243
6.8387
7.3814
7.5575
8.6122
7.2727
6.9179
6.7978
6.8121
6.8505
6.8839
7.0622
7.103
6.9739
7.0167
6.9943
6.6446
6.7092
6.994
6.577
7.1719
7.1156
7.0556
6.5612
6.7365
6.8405
6.829
6.7974
6.5897
6.5458
7.0965
7.0501
6.9949
6.6292
6.8798
6.8186
6.7279
7.3428
6.7667
7.0224
6.8818
6.6991
6.6436
6.3986
6.9656
6.9188
6.857
6.6023
6.6795
6.57
6.5587
6.9256
6.6328
6.7106
6.8762
8.2111
7.2943
6.9079
6.914
6.8683
7.048
6.8375
6.7203
6.7541
7.137
7.0214
6.9327
6.9815
6.5088
7.1552
6.9764
7.0115
7.06
6.5305
7.0014
6.5043
6.9585
7.0098
7.017
6.7498
6.5831
7.0369
7.2006
7.1017
6.619
6.8661
6.9787
7.1154
6.9209
6.7625
6.9949
7.5109
6.8666
6.8451
6.6877
7.0051
6.4164
7.2068
6.8894
8.2681
7.7336
6.8063
6.9679
6.5962
6.7351
6.7146
7.078
6.8046
6.7403
7.2742
7.0333
6.793
6.6842
6.9098
6.9232
6.9076
6.6853
6.6526
7.1908
6.6078
6.8716
6.5742
6.7019
6.5395
6.751
7.1827
6.6763
6.6634
6.6787
7.267
6.5153
6.7306
6.9057
6.6308
7.0202
6.6651
7.1884
6.9755
6.822
6.6856
6.8067
7.4759
7.5809
8.3553
6.9221
6.7127
6.7393
7.0423
7.7376
6.7445
7.2825
8.0112
7.2312
6.9432
6.8386
6.9993
6.7226
6.6689
6.8091
6.4497
6.9188
7.1516
7.0226
6.6902
6.6834
6.8954
7.0492
6.7372
6.7072
6.6718
6.8243
6.5541
6.4681
6.737
6.7338
7.1075
6.5892
6.8518
7.0312
6.7086
7.3312
6.4309
6.8942
6.8556
6.7896
7.1407
6.7184
6.9022
6.4837
7.3064
6.6074
7.0166
7.0694
6.8054
6.8852
6.6751
6.6431
6.9617
6.556
6.622
6.7612
7.025
8.1395
6.895
6.883
6.6609
7.4074
6.7889
6.8816
6.6865
6.7362
7.0089
6.7674
6.6039
6.7704
7.6053
6.6246
6.6704
6.8985
6.8057
6.9241
6.8811
6.6285
6.4116
6.4583
6.5968
6.9271
6.6674
6.7239
6.7889
6.9489
6.6107
6.4916
6.8912
6.808
6.6287
6.9492
6.7811
7.0349
6.6369
6.4437
6.9068
6.747
6.8498
6.8377
7.1399
8.5967
6.925
6.7191
6.5534
6.8367
6.6366
6.5548
6.8597
6.5547
6.7268
6.393
7.1865
7.2059
7.3163
6.8276
6.6389
6.5987
6.6682
6.667
6.6204
6.6731
6.4202
6.3652
6.6389
6.9891
6.6182
6.5618
6.8815
6.501
6.9832
6.9333
7.0427
6.5729
6.7309
6.7786
6.9436
6.6952
6.9213
6.6259
7.0183
6.8931
6.6541
6.8109
6.4574
6.9088
6.6366
7.1511
7.3633
7.65
7.7268
6.9485
7.1515
7.2439
6.7568
6.9385
7.006
7.2671
7.3622
7.4497
6.616
6.9748
6.4734
7.149
6.7378
7.2534
6.7446
6.7455
6.8364
6.7095
6.5942
6.6959
6.4302
6.6154
6.6229
6.7996
7.1798
7.6368
6.8212
6.9106
6.8732
6.7654
6.9017
6.778
7.2725
6.7255
6.6351
6.9226
6.7043
6.6864
6.8015
7.0149
6.5135
7.1988
6.7859
6.5906
7.3953
6.4537
6.9754
6.9166
6.7988
6.7128
6.6303
6.8114
7.4318
6.5385
6.9274
6.8179
6.665
6.5815
6.5622
6.6969
6.9348
6.544
6.6218
7.3232
6.5794
6.7647
6.9975
6.8648
6.8842
7.0315
6.7138
6.4594
7.0646
6.5313
6.5265
6.7513
6.5556
6.828
6.8361
6.7154
6.6307
6.8192
6.7615
6.7229
6.6823
6.7173
7.0188
7.0675
6.7262
6.7019
6.5967
6.9189
6.6015
6.4543
6.6034
6.9596
6.7276
6.3744
7.1767
7.8017
6.9982
6.6537
7.019
6.5705
6.8639
6.7957
6.6502
6.7512
6.6626
6.5293
7.2845
6.7419
6.8025
6.5792
6.9
6.6171
6.6782
6.8291
6.7181
6.7013
6.5599
6.8112
6.8848
6.7073
6.8111
6.7753
6.8551
7.0735
6.6496
7.1754
6.6397
6.9772
6.9314
6.6362
6.9786
6.6273
7.1208
6.9709
6.9988
6.6586
6.795
6.5099
6.7112
6.6556
6.6726
7.3935
6.9632
7.6158
7.5587
7.6002
7.3071
6.7774
6.7663
6.7371
7.6798
7.297
7.0613
7.4827
6.8486
6.651
6.9834
6.4922
6.4398
6.9586
6.5192
6.8555
6.6011
7.1033
6.5505
6.9184
6.8572
6.9546
6.8746
6.8974
6.6715
6.8548
6.5713
6.8465
6.7918
7.1564
7.0571
6.6578
6.7584
6.5805
7.0395
6.6993
6.5642
6.6098
6.9295
7.3482
6.5672
6.9817
7.0061
6.7306
6.7368
6.6378
7.2006
6.6496
6.6924
6.5056
6.8478
7.9005
7.1405
7.0371
7.0194
6.6801
6.546
6.9189
6.7086
6.7467
6.633
7.3772
7.3877
6.5353
6.4689
6.772
6.903
6.9299
6.5684
6.6912
6.5497
7.2258
6.7987
6.308
7.0273
6.5263
6.9763
6.7736
7.084
6.6583
6.5131
6.9202
6.6841
6.6862
6.3966
6.5672
7.0174
6.7169
7.5739
6.5289
6.8892
6.5209
6.6992
6.5506
6.6453
7.9428
7.1503
6.5915
6.7732
6.9184
6.6771
6.9256
6.8041
6.7425
7.3913
6.5524
6.4822
6.6271
6.4934
7.1753
6.8476
6.6741
6.4584
6.831
6.3131
6.9848
6.7179
6.5859
6.9147
6.8552
6.8603
6.7829
6.3701
6.6788
6.3386
6.6519
6.5239
6.7221
6.9823
6.6538
6.8392
6.5402
6.4345
6.5802
6.5417
6.9657
7.3683
6.9474
6.8538
6.5769
6.8111
6.6761
6.5231
6.5999
6.4206
6.634
6.8954
8.9751
7.1245
7.4352
7.3096
6.7585
7.2124
6.8899
7.2879
7.2499
8.0462
6.6213
6.6347
6.787
6.7112
6.6577
6.5963
6.5752
6.9065
6.783
6.8482
6.5019
6.5316
6.6081
6.6578
6.6168
6.4492
6.5501
6.3923
6.8247
6.5175
6.7879
6.3614
7.3063
6.706
6.6257
6.6509
6.3907
6.6429
6.7108
6.4467
6.7703
6.5359
6.9818
6.5947
6.4695
6.6488
6.9366
6.8506
6.6454
6.9349
6.9232
7.7859
6.5874
6.6289
6.6271
6.6487
6.6773
7.1556
6.7963
6.8682
6.581
6.6348
6.4845
6.5651
6.7977
6.4237
6.9596
6.5725
6.8042
7.3753
6.7412
6.6449
6.8884
6.7554
6.7835
7.131
6.6456
6.9805
6.5723
6.7774
6.716
6.805
6.5336
6.5338
6.6171
7.1661
6.7096
6.7681
6.5615
7.3352
7.1144
7.2443
6.8617
6.7571
7.0075
6.9898
7.6819
7.5285
7.0445
7.5139
6.944
6.9011
6.7698
6.9682
6.8344
7.0281
6.7922
6.6794
7.0679
7.34
6.652
6.7796
7.1775
6.9726
6.9762
6.7381
6.5143
7.2591
6.9548
7.4035
6.7742
6.9253
6.7366
6.7658
6.8321
6.5018
7.058
6.7633
7.3811
6.8269
6.4736
6.4805
6.7037
6.7501
6.6196
6.99
6.6572
6.8459
6.6814
6.8376
6.8411
6.621
7.3906
7.3342
6.6416
6.7685
6.3584
7.0638
8.7927
7.2006
6.7747
7.2289
7.4521
8.3068
7.1714
6.6375
6.7012
6.5563
7.8962
7.269
8.3024
7.2042
7.1774
6.7673
6.8805
6.7034
6.7544
7.5607
6.8543
6.7255
6.5808
7.1865
6.6066
6.5637
6.9502
6.6897
7.0086
7.4582
6.9361
6.5419
6.6301
6.9993
6.785
6.79
6.5593
6.5509
7.0282
7.1806
6.9268
6.6382
7.2448
6.5257
6.9148
6.6793
6.6197
6.7262
7.0448
7.0759
6.7605
7.424
6.9988
7.0437
6.6882
6.6749
6.7287
6.579
6.6219
6.4508
6.681
7.2293
6.7022
6.8977
6.6413
6.6006
6.5151
6.6546
7.0761
6.6964
7.0697
6.5515
6.7533
6.735
6.5197
6.8811
6.6784
6.5239
6.5107
6.4725
6.7379
6.6044
6.9258
6.7634
6.8265
6.409
6.367
6.3892
6.661
6.6737
6.6329
6.7207
7.0095
7.0491
7.5056
7.5841
6.7646
6.4822
6.8479
6.5817
6.9182
7.1834
6.5332
6.7982
6.5463
6.9886
6.6236
6.3629
6.8893
6.5538
6.7461
6.5789
6.7018
6.8044
6.5409
6.7226
6.9701
6.6096
7.084
6.6657
7.0006
6.6257
6.6879
6.7283
6.9109
6.5161
6.7072
6.7281
6.5228
6.7668
6.5882
6.4907
6.7165
6.5997
6.9814
7.0585
6.8655
6.6528
6.7283
6.6594
6.6391
6.4719
6.5259
7.0601
6.8618
7.0679
8.5277
6.8008
6.735
6.5215
6.6668
6.6527
6.9058
6.7902
6.869
6.9935
7.0594
8.0841
7.194
7.0893
6.5973
7.1002
7.2577
7.0319
8.372
7.0936
6.75
6.5176
6.9841
6.6235
6.4639
7.0057
7.3513
6.7022
6.5251
6.5846
6.8078
6.7058
6.8092
6.6766
6.6456
6.8097
6.999
6.9096
6.6905
6.6551
6.6693
6.6363
6.888
6.8246
6.9819
6.7648
6.4421
6.6874
6.7009
6.6954
6.7473
7.8859
6.7248
6.6213
6.5189
6.5448
6.8801
6.7658
6.9857
6.758
7.0645
6.7395
6.8738
6.6374
6.8236
6.766
6.6613
6.9015
6.3752
6.6425
6.6733
6.5341
6.8154
6.6531
6.8298
6.3558
6.5635
6.8049
6.5419
6.5674
6.7217
6.4906
6.8199
6.6344
6.8017
6.4856
6.5189
6.5897
6.5444
6.6346
6.9719
6.697
7.0554
7.0909
6.8377
6.5548
7.9871
6.5584
6.5515
6.6566
6.9777
6.9153
6.5182
6.6961
6.5231
6.5284
6.7001
6.3715
6.6401
6.4936
7.1153
6.4851
6.2201
6.4994
6.8673
6.5957
6.4268
6.4172
6.5157
6.6243
6.8185
6.5007
6.5443
6.4723
6.5201
6.4982
6.6016
6.788
6.4988
6.7516
7.0424
6.5421
6.8815
6.729
6.4886
6.4897
6.5863
6.5117
6.7205
6.8216
6.4586
6.511
6.7746
6.7572
7.9654
6.7719
6.9683
7.161
8.3988
6.7651
6.7504
6.5293
6.5961
6.9267
6.838
6.6504
6.8105
6.674
6.8286
6.7301
6.9385
6.5761
6.8071
7.1089
8.0696
8.3571
6.7942
6.6674
6.3691
6.8919
6.9288
8.2642
6.9297
6.8062
6.7525
6.4593
6.734
6.7947
6.7703
6.6826
6.6335
6.4925
6.3231
6.9876
6.9786
6.6461
6.2146
6.379
6.7573
6.6734
6.4226
6.3192
6.3376
6.6484
6.5123
6.7924
6.3379
6.8296
6.6477
8.4658
6.752
7.3745
6.61
6.4607
6.8199
7.0763
6.8242
6.6719
6.5753
6.6942
6.553
6.4526
6.5175
6.4404
7.0793
6.612
6.756
6.6678
6.8248
6.9685
6.6161
6.7178
6.6187
6.7305
6.4685
6.4737
6.9053
6.7602
6.6176
6.4061
6.8356
6.3154
6.4108
6.6285
6.2959
6.5902
6.5527
6.4486
6.6274
6.2955
6.8454
6.5002
6.3193
6.8405
6.4783
6.777
8.2164
6.6569
6.5346
6.2928
6.5291
6.4789
6.4905
6.6848
6.5403
7.0292
6.7004
6.427
6.5695
6.4566
6.5412
6.5216
7.0345
6.9034
6.4846
6.4685
6.4028
6.584
6.5043
6.698
6.4898
6.77
6.965
6.431
6.6244
6.3374
6.6854
6.6984
7.2261
6.7391
6.7112
6.6393
6.4346
6.5544
6.4908
6.3838
6.4576
6.533
6.6012
6.5003
6.6316
6.8396
6.7064
6.8388
6.2796
6.4078
6.7364
8.4237
6.9383
6.3432
6.668
6.3677
6.6909
6.7669
6.3412
6.5685
6.3929
6.6932
6.5765
6.5204
7.1342
6.6893
6.3602
6.36
6.3107
6.7201
6.3147
6.609
7.5307
7.2639
8.1005
6.5478
7.4054
6.5562
6.9332
7.2069
8.0392
7.3794
7.0118
6.5857
6.5281
6.6617
6.6025
6.776
6.5319
6.4995
6.7623
6.6117
6.9572
6.4057
6.5623
6.6229
6.7179
6.4133
6.5737
7.1887
6.5076
6.9332
8.3999
6.363
6.556
6.4905
6.8587
6.4237
6.6664
6.6858
6.7208
6.9246
6.761
6.4655
6.4189
6.6356
7.1118
6.5447
6.5498
6.4502
6.4297
6.931
6.634
6.7001
6.3791
6.5034
6.6206
6.491
6.7219
6.3149
6.7581
6.7932
6.2091
6.9872
6.9069
6.481
6.6123
6.5017
6.9575
6.6619
6.9776
6.8062
6.6912
6.4956
6.5403
6.6764
6.6748
6.6545
6.6943
7.7539
9.5524
7.0821
6.5384
6.7969
6.5216
6.4252
6.8044
6.3924
7.0221
7.5993
6.6061
6.9697
6.6786
7.0573
6.8099
7.4427
7.3169
7.8695
7.8389
7.2984
7.3833
7.0927
7.6924
7.8998
8.1526
7.8006
7.836
7.8721
7.8212
6.8835
7.5747
8.1725
7.5997
7.6788
7.6739
8.0433
8.206
7.6128
7.9121
7.1899
7.2982
7.9445
8.2418
7.7281
6.7636
7.241
7.7777
6.6992
7.4146
7.7577
7.724
8.0552
8.2444
6.742
6.5359
6.6316
6.7492
6.8309
7.2867
7.6136
6.6376
6.537
6.954
6.6946
6.6679
6.5499
6.592
6.8977
6.815
7.3891
7.0511
6.8153
7.4459
6.7501
6.5436
6.6302
7.288
6.9449
8.0746
7.1832
7.0262
6.7699
6.8161
6.6847
6.7031
6.865
6.5893
6.7247
6.9525
6.8936
6.9038
7.0783
7.0128
6.6859
6.4404
6.9241
6.8712
6.7019
7.0324
6.5585
6.6666
6.5175
7.0004
7.4167
6.6766
6.5636
6.8509
6.9308
6.7472
6.4961
6.3524
6.8366
6.4141
6.7302
6.6513
7.0972
6.9602
6.7242
6.9849
6.7468
6.6408
6.4876
6.7091
7.1032
6.5031
6.6646
6.6534
6.4383
6.4585
6.2635
6.7623
6.4772
6.4738
6.6696
6.6372
6.5842
6.5236
6.571
6.5021
6.5656
7.1006
7.2365
6.7616
6.5757
6.7232
8.3012
6.5191
6.8014
6.553
6.8656
6.6954
6.6549
6.5522
6.4412
6.6569
6.6228
6.4912
6.3969
6.6952
6.6225
6.6176
6.8128
6.7016
6.6472
6.8368
6.7612
6.9888
6.4619
6.5982
6.5438
6.5885
6.5619
6.4416
6.7625
6.6616
6.5089
6.4593
6.5244
6.5684
6.2992
6.8676
6.7031
7.3629
6.5448
6.6649
6.7995
6.5556
6.587
6.7954
6.5184
7.2445
6.8563
7.1122
6.5615
6.2801
6.6523
6.963
8.4008
6.6153
6.7868
6.3273
6.5113
6.3862
6.5609
6.3686
6.5597
6.2816
6.6348
6.1892
7.4381
6.5627
6.952
6.8409
6.8087
6.5232
6.578
6.5395
6.9533
6.3933
6.4324
6.8134
7.1523
6.9148
7.4058
6.8136
6.4299
6.856
6.9859
7.4508
6.747
7.1366
6.9937
6.9091
6.7436
6.5381
6.4058
6.5771
6.8149
6.2892
6.6668
6.7977
6.5077
6.7726
6.4619
6.6948
6.5123
7.106
7.2997
8.3488
6.7178
6.4408
6.5175
6.5459
6.4834
6.4708
6.9521
6.6224
6.5089
6.3637
6.5751
6.3618
6.5379
7.0077
6.3924
6.4788
6.4999
6.857
6.4837
6.6543
6.3309
6.4616
6.2646
6.6356
6.7569
6.71
6.5097
6.5492
6.4811
6.8186
6.4091
6.7224
6.6874
6.6104
6.7772
6.8541
6.6032
6.6685
6.8517
6.9323
6.4594
6.7073
6.741
6.9611
6.3368
7.0076
6.4611
6.5592
7.8479
7.6851
6.6713
6.4008
6.8614
6.6559
6.4362
6.9832
6.4132
6.5813
6.6257
6.3155
6.8211
6.5642
6.814
6.7899
6.708
6.5918
6.5956
6.8028
6.586
6.5342
6.6774
6.9136
6.4484
6.6013
6.975
6.7849
7.1602
6.6334
6.9693
6.6683
6.6803
6.7611
6.7298
6.7029
6.4982
6.8854
6.7733
6.6352
6.6517
6.6796
6.7095
7.2713
6.814
6.9709
6.585
7.2806
6.9154
6.6628
6.922
6.4614
8.0745
6.53
7.1511
6.623
6.6839
6.8119
6.7647
6.8893
6.4869
6.6804
6.3491
6.7083
6.755
6.5835
6.6842
6.8382
6.8671
6.798
6.6206
6.8041
6.3474
7.049
6.7664
6.5569
7.4596
7.0146
7.6418
6.7437
6.7672
6.6763
6.5869
6.5339
6.741
7.27
7.0512
8.2428
7.2795
6.6476
6.8777
7.1419
6.7773
6.8556
6.4727
6.7782
6.5792
6.4149
6.6639
6.5558
6.8032
6.9557
7.1232
8.5234
6.6386
6.6262
6.5338
6.5471
6.8629
6.6983
6.9338
6.7385
6.7119
6.5072
6.4725
6.6511
6.3745
6.5401
6.6499
6.9244
6.8611
6.1369
6.588
6.6056
6.2914
6.1849
6.7535
6.3442
6.446
6.3243
6.5688
6.3294
6.2531
6.7783
6.3287
6.3288
6.7136
6.2416
6.4817
6.4832
6.6631
6.7967
6.5125
6.2749
6.2606
6.2788
6.5586
6.307
6.4597
6.564
8.4196
6.5524
6.3035
6.4116
6.4734
6.6122
6.4366
6.4011
6.2334
6.7476
6.1795
6.6138
7.0978
6.0895
6.3962
6.5505
6.378
6.1214
6.3994
6.9276
6.4157
6.2902
6.4458
6.6474
6.6645
6.328
6.2885
6.4929
6.5103
6.6083
6.1575
6.1677
6.5177
6.6623
6.6288
6.2087
6.4332
6.5281
6.5218
6.6904
6.2331
6.4114
6.575
6.5471
6.3428
6.4296
6.3962
6.3543
6.2492
6.6902
6.4289
6.9469
8.0503
6.8192
6.6098
6.6521
6.3309
6.5422
6.6527
6.3287
6.3071
6.3998
6.2976
6.4968
6.3248
6.513
6.7049
6.6743
6.5948
6.6954
6.5603
6.3657
6.1653
6.3834
6.3625
6.5017
6.4902
6.6167
6.9048
6.2642
6.4886
6.9401
6.9129
7.1794
6.4874
6.64
6.5239
6.4844
6.5071
6.7033
7.3494
6.848
6.801
6.6398
6.3131
6.3499
6.2856
6.8269
6.5556
6.4124
6.3905
6.5252
6.7179
8.1185
6.3413
6.4886
6.5792
6.4392
6.5506
6.7432
6.285
6.4119
6.3644
6.7046
6.5106
6.3926
6.5592
6.4879
6.4286
6.3122
6.4838
6.4974
6.3378
6.4317
6.2064
6.8157
6.6265
6.3173
6.5867
6.3782
6.3663
6.9196
6.7134
6.5198
6.565
6.2958
6.8609
6.1948
6.5484
6.1913
6.486
6.853
6.1362
6.2242
6.6316
6.5377
6.9348
6.4275
6.4385
6.9086
6.5327
6.317
6.2138
6.613
7.6823
6.5355
6.4834
6.4036
6.4874
6.5705
6.189
6.5559
6.4642
6.3075
6.7358
6.9955
6.2172
6.2974
6.6978
6.7439
6.9831
6.43
6.5474
6.1989
6.5782
6.7095
6.1825
6.7587
6.7106
6.3072
6.7245
6.4201
6.7267
6.6115
6.3307
6.6385
6.3979
6.6515
6.3907
6.9344
6.8435
6.2846
6.4516
6.5716
6.6313
6.5698
6.4588
7.4267
6.3839
6.4561
6.4285
6.1676
6.6391
6.191
6.7449
6.3973
6.4638
6.4147
8.215
6.6236
6.7243
6.7108
6.2229
6.3548
6.6325
6.3581
6.5386
6.0979
6.197
6.3607
6.3614
6.2861
6.4542
6.7158
6.7646
6.5988
6.3683
6.2328
6.5306
6.6218
6.667
6.8633
6.3124
6.6923
6.397
6.5812
6.9979
6.6284
7.8514
7.072
6.721
6.3187
6.3088
7.0028
6.4771
6.7282
6.7948
7.962
7.427
6.7821
6.5601
6.2418
6.3829
6.3297
6.3141
6.4993
6.3204
6.6895
6.7031
7.8563
6.5552
6.2413
6.7029
6.2222
6.3147
6.3566
6.4089
6.3296
6.5001
6.7449
6.3815
6.3214
6.476
6.8064
6.4006
6.3116
6.5973
6.304
6.4615
6.43
6.7498
6.5545
6.7256
6.4826
6.4831
6.3919
6.5915
6.4208
6.3966
6.5212
6.3457
6.5404
6.5874
6.1764
6.2932
6.5376
6.2131
6.2056
6.3769
6.413
6.1728
6.464
6.7997
6.309
6.3773
6.4804
6.6911
6.2841
6.3621
7.8118
7.8056
6.6516
6.5268
6.5973
6.4224
6.4907
6.4598
6.7094
6.2297
6.6004
6.4043
6.6001
6.8227
6.6689
6.6411
6.2916
6.7317
6.4576
6.6919
6.3454
6.5202
7.0344
6.3429
6.6157
6.4093
6.2908
6.2041
6.2649
6.5218
6.4092
6.177
6.5492
6.4033
6.6463
6.4273
6.2483
6.4331
6.552
6.6163
6.3379
6.5229
6.2086
6.4936
6.4244
6.3356
6.7311
6.2976
6.596
6.5874
6.4655
6.7399
7.5027
6.3497
6.7228
6.4427
6.3599
6.1324
6.5533
6.2645
6.2546
7.0763
6.2828
6.3398
6.4199
6.4313
6.6872
6.6648
6.2552
6.3062
6.1329
6.633
6.4883
6.4303
6.4229
6.3317
6.2761
6.4333
6.7885
6.5401
6.1552
6.3309
6.6244
6.381
6.6372
6.5206
7.157
7.3307
7.6965
6.5554
6.6766
6.1829
6.7329
6.4147
6.6236
6.9179
6.518
7.6873
6.9916
6.543
6.64
6.2855
7.1291
7.7792
6.3904
6.6267
6.476
6.6233
6.3453
6.5179
6.2769
6.7216
6.3912
6.3731
6.7448
6.3323
6.2782
6.3421
6.4211
6.6334
6.6078
6.686
6.5267
6.2525
6.7951
6.2527
6.3277
6.5854
6.3633
6.3865
6.4916
6.3015
6.7332
6.5192
6.3417
6.3291
6.7651
6.0648
6.6288
6.2781
6.6637
6.2886
6.4191
6.6159
6.3697
6.4929
6.5276
6.4029
6.5026
6.6866
6.2991
6.799
6.3841
6.6974
8.5198
6.6891
6.342
6.2245
6.8551
6.2546
6.5096
6.2978
6.9045
6.4984
6.4256
6.5979
6.4739
6.3437
6.4448
6.2999
6.2512
6.5872
6.4287
6.5477
6.1115
6.9242
6.3854
6.3734
6.4246
6.4397
6.4307
6.7921
6.3528
6.3477
6.606
6.8189
6.5257
6.5267
6.3713
6.3113
6.1582
6.64
6.3237
6.2761
6.4928
7.4509
6.8682
6.5628
6.2629
6.6565
6.4401
6.3953
6.447
6.3692
6.3246
7.3275
8.3478
6.5179
6.8612
6.4052
6.2983
6.3697
6.2936
6.2651
6.9872
6.438
6.66
6.3762
6.4322
6.8466
6.6122
6.1786
6.6281
6.5759
6.4802
6.4893
6.5347
6.3038
6.3587
6.3912
6.5994
6.2457
6.5189
6.3925
6.9022
6.2432
6.5247
6.3826
6.3315
6.438
6.3377
6.4628
7.2499
6.9934
7.7219
6.5145
6.3071
6.4578
6.2344
6.365
6.5937
6.228
6.5507
7.0757
6.8165
7.6642
7.578
7.4781
6.635
6.4247
6.3303
6.7035
6.5042
6.2721
6.8946
6.9576
6.4228
6.5405
6.4263
6.5286
6.268
6.1496
6.4851
6.2318
6.389
6.5923
6.4272
6.5631
6.4602
6.2152
6.9427
6.2224
6.7569
6.6928
6.765
6.5062
6.1342
6.4826
6.8137
6.4974
6.2855
6.1773
6.5089
6.3362
6.0881
6.655
6.4865
6.5842
6.3912
6.4099
6.5591
6.418
6.4743
6.5567
6.4529
6.4256
6.7668
6.736
8.3835
6.7183
6.4897
6.6207
6.5925
6.7143
6.2438
6.3818
6.4109
6.508
6.6077
6.8816
6.7006
6.6843
6.4364
6.5715
6.5089
6.3762
6.2655
6.6867
6.6169
6.4982
6.7339
6.2905
6.2992
6.49
6.4205
6.4209
6.5766
6.5068
6.5987
6.6771
6.2186
6.7129
6.4427
6.6414
6.2353
6.575
6.4115
6.4058
6.8694
6.2526
6.3821
6.5552
6.4047
6.7559
6.3471
6.3667
6.316
6.3241
6.6803
6.5239
6.6226
7.2872
6.6426
6.3272
6.5199
6.1508
6.3048
6.8083
6.849
6.5209
6.7378
6.4584
6.2993
6.7889
6.7735
6.4335
6.4405
6.557
6.6699
6.6628
6.282
6.3113
6.505
6.4232
6.415
6.4101
6.7573
7.0429
6.2911
6.3705
6.4543
6.4075
6.5606
6.3471
6.5846
6.483
6.3271
6.4446
6.445
6.3732
7.088
7.457
7.2407
6.7067
6.996
6.4308
6.3998
6.417
6.5804
6.5855
6.2489
6.4245
7.9264
7.2067
7.113
6.4199
6.4534
6.6782
6.5219
6.418
6.5448
6.5774
6.4753
6.7072
6.5803
6.7122
6.7456
6.5103
6.448
6.6266
6.4171
6.3991
6.4557
6.7898
6.6048
6.5996
6.4953
6.5866
6.5751
6.4742
6.6856
6.6758
6.5156
6.8021
6.5272
6.7108
6.2857
6.71
6.7051
6.5797
6.6411
6.4278
6.6037
6.088
6.3458
6.5578
6.0225
6.5531
6.2854
6.1239
7.1439
6.4233
6.7867
7.2888
6.3507
6.318
6.284
6.2693
6.2927
6.3466
6.5492
6.4032
6.5063
6.4244
6.3285
6.8214
6.499
6.4946
6.3631
6.3307
6.7569
6.4593
6.5995
6.7556
6.5514
6.6985
6.803
6.2282
6.4957
6.4632
6.7391
6.3716
6.8344
6.7061
6.3644
6.1831
6.3596
6.4202
6.2843
6.1981
6.2983
6.4147
7.3659
6.4827
6.6082
6.5845
6.4066
6.3601
6.3837
6.7877
6.2816
6.6828
6.5668
6.681
6.8431
7.268
6.5742
6.4971
6.3803
6.4008
6.2386
6.9642
6.5475
6.5267
6.4986
6.3794
6.4229
6.3671
6.459
6.4619
6.4983
7.0477
6.1504
6.149
6.4546
6.4652
6.6187
6.4182
6.6254
6.7836
6.4116
6.5127
6.5688
6.735
6.2209
6.6669
6.4143
6.7372
6.2903
6.3943
6.5087
6.8808
6.3044
6.5218
6.2101
6.4727
6.9639
6.979
7.7734
6.5633
6.5979
6.2215
6.269
6.5646
6.4833
6.6543
8.3319
6.763
7.0027
7.57
6.3285
6.4699
6.765
6.2654
6.4516
6.6489
6.1818
6.358
6.6532
6.1715
6.6911
6.3156
6.6431
6.2854
6.2579
6.5404
7.0452
6.8828
6.4306
6.3858
6.5096
6.3603
6.4863
6.4012
7.0443
6.3714
6.4568
6.5385
6.6193
6.5645
6.2961
6.293
6.359
6.1839
6.4774
6.5838
6.2922
6.7048
6.316
6.505
6.4288
6.2899
6.115
6.6013
6.9579
6.7533
6.5417
8.1945
6.689
6.3293
6.5943
6.4441
6.5329
6.439
6.3333
6.605
6.6997
6.5857
6.2767
6.3322
6.5165
6.6194
6.3242
6.6959
6.2755
6.4276
7.0111
6.4256
6.6346
6.3512
6.4478
6.5136
6.4633
6.4458
6.1656
6.8178
6.9135
6.438
6.5665
6.3563
6.6004
6.319
6.4108
6.8511
6.5696
6.3887
6.5983
6.3696
6.4241
6.4796
6.7379
6.3982
6.5347
6.4564
6.488
6.9788
6.3019
6.481
8.3695
6.7742
6.4413
6.5227
6.5215
6.3853
6.4252
6.7873
6.7856
6.5624
6.3285
6.661
6.2938
6.221
6.3486
6.5465
6.5573
6.324
6.2342
6.3712
6.4409
6.3472
6.0912
6.4359
6.6002
6.4308
6.8657
6.6307
6.3745
6.5533
6.486
6.5276
6.3765
6.3726
6.3715
6.1824
6.8384
6.7449
6.3274
6.8484
6.3467
6.4407
6.5476
6.2904
6.9091
7.0375
8.1939
6.5893
6.5579
6.4058
6.6585
7.6456
6.2725
6.2071
6.3464
6.7657
7.2816
6.6463
7.1062
6.4719
6.4655
6.8564
6.3965
6.3294
6.5939
7.0517
6.7598
6.9014
6.2553
6.3693
6.3449
6.3695
6.5656
6.325
6.524
6.9573
6.3237
6.6735
6.3003
6.2566
6.5807
6.6252
6.6944
6.4057
6.7993
6.8857
6.2363
6.7151
6.182
6.4041
6.6723
6.6661
6.5693
6.4209
6.8222
6.4632
6.4079
6.6705
6.2285
6.4792
6.2475
6.5894
8.6546
6.3051
6.8935
6.4925
6.5557
6.374
6.565
6.8461
6.1625
6.634
6.3826
6.4964
6.3542
6.4495
6.4052
6.2397
6.6194
6.4603
6.2588
6.2502
6.4021
6.708
6.7219
6.3599
6.2807
6.3466
6.9507
6.4095
6.3167
6.4786
6.3672
6.2903
6.3534
6.3698
6.8736
6.3817
6.5619
6.4855
6.3992
7.4705
6.7382
6.8134
6.3981
6.4747
6.6199
6.4192
6.8538
6.8207
6.6776
6.2635
6.4916
7.1169
7.6496
6.4988
6.558
6.4129
6.4321
6.3847
6.6462
6.628
6.4082
6.6524
6.4168
6.4379
6.3879
6.5773
6.4012
6.4013
6.8115
6.5481
6.5987
6.3192
6.5014
6.611
6.4956
6.3192
6.5029
6.6218
6.5831
6.3963
6.6194
6.3036
6.6367
6.6667
6.7243
6.4362
6.3914
6.7097
6.5472
6.8018
6.3235
6.2675
7.118
6.5632
6.5009
6.5537
6.571
6.6208
6.4257
6.566
6.9685
6.7806
8.3619
7.3916
6.6664
6.2941
6.6843
6.5009
6.461
7.7558
6.9918
8.229
6.4673
6.4688
6.6303
6.7964
6.3235
6.522
6.313
6.8563
6.3208
6.3947
6.5924
6.3693
6.4678
6.3399
6.5147
6.7729
6.8463
6.3373
6.4253
6.5679
6.237
6.2815
6.371
6.7314
6.3103
6.4999
6.4857
6.3605
6.4743
6.3881
6.48
6.3801
6.3897
6.6495
6.4049
6.8265
6.4193
6.1984
6.4104
6.568
6.3216
6.7401
7.9502
6.5596
6.1557
6.6292
6.6173
6.2977
6.6994
6.4635
6.521
6.3962
6.6066
6.5253
6.602
6.2744
6.3392
6.4491
6.5038
6.5007
6.5041
6.6297
6.6341
6.5188
6.3923
6.7588
6.5239
6.1725
6.6729
6.3114
6.9585
6.3621
6.3197
6.2918
6.2497
6.4656
6.437
6.4345
6.4355
6.7833
6.4679
6.6119
6.5023
6.1879
6.7145
6.2362
6.4982
6.4414
6.5982
6.4279
6.1987
6.7376
6.4515
6.1455
6.8118
7.9711
6.5764
6.4554
6.2762
6.594
6.3405
6.3285
6.311
6.4813
6.8342
7.077
7.0608
6.5225
6.4194
6.205
6.3386
6.0877
6.5777
6.2164
7.0539
6.3712
6.8267
6.2644
6.4025
6.845
6.5418
6.4397
6.5417
6.4368
6.4684
6.3389
6.3176
6.6935
6.4148
6.3766
6.2653
6.4284
6.436
6.3981
6.4074
6.3682
6.3202
6.3642
6.4907
6.8113
6.3309
6.3186
6.2673
6.7042
6.2557
6.8134
7.6703
6.5636
6.8549
6.5635
6.7069
6.4231
6.5356
6.7659
6.2544
6.4786
7.2243
7.4743
7.1584
6.3428
6.6086
6.5925
6.4656
6.6235
6.3023
6.592
6.5518
6.4931
6.907
6.385
6.4357
6.2821
6.6214
6.3558
6.6129
6.5264
6.2686
6.5652
6.5022
6.8672
6.3576
6.6907
6.8785
6.5073
6.3903
6.3473
6.6493
6.4088
6.7788
6.3913
6.3473
6.4844
6.9599
6.3357
6.4936
6.4968
6.8655
7.8168
6.7841
6.6194
6.553
6.5593
6.4517
6.5291
6.3634
7.0352
6.7701
6.3408
6.7595
6.1712
6.1849
6.7067
6.2878
6.4118
6.709
6.7184
6.6043
6.2832
6.6345
6.6207
6.3447
6.573
6.2863
6.4244
6.4282
6.3757
6.3288
6.257
6.3825
6.453
6.5916
6.9721
6.3364
7.0616
6.6011
6.3801
6.5115
6.3587
6.5817
6.3155
6.505
6.4464
6.7983
6.4666
6.4309
6.1817
6.3131
6.585
6.6555
7.0007
6.4512
6.757
6.3715
6.6724
6.5654
6.5565
6.2642
6.3917
6.2829
6.3992
6.6065
6.5426
6.3281
6.3252
6.4268
6.4483
6.3684
6.6759
6.1784
6.2803
7.296
6.8126
6.5303
6.3756
6.4416
6.6484
6.342
6.0352
6.5276
6.5993
6.7369
6.4415
6.5859
6.4272
6.647
7.073
6.4567
6.2836
6.5321
6.5599
6.7017
6.4304
6.9591
6.5648
6.4807
6.8927
6.3054
6.3045
6.4001
6.79
8.2826
6.6767
6.8416
6.7058
7.1929
6.9597
6.5348
6.1659
6.6135
6.3983
6.5067
6.432
6.5155
6.9188
6.9743
8.1865
7.1326
6.4901
6.5242
6.7697
6.5667
6.7463
6.3677
6.4297
6.4008
7.1162
6.5751
6.6392
6.4788
6.331
6.682
6.31
6.5444
6.1874
6.2778
6.8205
6.5082
6.4277
6.3952
6.764
6.3322
6.5798
7.3273
6.6995
6.4702
6.4181
6.2218
6.5369
6.3952
6.5424
6.6593
7.9686
6.7891
6.8219
6.651
6.3273
6.3721
6.4368
6.968
6.8835
6.2631
6.3835
6.2706
6.3838
6.7528
6.2981
6.3185
6.2819
6.3874
6.4802
6.4465
6.2079
6.2436
6.8027
6.7825
6.3707
6.4306
6.2608
6.3979
6.5204
6.3566
6.8993
6.3017
6.8058
6.7055
6.0966
6.7503
6.447
6.5849
6.3617
6.6024
6.6404
6.8156
6.5374
6.4786
6.3927
6.5325
6.4882
6.2247
6.398
6.3714
6.3783
6.7548
6.7092
7.5294
6.7905
6.3703
6.7058
6.3849
6.5884
6.3634
6.2511
6.4972
6.955
6.5021
6.5631
6.3302
6.4642
6.3591
6.4441
6.5899
6.5843
6.3735
6.7708
6.4456
7.3529
6.3721
6.3561
6.4873
6.557
6.5414
6.3347
6.6799
6.3485
6.1619
6.5411
6.3823
6.7717
6.5577
6.4066
6.5303
6.6625
6.8979
6.3384
6.6777
7.0122
6.2394
6.7539
6.6036
6.4766
6.338
6.3215
6.6345
6.2464
6.5506
8.397
6.6159
6.5038
6.1015
6.9613
7.1285
8.0114
6.9232
6.4509
6.2078
6.5233
6.4905
6.4256
6.5593
6.3154
6.4024
7.6252
7.0572
8.0173
6.6726
6.5258
6.295
6.2539
6.4217
6.1661
6.5002
6.3972
6.8526
6.4302
6.5938
6.4093
6.39
6.6246
6.4202
6.4809
6.8475
6.2473
6.4616
6.2701
6.5403
6.7168
6.6495
6.4591
6.3432
6.637
6.8046
6.3241
6.5584
7.0003
6.3132
8.5944
6.4166
6.6919
6.5454
6.534
6.5091
6.5134
6.5598
6.1898
6.5705
6.7161
6.7008
6.437
6.2716
6.8805
6.4602
6.1277
6.4848
6.2428
6.51
6.4519
6.5031
6.3256
6.703
6.9427
6.5738
6.8573
6.3235
6.6371
6.3246
6.514
6.3473
6.2584
6.4843
7.5313
6.3914
6.2842
6.3197
6.6264
6.7556
6.5388
6.4337
6.3713
6.4734
6.318
6.4616
6.4747
6.3196
6.7455
6.4301
6.4777
7.4147
7.7792
7.0686
6.397
6.4375
6.2351
6.5702
6.3386
6.4544
6.5821
6.3485
6.3731
6.8679
6.4871
6.4986
6.6435
6.6085
6.426
6.3588
6.4859
6.4181
6.3533
6.4945
6.2562
6.7
6.398
6.418
6.5366
6.6573
6.2416
6.4925
6.3743
6.4468
6.9494
6.9424
6.5655
6.4259
6.4576
6.5407
6.7971
6.4915
6.6265
6.3264
6.7751
6.2322
6.295
6.2651
6.4845
6.4731
6.4633
6.4463
6.9062
7.567
6.4987
6.4976
6.7032
6.657
6.4516
6.7409
6.2118
6.646
7.4193
7.1764
7.4114
6.4298
6.6006
6.4597
6.5786
6.6725
6.3395
6.9382
6.6489
6.4683
6.8998
6.8383
7.6019
6.1166
6.5245
6.4229
6.7443
6.6178
6.3919
6.5691
6.54
6.3808
6.8547
6.418
6.6414
6.3865
6.2794
6.173
6.4256
6.3345
6.3697
6.3181
6.4866
6.9971
6.2849
6.5095
6.6282
6.2861
6.547
7.6322
6.6352
6.4543
6.667
6.478
6.4216
6.5014
7.0081
6.5546
6.7298
6.4406
6.3104
6.7185
6.9802
6.6047
6.5544
6.6971
6.5365
6.4808
6.7267
6.4383
6.7192
6.3649
6.2125
6.4478
6.2439
6.8502
6.3001
6.3002
6.6319
6.3959
6.4084
6.3993
6.5634
6.4412
6.3887
6.6808
6.6816
6.484
6.3693
6.554
6.6787
6.4873
6.5217
6.3548
6.3214
7.0345
6.8772
6.4747
6.9449
6.4453
6.7592
8.3158
6.6497
6.7249
6.7582
6.325
6.4357
6.396
6.3813
6.6891
6.4945
6.6083
6.1923
6.592
6.8755
6.2701
6.2213
6.5215
6.31
7.0626
6.3973
6.4587
6.522
6.6643
7.422
6.3204
6.8031
6.7264
6.3048
6.5476
6.421
6.6389
6.3043
6.4135
6.8864
6.1398
6.49
6.6096
7.0758
6.5135
6.2394
6.5994
6.5544
6.7799
6.5727
6.6861
6.6559
6.3271
6.6896
6.2419
6.4145
6.4143
8.0073
6.7808
6.5197
6.4333
6.3865
6.5766
6.7794
6.2937
6.4777
6.3634
6.3613
7.366
6.7053
6.6954
6.5177
6.9431
6.3487
6.4703
6.3303
6.5133
6.4511
6.7354
6.399
7.1065
6.7821
7.6948
6.9739
6.3799
6.4777
6.2842
6.6495
6.6834
6.5363
6.5367
6.8433
6.625
6.9056
6.5635
6.4175
6.2212
6.3242
6.2462
6.3772
6.4274
6.5116
6.5197
6.4044
6.2934
6.4751
6.7231
7.4145
6.3736
6.5926
6.7487
6.7113
6.5445
6.5175
6.7169
6.4218
6.643
6.2976
6.3657
6.236
6.7395
6.9284
6.6639
6.2928
6.6674
6.7055
6.6386
6.4123
6.9723
6.8986
6.3637
6.5538
6.6084
6.5143
6.374
6.7279
6.1568
6.358
6.5034
6.472
6.6495
6.5322
6.3016
6.6884
6.7937
6.4384
6.6145
6.2577
6.6331
6.603
6.9511
6.8053
6.4934
6.4736
6.3427
6.7241
6.1556
6.3978
6.8562
8.2903
6.4987
6.563
6.4803
6.452
6.2644
6.4198
6.3522
6.5611
6.4774
6.2657
6.2699
6.5474
6.8248
6.5211
6.2416
6.2589
6.5476
6.5091
6.4731
6.5323
6.2808
6.478
6.3137
6.5038
6.3552
6.3909
6.3403
6.529
6.3881
6.2393
6.3522
6.3391
6.6383
6.2153
6.3679
6.4328
6.7577
6.5527
6.4737
6.7202
6.608
6.689
6.4992
6.2188
6.6442
6.2418
6.5186
6.8076
6.2114
6.9408
8.4939
6.6342
6.3883
7.0235
6.5048
6.4515
6.3976
6.4155
6.2636
6.6615
6.525
6.4377
6.4554
6.2839
7.1874
6.8076
7.3007
6.7001
6.6647
6.3411
6.6044
6.4006
6.652
6.3362
6.5086
6.6872
6.2916
7.2273
7.5368
6.847
7.291
6.4722
6.472
6.2467
6.4194
6.2981
6.4201
6.5618
6.3441
6.4705
6.4245
6.1849
6.4924
6.2733
6.316
6.7886
6.3662
7.0611
6.2524
6.4728
7.1418
7.6324
6.6776
6.5588
6.4486
6.6419
6.4403
6.8617
6.2153
6.6973
6.8732
6.5901
6.5331
6.4051
6.4916
6.4137
6.3595
6.4113
6.3417
6.4213
6.7459
6.6597
6.195
6.4581
6.3601
6.465
6.2814
6.379
6.3402
6.5061
6.2978
6.4851
6.4963
6.6213
6.4857
6.2992
6.3366
6.2539
6.3718
6.2827
6.1929
6.3868
6.4901
6.3829
6.3262
6.3505
6.4543
6.4895
6.6879
6.6598
6.2301
6.6916
6.4135
6.8223
8.9032
6.3596
6.4099
6.518
6.5917
6.7545
6.2986
6.6066
6.2139
6.5069
6.4611
6.3709
6.9256
6.6887
6.5068
6.3354
6.3064
6.4833
6.4018
6.583
6.6214
6.4514
6.407
6.6533
6.3226
6.7002
6.4378
6.3284
6.3513
6.3084
6.4901
6.5049
6.2673
6.459
6.9585
6.3093
6.6547
6.179
6.4258
6.4662
6.4319
6.4487
6.9852
6.3339
6.7561
6.2586
6.5783
6.2678
6.391
6.4617
6.4813
8.2296
6.4239
6.5646
6.3962
6.2483
6.6406
6.2307
6.4295
6.2219
6.5248
6.7608
6.3035
6.2271
6.5383
6.3473
7.0133
6.8127
7.0917
6.7345
6.601
6.371
6.1607
6.5041
6.182
6.2235
6.4151
6.5343
6.2857
6.5676
6.3307
7.579
6.5716
6.7194
6.4537
6.4715
6.9043
6.8485
6.6787
6.4679
6.932
6.3888
6.4726
6.3409
6.7282
6.5526
6.5731
6.3275
6.4752
6.7521
7.0841
6.4922
8.3397
6.4985
6.7693
6.6741
6.54
6.5812
6.4119
6.6256
6.3847
6.7607
6.2459
6.3287
6.534
6.3064
7.1944
6.6845
6.2645
6.7741
6.3396
6.284
6.3164
6.1813
6.6702
6.3603
6.6295
6.4165
6.2523
6.8369
6.3763
6.5435
6.2503
6.3894
7.5844
6.3541
6.5276
6.7595
6.8437
6.4419
6.6231
6.5798
6.5772
6.2037
6.3243
6.3954
6.8166
6.3617
6.6622
6.4748
6.2525
6.5874
6.4889
6.7477
8.3536
6.3757
6.2374
6.3244
7.3448
6.5078
6.3986
6.2108
6.8018
6.7203
6.7295
6.4883
6.2664
6.6335
6.4851
6.4195
6.3153
6.3875
6.8714
6.611
6.2831
6.4623
6.1962
6.4223
6.7318
6.2829
6.495
6.1179
6.3274
6.5769
6.3517
6.6629
6.6391
6.3823
6.6864
6.6014
6.6497
6.0597
6.2317
6.614
6.8158
6.6102
6.3006
6.8449
6.6965
6.3187
6.3798
6.223
6.6113
6.482
6.6563
8.4859
6.6347
6.3235
6.6071
6.4793
6.7588
6.4224
6.3739
6.7554
6.6674
6.5997
6.9122
6.2914
6.6102
6.599
6.8213
6.787
6.729
6.9436
7.5417
6.3229
6.6162
6.3382
6.4782
6.3694
6.3924
6.8433
6.9195
6.6956
6.4636
6.6865
6.6092
6.2945
7.0551
6.6961
7.985
6.7953
6.4425
6.5169
6.3659
6.8035
6.3296
6.413
6.4587
6.3925
6.6417
6.7121
6.389
6.4726
6.5004
7.9203
6.5253
6.5395
6.8482
6.436
6.6509
6.2822
6.4128
6.4948
6.622
6.2759
6.5436
6.4423
6.4102
6.3565
6.3181
6.4954
6.7925
6.3767
6.6464
6.3762
6.4738
6.4736
6.501
6.4095
6.3843
6.4175
6.6233
6.4249
6.7934
6.3817
6.598
6.3599
6.1934
6.9074
7.1399
6.5519
6.4711
6.5192
6.9324
6.5192
6.4091
6.2554
6.2455
6.9504
6.4716
6.6445
6.3319
6.1401
6.7335
6.1859
6.97
7.8672
6.6595
6.335
6.3317
6.8707
6.4825
6.2583
6.4566
6.4044
6.3917
6.446
6.4882
6.3873
6.3955
6.5482
6.7265
6.6411
6.4189
6.4169
6.5791
6.7724
6.628
6.5363
6.3871
6.4832
6.5971
6.6238
6.3363
6.4312
6.3676
6.4228
6.4878
6.2836
6.3186
6.4176
6.3351
6.7904
6.3218
6.6506
6.68
6.635
6.3776
6.3255
6.7709
6.3049
6.3665
6.8529
6.3269
6.9953
6.6693
6.526
8.3848
6.4238
6.6755
6.3002
7.0964
6.4337
6.3061
6.604
6.4381
6.5736
6.1329
6.4909
6.4142
6.6718
6.7521
6.7956
6.8242
6.6363
6.8364
7.127
6.8087
7.2707
6.7311
6.8704
6.3125
6.4559
6.4705
6.9154
6.4164
6.5803
6.4799
6.5028
6.3667
6.6302
6.5833
6.5318
6.2279
6.4636
6.9222
6.7181
7.3271
6.3847
6.6554
6.5059
6.543
6.4254
6.6674
6.683
6.3913
6.4562
8.7149
6.6253
6.5155
6.4622
6.2078
6.8228
6.2284
6.4387
6.4157
6.5075
6.6961
6.5322
6.8621
6.6092
6.5243
6.2807
6.3635
6.4831
6.2371
6.3652
6.5054
6.4144
6.6427
6.1257
6.5183
6.3191
6.2213
6.3623
6.5188
6.3076
6.5437
6.5373
7.1479
6.4143
6.447
6.4684
6.2389
6.5591
6.5657
6.6704
6.3348
6.6962
6.4699
6.4106
6.565
6.1947
6.7025
6.404
6.2843
6.5037
6.361
6.9286
8.2525
6.8781
6.4013
6.5105
6.8037
6.4679
6.365
6.1932
6.6324
7.1968
6.4822
6.422
6.4969
6.5825
6.4744
6.2358
6.5911
6.088
6.5588
6.8097
6.3715
6.6874
6.5961
6.4197
6.4462
6.382
6.5026
6.437
6.2225
6.2248
6.6632
6.3185
6.5454
6.7621
6.5784
6.5817
6.5279
6.3472
6.9331
6.2524
6.7603
6.5071
6.2297
6.5179
6.3427
6.4945
6.3347
6.4721
6.4705
6.6902
6.628
7.6627
6.5949
7.0531
6.4768
6.2947
6.6542
6.6615
6.7161
6.2702
6.5811
6.5374
6.4933
6.5944
6.3519
6.4006
6.4479
6.2865
6.3143
6.2013
6.488
6.2851
6.8302
7.0274
6.8301
7.916
6.6826
6.5809
6.1104
6.2681
6.5234
6.2483
6.7555
6.5426
6.2225
6.4499
6.19
6.6185
6.7548
6.3989
6.2617
6.3406
7.1813
6.7414
7.61
6.8934
6.2958
6.379
6.6434
6.667
6.4116
6.4372
8.5566
6.9292
6.3482
6.8348
6.4778
6.6318
6.7647
6.6552
6.5151
6.5827
6.1589
6.7078
6.4192
6.4898
6.6349
6.6431
6.3628
6.3738
6.6326
6.2975
6.2678
6.6605
6.21
6.2791
6.9931
6.3027
6.6338
6.2068
6.7453
6.9568
6.3444
6.4899
6.3035
6.4864
6.527
6.5659
6.2968
6.5341
6.4082
6.3965
6.2702
6.8945
6.4543
6.1595
6.5684
6.374
6.2749
6.4458
6.5568
6.3057
7.231
7.9236
6.4026
6.3026
6.7378
6.3022
6.4558
6.6098
6.8645
6.4432
6.8982
6.4323
6.7785
6.5915
6.5629
6.3859
6.7575
6.4181
6.1545
6.4884
6.3628
6.1847
6.3598
6.537
6.0921
6.4231
6.4636
6.5461
6.572
6.6168
6.5943
6.1763
6.4665
6.3551
6.4819
6.4087
6.4421
6.4441
6.4679
6.3496
6.6378
6.4306
6.2266
6.4823
6.3603
6.4609
6.708
6.306
6.4647
6.3296
6.6289
