6.95172e-310
6.95172e-310
145.671
133.813
126.549
123.631
116.492
109.474
105.947
104.576
101.421
98.1208
97.2924
93.8543
91.9925
98.1194
87.4293
86.588
82.1442
83.9038
79.7006
79.961
77.3515
76.3187
74.6363
73.3169
72.4837
70.7403
77.1172
69.5486
68.6745
68.038
67.5634
66.6581
66.1113
65.5496
65.2835
63.5984
63.4404
61.3388
61.2958
60.9073
60.642
60.5019
67.5713
59.7859
59.2863
58.0742
58.1275
55.6771
54.8443
54.3667
54.7508
53.5192
53.1629
51.7587
51.7715
50.9585
51.8088
50.8735
49.8311
49.3635
49.2542
56.595
48.4762
48.7186
46.615
46.4938
46.1574
45.5363
45.0329
46.3237
46.7807
45.3587
45.7253
46.202
46.1711
45.7478
45.7062
45.7867
44.6621
45.1702
44.8509
45.3522
45.4172
46.6356
50.8078
44.2215
44.9531
44.1276
45.53
44.1557
43.7014
43.4323
44.0413
43.2678
43.3259
45.1213
42.1474
42.0043
41.5549
42.2634
42.6544
42.8884
41.2083
41.8912
41.6932
41.017
40.7052
38.6059
44.5549
38.4004
38.7689
38.3531
38.2328
37.8892
38.8128
38.0099
38.2475
39.6673
39.4978
38.3115
37.768
38.198
37.3375
36.6069
37.7704
36.6965
37.3312
37.4827
36.3888
36.0733
35.6345
35.7298
35.1799
35.8672
35.5641
42.5815
37.397
35.2189
37.3646
36.1303
36.2695
36.1505
35.9124
36.0841
34.9654
35.3291
34.8618
35.1042
34.1993
34.9898
33.6788
33.7698
33.3377
33.3691
33.2731
33.0656
32.4363
32.6245
33.0704
32.4666
32.682
32.9876
33.2566
32.963
33.4775
36.227
35.8541
32.5726
31.7626
32.2314
31.0229
32.1055
30.9528
31.2245
30.8844
30.786
33.658
31.5808
30.7396
29.9971
30.7729
29.7648
30.4156
29.8051
30.0206
29.9911
30.2573
29.1087
29.6568
29.2266
29.5478
29.3978
29.5181
28.898
28.9215
28.8464
28.5947
29.0752
27.6864
31.9732
32.861
30.8675
28.3147
28.4758
28.4248
28.0526
28.1752
28.0876
28.4286
27.7293
28.2693
28.2004
28.5594
26.9344
27.2273
27.5078
26.4581
26.6354
26.4435
27.0738
27.0437
26.7964
26.9137
28.6515
27.0168
27.0098
26.743
27.3847
26.7005
26.9556
26.3166
26.7434
26.157
26.2934
26.3892
26.1516
26.4886
32.6994
27.5824
26.1247
26.5153
27.3396
26.6094
26.8527
26.8648
26.5735
26.5518
26.3885
26.9734
26.4604
25.9283
26.5911
26.0939
26.4789
26.0893
26.7236
26.0009
25.6018
26.6479
25.7298
26.6048
25.9145
25.5987
27.1313
25.4189
25.6506
25.2404
25.5848
25.4119
25.6374
25.4542
25.3461
25.5473
26.0889
27.1839
26.2027
29.553
30.4706
24.9874
24.7853
24.754
24.9364
25.0425
25.606
25.5352
26.7062
25.7124
25.7774
25.6747
25.4622
26.0537
25.3251
25.7965
25.1234
25.5223
25.634
25.1181
25.2715
24.8509
24.6002
25.1005
24.734
25.8861
24.7711
24.2525
23.9229
23.2321
23.5113
23.2766
23.1879
23.2857
22.8288
22.6581
23.2627
23.2927
22.8243
23.2543
22.9855
29.0319
25.1364
23.1082
23.3889
23.0182
23.4024
23.6816
22.9256
23.9743
23.3773
23.5483
23.5207
23.4459
24.0818
22.8675
23.4723
23.0062
23.8522
23.4209
23.0908
23.6259
23.1494
23.6454
24.2393
23.7568
24.3562
23.9651
24.0956
23.6653
23.2197
22.8455
22.7832
23.648
22.9367
23.7643
22.8876
22.9507
23.1919
22.495
22.177
23.3012
24.1522
22.771
22.6409
27.1613
26.1696
23.3177
23.0539
23.1276
22.7991
22.6175
23.0623
22.9533
23.4723
22.7014
22.6234
23.3187
22.7796
22.7169
22.8599
22.9084
22.4008
22.9059
22.1134
22.2429
22.6906
22.3563
22.7417
21.8755
21.9184
22.7252
21.9993
21.3527
21.6072
20.7472
21.8749
22.076
21.3083
21.3948
21.8181
21.4462
21.3864
21.5028
20.5446
21.4598
21.8866
21.2406
21.3377
21.5388
20.8889
21.5846
26.9821
22.0731
21.3188
22.4655
22.4293
22.0157
22.8502
22.5619
21.9214
22.4894
21.6388
21.2917
21.485
21.008
20.7949
21.3698
20.7235
20.4011
21.4776
20.4834
20.855
20.9328
20.4794
20.3253
20.2549
21.7624
20.7311
20.015
20.8384
19.9963
19.7196
19.992
19.7625
19.7588
20.3776
19.4627
19.1399
19.897
19.7634
19.6103
19.3864
19.2879
18.7318
20.4301
19.2169
18.0726
18.8686
19.1237
18.6757
19.4811
22.993
21.01
18.3319
18.429
18.8911
18.1306
17.9027
18.523
18.1773
18.3881
19.0614
18.5361
18.0785
19.8869
19.249
19.9171
20.759
19.6336
19.6132
19.9166
20.46
19.8455
20.0251
20.8585
20.2959
20.5148
21.0208
20.9012
21.1008
21.5118
21.3093
21.414
21.5175
20.9182
20.7774
20.721
20.3633
20.7976
20.637
20.4657
21.0204
20.7325
20.3779
21.0585
20.7418
21.5517
21.6834
19.9814
19.7128
19.9892
20.3687
22.3305
25.6126
20.4981
20.6394
19.7242
19.7803
19.4137
18.4712
19.5099
18.3259
18.6015
18.6547
18.2503
18.2912
18.2925
17.9235
17.9942
18.2365
17.617
18.0543
17.7205
17.6648
17.5343
17.5355
17.6114
17.8982
17.5248
17.1607
18.0527
17.2926
17.4876
17.3993
18.0022
17.152
17.1668
17.0313
18.1663
17.7347
17.5138
18.9402
17.9304
17.9419
18.2389
18.534
17.776
17.7587
19.612
17.8548
17.7628
17.3806
17.7016
18.2477
17.5574
17.7642
17.9394
17.9334
17.9218
21.0377
21.9981
18.2509
17.8984
18.297
17.7862
18.0067
18.0052
18.0833
18.2748
17.6661
17.6391
17.6034
17.7976
17.4785
17.8233
17.6431
18.1744
17.6602
17.7683
18.4212
17.8041
17.468
17.7721
18.3001
18.3387
17.6929
18.2239
17.4778
17.3438
17.3267
17.4892
17.6579
17.5776
17.6801
17.9359
17.2266
17.3577
17.1758
16.9169
17.1125
16.5147
16.8857
16.9515
16.8278
16.4449
17.2843
17.5632
18.2774
17.8593
17.9577
16.8815
17.3209
17.2828
17.6158
17.2685
17.1222
16.9591
17.4821
21.3121
19.6293
17.3542
16.7865
16.7347
16.4682
17.2079
16.8906
16.3478
16.2168
17.3426
16.8266
16.4275
16.8736
16.763
16.6825
16.7454
17.2304
17.2176
17.4948
17.4744
18.0615
17.382
17.8201
17.8113
17.4001
16.9408
16.8772
17.3868
16.8573
16.8184
17.0877
17.0788
16.5225
16.5044
16.9223
17.1924
16.7206
16.4026
16.8271
16.9596
16.4426
16.8137
17.123
16.5939
17.3984
16.602
16.6764
16.0903
15.9993
15.7059
16.3581
16.0327
15.9862
16.0655
16.524
15.9754
15.3586
15.7537
16.4464
16.453
18.104
21.3412
16.5489
16.5826
16.2335
16.8859
18.6048
15.9319
15.7446
16.158
15.4595
15.4116
15.1737
15.9876
15.8062
15.387
15.7151
15.9876
15.4695
15.3242
15.2044
15.6206
15.9038
14.9183
15.274
15.6544
16.1369
15.7106
15.7098
15.5311
15.9806
15.588
15.4067
15.5186
15.6481
15.0889
15.0488
15.1212
15.5849
14.9611
15.1031
14.5254
15.1621
14.8058
14.3641
14.6708
15.1412
15.4732
14.7739
14.8897
14.8917
15.3835
15.0083
14.9912
15.1163
15.1863
14.7621
14.9758
14.7078
15.1723
15.6061
15.6501
15.2287
15.2793
15.5961
15.0356
15.1409
18.5088
19.6897
15.1825
15.3434
15.3779
15.0917
15.0422
14.7917
14.3007
14.993
14.765
14.3516
14.3132
14.7377
14.6101
14.6147
14.6965
15.2048
14.4011
14.6161
14.7303
14.9447
15.2968
14.8912
14.8843
14.8953
15.3552
15.0062
14.8957
14.458
14.7108
14.848
14.7704
14.9591
15.2699
15.7368
15.3012
15.4476
15.0997
15.6612
14.9377
15.0808
15.081
15.7926
14.9727
15.0062
14.5621
16.4489
15.5358
15.1873
15.0475
15.603
15.0491
15.2307
14.9807
15.1511
14.8445
15.0191
14.9295
14.9375
15.3465
14.9145
14.7327
14.3052
14.3029
14.5062
14.9093
15.0649
15.6087
19.8723
16.3927
15.4145
14.759
14.9162
14.9771
15.319
14.9599
14.7531
14.4269
14.6079
14.4
14.2572
14.4971
14.555
15.0627
14.5763
14.6403
15.1606
15.2845
14.6375
14.4723
14.1413
14.6161
14.7758
14.5075
14.1957
14.4748
14.6842
14.2447
13.9149
13.9181
13.4184
13.6891
13.5941
13.8235
13.4374
12.8873
13.1245
13.7566
13.9348
13.8359
13.6419
13.6042
13.2485
14.5288
13.798
14.2753
13.7146
14.2305
13.5239
13.7999
13.3976
14.0225
13.8207
13.6797
13.5204
13.7344
13.2152
14.3185
13.2243
13.7049
13.3162
13.4789
13.2436
13.0261
13.5438
13.5272
13.6559
13.1615
13.8687
13.4965
13.7159
16.2683
17.4715
13.4913
13.467
13.6631
13.5391
13.1324
13.3944
12.8035
13.5116
12.8524
13.1302
12.5856
12.9248
12.7354
12.7764
12.5186
13.042
12.2661
13.2483
12.7534
13.3452
12.8587
13.2239
13.1088
13.2053
12.9823
12.9753
12.7802
13.1251
13.4741
13.5988
13.8852
13.2724
14.0829
13.5426
14.1457
13.484
13.6276
13.0803
13.4521
12.9691
13.2124
12.9605
13.4633
13.2309
13.1588
12.6884
12.9846
14.2309
13.6832
12.8874
13.2965
12.5415
13.1572
13.3057
12.9753
12.375
12.5801
12.3428
12.9135
12.5062
12.4654
12.846
12.7467
13.5898
12.7891
13.3281
13.0844
12.9639
14.0672
13.0061
13.1445
13.5283
13.6907
13.4313
13.2083
13.2677
14.6601
17.6844
13.1045
13.5284
12.9339
13.4945
13.8292
13.5838
13.142
13.7587
13.7686
13.8325
13.4923
13.8912
13.7889
14.1766
13.3863
13.6071
13.78
13.3317
14.5937
13.478
14.1108
13.8007
14.6652
13.8572
13.9175
13.3693
13.8518
14.3265
14.2718
13.4053
13.8162
13.3729
13.4678
13.2957
14.2414
13.3742
13.8508
13.3931
13.8407
13.3645
13.8808
13.9417
13.6962
13.5152
13.8111
13.1479
12.62
12.5269
13.1658
13.3104
13.1666
12.9609
12.7634
13.011
12.7732
13.4468
12.3109
13.0059
12.5836
13.3826
13.1897
13.2451
12.9253
14.2402
13.2967
13.843
13.0152
13.5442
13.7035
14.2465
13.9441
14.2344
14.0248
14.186
14.9352
18.516
14.2797
14.0465
13.9628
13.6303
13.425
14.0529
16.8469
15.0687
14.1728
14.267
13.9743
13.6321
13.7615
13.4729
14.6499
14.0182
14.6877
14.0147
14.8773
14.1263
14.5207
14.301
14.7303
14.0596
14.2263
14.132
14.3166
14.5879
14.2467
13.7266
14.1814
13.9939
13.8051
13.913
14.433
13.8215
14.3731
13.9508
14.147
15.8016
15.2895
14.2509
14.1363
14.3936
14.106
15.4637
14.7318
14.8813
13.9861
14.0706
13.6781
14.201
13.6378
13.5469
13.521
13.8116
13.2406
13.3981
13.8509
14.5409
13.9934
13.998
13.8712
14.4697
13.7108
13.8614
13.9496
14.2024
13.924
13.6183
13.4453
15.0497
18.5511
14.0251
13.657
13.8526
13.0867
13.6816
13.1383
13.3686
13.3866
13.5499
13.0504
13.7186
13.0294
13.2211
13.7023
13.5098
12.6146
12.5807
12.947
13.155
12.5391
12.3201
12.5817
12.5201
13.254
12.1941
12.4871
12.8496
12.7606
13.0227
12.9968
13.2321
12.7895
12.8358
12.6516
12.8751
12.3003
12.33
12.3259
13.1314
12.5953
12.5468
12.575
12.8687
12.857
12.4813
12.3912
13.1207
12.2703
12.6005
12.1687
12.7783
12.3604
12.2545
12.295
12.5248
11.8641
12.2729
11.7484
12.3358
12.4133
11.8396
12.8524
12.3785
12.144
12.2855
12.1603
12.2504
11.7916
11.692
12.234
11.888
11.2861
11.5082
11.9054
11.8076
11.7973
11.4459
11.4901
11.7051
11.5647
12.9314
15.347
13.4281
11.6281
11.679
12.1882
11.9074
12.0743
11.6732
11.6552
12.1302
11.9294
11.6608
11.5343
11.9759
12.0962
12.3617
11.7894
11.915
12.1887
11.5826
11.72
11.5458
12.0907
11.5971
11.5365
11.709
12.5257
11.878
11.8235
11.7073
12.0551
12.144
11.5496
11.4912
12.0651
11.7166
11.9568
11.493
11.9954
11.5065
11.2539
11.6733
12.4937
12.6569
12.4806
11.2936
11.8237
11.6532
11.5065
11.9372
12.1602
11.86
11.7274
12.5157
12.3171
11.6844
11.3335
11.582
12.6549
11.9728
11.7464
12.136
12.4893
12.4108
11.8772
11.6936
11.7155
11.8044
11.4811
11.8623
12.0835
13.4075
11.8243
12.1649
12.3115
12.2725
11.7588
12.1566
11.8442
11.9386
11.5287
11.4736
11.7689
11.7801
11.443
11.4334
12.7934
15.7305
12.3655
11.5519
11.5929
11.7351
11.5656
10.8224
11.4954
11.7274
11.0013
11.101
11.4959
11.4865
10.7532
10.7874
10.8331
11.0706
10.7501
10.561
10.5654
11.2637
10.1741
10.1604
10.2224
10.1932
10.4862
10.4027
10.4669
10.4411
10.3892
10.3138
10.5679
10.8248
10.0714
10.173
10.3787
10.6503
10.4711
10.7977
10.4707
10.7642
10.8659
10.3512
11.0452
11.6454
10.3864
10.5572
10.8485
10.7925
10.7086
11.0401
10.7865
11.4092
11.143
10.9287
10.8947
11.7934
10.9478
11.026
11.1492
11.5967
11.7585
11.1894
11.1314
11.1655
11.1002
11.6428
11.687
11.3535
10.7692
10.9998
11.2815
11.1103
11.9122
11.3633
11.5975
11.5737
11.4824
11.4287
10.9172
11.2089
11.2664
10.9115
12.2063
12.1503
11.2928
11.6279
11.9535
11.6358
12.0565
11.464
12.0349
13.6227
15.9994
12.688
11.7598
11.5425
11.5254
11.5338
11.523
12.6522
11.6808
11.4856
11.4306
11.2504
11.9397
11.5503
11.3762
12.1549
11.857
11.6678
12.1418
11.7794
11.9355
11.845
12.4913
13.1561
12.3717
12.087
12.0447
12.043
12.5875
12.1446
12.1838
12.4335
11.9485
12.5217
11.7039
12.1623
11.7331
13.3163
12.7427
12.0594
12.0239
12.4821
11.9811
12.0501
12.4634
12.3132
12.1555
12.0563
12.2822
12.2701
11.7666
11.5143
11.8828
11.9602
12.2284
11.8534
12.7103
11.9738
11.8789
12.2898
11.7676
11.9292
11.716
11.9316
12.1575
12.1669
11.9854
12.0153
11.6617
11.7406
12.263
11.8021
11.7803
11.5172
11.6612
11.6351
11.8806
11.4691
11.4546
11.4482
11.9055
12.0609
11.922
11.7794
11.8376
12.7672
14.6043
13.6909
12.021
14.156
12.5217
11.8951
11.513
11.4098
11.6132
11.8424
12.0875
12.0196
12.1466
12.4162
12.6892
12.2533
12.1572
12.1203
12.3725
11.8825
12.3498
12.0425
11.7496
11.5819
11.6849
11.6363
11.7833
11.5432
14.0844
12.3657
11.6305
11.7338
11.7409
11.5922
12.0753
11.1879
11.4239
11.3845
11.4721
11.8715
11.9974
11.7104
11.8908
11.3252
11.5356
11.5479
11.8033
11.6432
11.6443
11.4506
11.9414
11.6113
10.9679
10.6612
10.9797
11.0356
10.6911
11.115
12.0294
10.7498
10.8549
10.7001
10.323
10.7098
11.1537
10.4976
10.8849
10.5862
10.6173
10.8657
10.9754
10.5752
10.6998
10.6746
10.8775
10.7783
10.8727
10.7254
10.3448
10.2746
10.235
10.3997
11.3435
10.5819
10.9404
10.6627
10.8228
10.6735
11.1585
11.1709
12.9443
14.9449
10.8918
11.4027
11.0071
11.4787
11.2935
11.6295
11.3326
11.3858
10.6461
10.9035
10.9853
10.8759
11.0233
11.4912
11.5202
10.9582
10.8116
10.6593
11.4959
10.7984
10.7046
11.0044
11.1448
10.6325
10.7288
10.5316
10.9546
10.5813
10.5616
10.6599
11.2255
10.857
11.2867
12.2773
10.9618
10.479
11.0169
11.0758
10.6965
10.9485
11.0644
10.627
10.6861
10.7313
10.7086
10.8068
10.725
10.9745
11.2236
10.7991
10.8791
10.9602
10.8506
11.0026
11.5998
11.1372
10.9302
10.7693
11.1913
11.6114
11.1242
11.0076
11.2507
11.5412
11.4597
11.8969
11.546
11.115
11.2462
11.2655
11.1684
11.9304
11.003
10.9079
10.6729
10.9147
11.3051
10.7435
11.3805
10.9955
10.6357
11.0656
11.0167
10.5
10.6246
10.3791
10.551
10.9938
10.9615
10.4893
10.5103
11.2007
12.9683
13.671
10.7886
11.0809
10.7764
10.5838
10.6405
10.5106
10.9165
10.7067
10.5465
10.8787
11.0859
11.204
10.748
10.7029
10.6035
10.2938
10.8268
11.3196
10.5676
10.5787
10.6569
10.6535
10.8094
10.9013
10.6595
10.9974
10.6724
10.6671
10.7417
10.8817
10.6832
10.8558
10.9894
11.1523
11.0749
11.2321
10.6835
10.8194
10.743
10.5528
10.9201
11.6104
10.7142
10.5535
10.7445
11.0905
10.5039
10.742
10.7226
10.9953
10.8876
11.2939
10.3531
10.5771
10.3618
10.313
10.2911
10.9234
10.1739
10.3371
10.1401
10.1408
10.0125
9.9572
10.8256
10.1708
10.0242
10.0777
10.1249
10.0185
10.5549
9.8678
9.8679
10.3888
9.8332
9.7339
10.3099
9.5179
9.8564
9.7528
9.8968
10.6214
9.7236
10.4654
9.7496
9.542
9.6382
9.6535
9.8998
9.9081
9.7631
10.1962
9.803
9.7164
9.961
9.733
12.1939
14.3063
10.7221
9.9111
9.7768
9.7917
9.8124
10.3906
10.0386
10.0168
10.2692
9.9475
10.1989
10.8736
10.2419
10.3581
10.5729
10.4992
10.5422
10.8277
10.051
10.6675
10.2512
10.0271
10.2749
10.2675
10.6368
10.4305
10.0093
10.1573
10.1777
10.1283
12.3461
11.0033
10.5789
10.4702
10.2477
10.306
10.9379
10.3963
10.1978
10.4162
10.6256
10.286
10.7751
10.1258
10.1008
10.028
10.4818
10.4072
10.7704
10.341
10.1098
10.4553
10.3708
10.4204
10.1787
10.3598
10.8392
10.4194
10.2005
10.8271
10.5105
10.159
10.5431
10.6886
10.9864
11.0948
10.9604
10.7376
11.2318
10.8812
10.9483
11.1401
11.309
10.7701
10.7401
10.5332
10.8249
10.4771
10.2859
10.9758
11.0366
10.5613
10.9547
10.6411
10.5166
10.6728
10.5944
10.801
11.5876
10.6227
10.5598
10.6632
10.4266
10.6346
11.1578
10.5603
13.2445
14.6262
11.0496
10.3325
11.035
10.6816
10.4748
10.5961
10.9663
10.8151
10.3989
10.3967
10.3508
10.4175
10.4793
10.3671
11.3806
10.2776
10.5637
10.602
10.5456
10.3313
10.9215
10.3609
10.642
10.5346
10.8219
10.5793
10.9258
10.899
10.4142
10.6103
10.5608
10.6003
10.7692
11.2676
10.4393
10.6628
10.5842
10.3601
11.2412
11.3596
10.1765
10.5147
10.6031
10.3728
10.6693
10.6534
10.453
11.2964
10.4801
10.4095
10.7399
10.5169
10.4628
10.9895
10.4509
10.8574
10.4835
10.5526
10.2473
10.8038
10.3592
10.2439
10.3413
10.9567
10.2183
10.8395
10.4086
10.2475
10.6002
10.5561
10.6168
14.4733
11.0884
10.7735
10.7495
10.729
11.2223
10.7771
10.9168
11.0562
10.7918
11.0632
11.227
10.7398
10.996
10.5974
10.7709
10.9065
11.0486
10.887
10.7024
10.807
10.8614
11.0389
13.0304
15.9904
11.5231
11.0883
11.2187
11.4587
11.6492
10.8492
11.1417
11.7893
11.3382
11.3925
12.2578
11.7618
11.4817
11.806
11.6639
12.4858
11.8896
12.0593
12.0265
11.9644
11.763
13.9152
12.2518
12.3535
11.962
12.0057
12.433
12.3759
12.1004
11.9664
12.2943
13.3528
12.5976
12.67
12.2384
12.2777
12.7073
12.1928
11.9023
12.5459
12.2002
12.3447
11.7357
12.0414
12.041
11.7558
11.7478
12.3257
12.2203
11.3372
11.3283
11.7086
11.6479
11.3294
11.0156
10.8697
11.2346
10.9993
11.4319
11.3515
10.9681
10.8938
11.3163
11.2462
11.5064
10.9762
10.8985
10.7547
11.5201
11.6433
11.0157
11.185
11.1561
10.8763
11.5286
12.0033
11.4934
11.4286
11.4427
11.2242
10.9308
11.6783
11.4646
11.0224
11.1303
11.1465
12.2992
14.4869
13.6475
11.1073
11.0091
11.6326
11.0468
11.4048
11.0647
11.4179
11.2384
11.852
11.4066
11.3531
11.1949
11.2364
11.4561
11.862
11.6364
11.6993
11.6981
11.8106
11.9724
11.6558
11.7084
11.8036
11.9456
12.263
11.7314
12.0791
11.6793
12.0609
11.4141
12.0289
11.2054
11.5108
11.3298
11.4453
11.5491
11.391
12.0846
11.5316
11.4044
11.2108
11.5438
12.0403
11.2187
11.2066
11.241
11.1433
10.8619
11.1962
10.8657
10.8211
11.046
11.1528
10.9592
11.7273
11.5887
11.1738
10.8554
10.6137
10.5931
10.5754
10.2682
10.7794
10.5354
10.659
11.2374
10.6729
10.8634
11.395
11.0671
10.888
11.1728
10.7103
10.9831
10.7673
10.7167
10.7037
11.2442
10.946
10.9008
11.9005
11.679
11.0044
11.2034
11.6986
11.2856
11.362
11.9913
12.4777
14.5665
14.1737
11.8974
12.0169
12.0518
13.051
12.0446
11.9045
11.8249
11.7298
11.693
12.1413
11.9855
12.0698
11.9661
11.9744
14.0154
12.1442
12.3352
11.8763
12.114
12.6013
12.2049
12.4474
12.2427
11.9186
11.8494
12.115
12.2084
12.3819
12.3501
13.0412
12.4976
12.947
12.481
12.5547
12.3484
12.2082
12.5024
12.3349
12.3287
12.5574
12.4868
12.9786
12.9305
12.2531
11.9975
12.1824
12.7146
12.0367
11.9266
12.0126
11.9967
11.7591
12.6099
12.145
12.7044
12.6777
12.1587
12.804
12.4477
12.4664
12.2094
12.2366
12.1348
11.9157
12.5049
12.4652
12.3337
11.988
12.2937
12.0608
12.4534
12.0897
12.1377
11.9064
11.9929
12.5471
12.0728
11.9392
11.9
12.3998
12.7632
11.7141
14.4496
15.155
12.2521
12.3916
12.1977
12.001
12.0382
12.1146
12.5519
11.7668
12.011
12.4299
11.602
11.8475
12.3713
11.5249
11.45
11.5804
12.7924
12.0852
12.0187
12.2082
12.321
12.4967
13.1763
11.7828
11.8741
11.8486
11.8734
11.8756
12.2571
12.1153
11.6707
11.6487
11.3053
11.6818
11.4561
11.7099
11.8478
11.5894
11.911
11.4078
11.3904
11.2206
11.1542
11.279
11.5788
11.2307
11.2158
11.3674
11.5222
11.1682
11.7917
11.1671
11.3315
11.0975
11.2878
11.7336
11.3072
11.7683
11.5285
11.4118
11.1221
11.7783
10.8551
10.6403
10.9607
10.9911
10.5433
11.0467
10.5236
10.2771
10.4754
10.5572
10.3457
11.1018
11.0682
10.4574
10.7377
10.5023
10.491
11.0057
10.474
10.5837
10.536
10.4301
10.3899
10.4925
10.434
10.4286
11.9425
14.3189
11.1285
10.324
10.2377
10.2936
9.8694
10.2173
10.6642
10.0851
10.1449
10.0212
10.6356
11.1718
10.1184
10.6582
10.3678
10.0809
10.4275
10.3719
10.2549
11.0308
10.4237
10.4986
10.6586
10.4952
10.3377
10.7025
10.1703
10.0723
10.3132
9.9883
9.8139
10.2182
9.937
9.9911
10.2384
10.4177
9.9026
10.2693
9.9256
10.1112
9.8302
9.8371
9.7761
9.7372
10.2897
9.5655
9.6143
9.9374
9.8871
9.7723
9.8709
10.5121
10.023
9.9801
10.021
9.9715
9.5032
10.3744
10.0473
9.781
10.0837
9.9259
9.742
10.089
9.7909
9.6052
9.6987
9.8447
9.7046
9.824
10.2714
10.0642
10.0627
9.969
10.8041
10.0565
10.5102
10.1991
10.1522
10.5141
10.3307
10.2919
10.8345
10.2137
10.4085
10.4325
10.4987
11.0734
10.949
10.3663
10.5126
10.5826
10.3439
10.6321
10.9107
10.1845
10.34
10.1545
10.2951
12.1899
13.8051
11.2596
10.2677
10.612
10.5391
10.5999
11.4145
11.3203
10.8184
10.9354
10.6356
10.2725
11.0033
10.8675
10.4739
10.4747
10.7011
10.7065
10.9745
11.0706
10.2952
10.8075
10.9627
10.6843
11.5021
11.0782
10.9773
11.2951
11.3011
11.6441
11.0304
11.2066
10.8022
10.7023
10.9419
11.197
10.6093
10.735
10.9305
10.5516
10.7894
11.2846
10.6753
10.7614
10.7732
10.6155
10.7102
10.989
10.4367
10.3868
10.5819
10.8596
10.516
11.1076
10.3671
10.4476
10.3116
10.3819
10.296
10.9376
10.188
10.3095
10.2107
10.1394
10.4897
10.3854
9.9458
10.0919
9.9736
10.3648
10.5975
10.0159
10.7857
10.1543
10.4367
10.0979
10.1571
10.4111
10.4972
10.2906
10.389
10.5236
10.1299
9.8968
10.3361
10.103
9.7769
10.1159
10.0125
10.0072
11.0553
9.8333
10.1527
10.0659
9.7784
9.8919
9.7342
12.4877
14.4204
10.4406
9.7942
9.8542
10.0801
9.9552
12.125
9.6622
9.4321
9.4835
9.3299
10.0877
9.2735
9.366
9.318
9.2929
9.3743
10.0134
9.842
9.3621
9.6339
9.5743
10.4258
9.816
9.9367
9.5609
9.5954
9.7269
9.5331
9.7007
9.5639
10.3417
9.9268
9.9948
10.0846
10.0842
9.6688
10.4361
9.6608
9.8618
9.7922
9.6133
9.8775
10.6063
10.0004
9.5798
9.3629
9.6015
9.4576
9.4687
9.6995
9.4855
9.7667
9.698
9.7906
9.9219
10.0378
10.1883
9.9045
9.9292
9.7243
10.0149
9.882
10.4432
10.1256
9.7523
10.0454
10.1163
10.1967
11.1906
9.9798
10.1524
10.2834
10.2215
10.555
10.9014
10.4864
10.8336
10.7352
10.3894
10.4636
10.808
10.4565
10.2239
9.9855
10.0801
9.9577
9.9981
10.4923
9.8309
9.7345
9.8692
10.2361
10.0299
10.5562
10.2607
10.0806
9.9819
9.8834
9.8747
10.2864
9.7648
10.8297
13.1335
11.7281
9.753
10.2366
9.6078
10.1767
9.7369
9.5778
9.9127
9.7678
10.7594
9.9564
9.6167
10.3138
9.5655
9.8212
9.9831
9.6042
10.1648
9.845
9.8047
9.8326
9.5194
10.0187
9.4127
9.4169
9.3683
9.3953
9.7328
10.0357
9.5937
9.6125
9.6405
9.6983
9.7916
9.4934
9.8839
9.3733
9.2626
9.6358
9.1486
9.3876
9.4514
9.8866
9.1745
8.8673
9.1202
8.8144
8.9552
8.6797
9.5329
9.1188
8.4518
8.5946
8.4835
8.7047
8.2976
9.076
8.2229
8.6343
8.2539
8.4417
8.1482
8.4046
8.0701
8.4265
8.2897
8.3855
8.4634
8.967
8.3104
8.6341
8.6561
8.8847
8.9436
8.9495
9.1738
9.2601
9.0685
9.2984
9.1809
9.1108
9.1696
9.8206
9.3688
9.2696
8.9786
8.7692
9.0062
8.9914
9.4039
8.9198
8.6333
8.7897
8.7279
9.0937
8.8225
9.4488
9.4143
9.3491
9.6149
9.2938
9.5107
9.1967
9.8571
9.2848
9.137
9.0261
9.1057
9.4903
9.0482
11.7485
12.1531
9.5451
9.0161
8.8288
8.7499
9.1744
8.7795
8.8161
8.8027
9.0655
9.6628
9.0169
9.8067
9.0346
8.9727
9.0584
8.897
9.0118
8.9371
9.6442
8.9691
9.347
9.2575
8.9904
9.16
9.3948
9.5079
9.1078
9.3512
9.3319
9.2956
9.3073
9.0622
9.6636
9.4274
9.4114
9.453
9.2782
9.5517
8.9688
9.5061
8.9672
8.9487
8.9393
8.8294
8.8481
8.813
9.6213
9.0823
9.1092
9.4409
9.7912
9.2133
9.4935
9.4385
9.2234
8.9092
9.1785
8.9936
8.9067
8.8284
9.1623
8.846
8.6563
9.1286
8.7275
8.7529
8.5046
9.2104
8.6488
8.9304
9.0754
9.2724
9.495
9.2988
9.9247
9.3541
9.4992
9.2168
9.1686
9.1774
8.8992
9.5539
8.9843
8.9453
8.9664
8.8313
8.7853
8.9528
9.214
8.5428
8.3073
8.7673
8.3458
9.1735
8.4794
9.1687
8.8855
8.449
8.554
8.6062
8.4276
8.3379
8.383
8.9423
8.4813
8.2147
8.3983
8.1829
8.1989
8.1877
9.4446
8.7712
10.2032
9.8799
12.3423
8.7582
8.376
9.1058
8.3722
8.7854
8.671
8.5102
8.7291
8.4895
8.9473
8.497
8.5402
8.3481
8.3895
8.3666
8.3889
8.3488
8.4733
8.4458
8.3571
8.8529
8.1417
8.2075
8.0072
8.2306
8.0148
8.1672
8.1657
8.6512
8.0777
8.4252
8.2423
8.4812
8.3732
8.7979
7.9692
8.5773
7.8675
8.2765
7.9412
8.3109
8.1387
8.5868
8.5476
9.5577
8.4992
8.8334
8.9208
8.6788
8.9261
8.9082
9.6808
8.9643
8.8545
8.5342
8.6905
8.5131
8.5271
9.1969
8.838
8.8779
8.6776
8.9927
8.4466
8.3788
9.0694
8.5022
8.5625
9.0531
8.982
9.0307
8.8103
8.9823
9.2737
9.1311
9.0431
9.5958
9.0828
9.2042
9.7579
9.0139
9.1455
8.846
9.1172
8.9
9.2907
9.6708
9.2194
9.4207
9.6176
9.4571
9.3505
9.2861
9.6254
9.2573
9.2853
9.3383
9.7216
9.5969
9.349
9.9267
9.3829
9.6907
9.4395
9.0882
9.1006
9.0486
8.9434
9.1206
11.0427
9.6206
9.2127
9.1012
9.0954
11.043
13.6743
10.1964
9.1167
9.2509
9.1382
9.3225
9.3862
9.4021
10.0032
9.2781
9.2983
9.3333
9.2876
9.6963
8.9473
9.6945
8.9102
9.0627
8.9786
8.9933
8.9094
8.8655
9.3412
8.8727
9.1957
9.1983
9.2802
8.9674
8.9269
9.5139
8.8463
8.7989
9.013
8.7135
8.7629
8.4936
8.9809
8.4769
8.4127
8.5447
8.4339
8.5522
8.6612
8.4324
8.6322
8.4553
8.3505
8.7443
8.2698
8.608
8.2526
8.8269
8.0604
8.3054
8.1327
8.5113
8.3901
8.3268
8.1415
8.6595
8.0919
8.2834
8.0371
8.364
8.2189
8.2976
8.1657
8.722
8.0825
8.1403
7.9741
8.1492
8.107
8.1803
8.7705
8.2911
8.2351
8.3335
8.1409
8.1035
8.0656
8.2059
8.6425
8.3426
8.5385
8.4798
8.4766
8.54
8.809
8.9832
8.203
8.2586
7.7781
8.0206
7.8435
8.2112
8.0058
8.7802
8.0393
8.3769
8.2046
8.6951
8.1352
8.5429
8.3562
8.7286
7.9135
8.1493
7.8655
8.1687
7.8557
8.0114
8.1289
8.5091
8.1901
8.186
8.1912
8.4314
8.0863
9.7386
11.0753
9.9992
8.1805
8.2571
8.4792
8.4192
8.7247
8.2992
8.1189
8.1848
8.0523
8.1543
8.0249
8.7894
8.0197
8.3734
8.4862
8.2264
8.0713
8.2766
7.9002
8.766
7.9857
8.0747
7.9491
8.1362
7.9529
8.1599
7.8173
8.5289
8.1051
8.1802
8.1553
8.1238
7.7726
7.9249
7.8185
8.3789
8.0097
7.9065
8.0789
7.9147
8.0627
8.2535
7.9373
8.4456
7.9115
8.0104
8.3773
7.9763
7.9931
7.9535
8.0151
8.4109
7.9893
7.9828
8.1806
8.2055
8.2516
8.0942
8.1139
8.4674
7.936
8.0194
8.1944
7.9112
7.8836
7.9959
7.7879
8.4432
7.7372
8.0243
7.8501
8.354
7.9991
8.3268
7.9967
8.6469
7.9659
7.9556
8.0203
8.1381
8.0209
8.0067
8.4131
8.1012
8.0553
7.9892
7.949
8.179
8.1585
8.1728
8.5031
8.1541
8.2555
8.2045
8.3683
8.5248
8.4008
8.2027
8.6427
8.3839
8.3345
8.2418
8.4464
8.1328
8.3138
8.2477
8.6833
8.1818
8.145
8.2258
9.6346
8.976
8.3272
9.0685
8.356
8.6225
8.5406
9.1416
8.3231
8.5597
8.3759
8.3998
8.6358
9.9084
11.8823
9.3806
8.5524
8.5412
8.122
8.1012
8.328
8.2303
8.324
8.8729
8.3949
8.3152
8.1586
8.1914
7.9911
8.1103
8.3045
8.5073
8.2283
8.4644
8.1207
7.9836
7.9194
7.9831
7.7731
8.2321
7.7761
7.9794
8.1388
8.0085
8.1998
8.2068
8.1767
8.4862
8.2503
8.4449
8.309
8.3502
8.2625
8.0807
8.7681
8.242
8.3355
8.1031
8.2523
8.0935
8.4101
8.1186
8.9403
8.1147
8.4418
8.4688
8.3818
8.2447
8.5643
8.1442
9.0764
8.3047
9.1286
9.0812
9.0898
9.119
9.0412
9.7281
9.675
9.8486
9.2749
9.3482
9.221
9.7838
8.9479
9.001
8.711
8.9198
8.5885
8.5419
8.5358
8.9979
8.5832
8.9063
8.5413
8.5375
8.6014
8.461
8.7377
8.3599
8.36
8.3938
8.4645
8.2592
8.5
8.3466
9.0813
8.6149
8.5612
8.988
8.4485
8.3708
8.4486
9.087
8.4446
8.4196
8.492
9.2077
9.0751
9.1055
9.5141
9.0016
8.999
9.0159
9.7489
9.3336
9.0923
9.8577
9.3084
9.5914
9.4308
9.2225
10.2976
11.1332
12.4087
9.5598
9.4784
9.3374
9.3238
9.1053
9.7218
9.0429
9.099
8.9335
9.1077
9.0234
9.2661
9.6242
9.1677
9.6254
9.1201
9.175
9.0472
9.141
9.5177
9.1915
9.1002
8.9752
9.0483
9.1414
9.2558
9.756
10.1543
9.2903
9.3297
9.1979
9.2274
9.231
9.6101
9.1556
8.9468
8.6271
8.5233
8.4896
8.435
8.917
8.7612
8.598
8.6721
8.7974
9.0898
8.7231
9.4961
8.3506
9.1859
9.0114
9.3408
9.288
9.2629
10.1098
8.8531
9.0854
8.9225
8.9452
8.9451
8.875
9.2932
8.9072
8.9472
8.9786
9.0232
9.0334
9.4307
9.2796
8.9122
8.8266
8.9861
9.063
9.0119
8.9049
9.5942
9.1168
9.257
9.1835
9.3692
9.8674
9.2958
9.9136
9.1616
9.2981
9.3062
8.8106
9.0627
8.8688
9.4044
9.0641
10.7196
9.1849
9.3185
8.9438
8.6552
9.3206
8.7325
8.9653
8.9671
9.176
9.1559
9.2777
9.4152
9.4286
9.7991
9.4615
9.2832
9.2858
9.1699
11.1818
12.2453
10.1477
9.1866
9.2034
9.0432
9.0575
9.2096
9.8163
9.3847
9.1502
9.2355
9.1994
9.4153
9.3974
9.2199
9.0224
8.8822
9.1188
8.8208
9.109
9.2975
9.6449
9.1641
8.9654
9.4398
8.6599
8.9656
8.3853
9.152
8.1572
8.5998
8.2644
8.5615
8.8844
9.4007
9.2838
8.8625
8.5515
8.6222
8.2965
8.6705
8.2523
9.034
8.189
8.5046
8.1431
8.6643
8.2308
8.5251
8.5818
8.8163
8.1872
8.2621
8.0687
8.0033
8.0317
8.3281
8.2545
8.4329
8.2644
8.2091
8.1651
8.2538
8.6016
8.1946
8.494
8.1413
8.1473
8.0988
8.0669
8.1137
8.8993
8.2057
8.1344
8.1909
8.2152
8.26
8.1299
8.1771
8.789
8.3642
8.8192
8.3176
8.3431
8.1768
8.3891
8.0629
8.2899
8.1041
7.8166
8.1835
7.8962
7.9915
7.8758
8.6671
7.9023
8.1066
7.8477
8.1631
7.9064
8.0937
7.8587
8.3752
7.8725
8.0729
7.8966
8.0445
8.0262
8.268
7.9713
8.6572
7.7843
8.0954
7.9081
8.2804
8.1041
8.052
8.1477
8.6798
8.1902
9.485
9.6666
11.4653
8.2682
8.2289
8.4257
8.3452
8.1691
8.2324
8.3253
8.5017
8.064
8.2503
8.5919
8.0391
7.9649
8.0548
8.1105
8.1024
7.9304
8.1213
8.4392
8.0958
7.9928
8.5729
8.3126
8.6348
8.1981
9.0416
8.2947
8.3735
8.2279
8.2013
8.1926
8.251
8.1174
8.6135
8.1531
8.0255
7.9438
8.0973
8.0694
8.4277
7.999
8.4516
7.9456
8.0068
7.8875
7.9711
8.0186
8.0847
7.9351
8.3704
7.8728
7.8954
7.9174
7.7868
7.8411
8.1039
7.7534
8.5434
7.8602
7.7525
7.8489
7.7566
7.7638
7.6459
7.689
8.0157
7.5396
7.5646
7.507
7.6802
7.6481
8.0925
7.4361
8.0663
7.4056
7.8084
7.4408
7.7537
7.6184
7.7078
7.7849
7.9207
8.0492
8.0072
7.9958
7.8124
8.0364
8.1131
7.7847
7.7746
8.0158
7.5457
7.7048
7.6395
7.8365
7.6573
9.8724
8.1334
7.9882
7.8125
7.8014
7.9881
8.0908
8.3833
7.7637
8.0963
8.149
8.0647
7.9785
8.1664
7.9333
8.2127
8.0428
8.4492
7.721
8.0768
7.5476
7.766
7.6537
8.1485
8.3759
9.3783
7.5006
7.7673
7.7166
7.922
9.1005
10.9807
9.2673
8.0691
7.763
7.8869
7.6645
7.9684
7.8673
8.4451
7.8079
8.6761
7.9654
8.1518
7.8355
7.9559
7.7898
8.0003
7.9849
8.6231
7.9723
8.268
8.2301
7.9839
8.2389
8.2064
8.6748
7.9596
8.0287
7.7904
8.0955
7.8556
7.9718
7.7065
8.3964
7.7598
8.0041
7.7726
7.9129
7.9061
8.0134
7.8856
8.4842
7.9393
7.9792
7.8391
7.9116
7.8888
7.8712
8.0228
8.1918
7.8878
7.7668
7.8126
7.9142
7.842
7.9734
8.1635
8.8881
8.0773
8.1458
8.2333
8.1278
8.0068
7.9233
7.8254
8.0672
7.6331
7.4248
7.376
7.6948
7.5162
7.784
7.6024
7.8208
8.093
7.753
7.6918
7.6576
7.5358
7.6802
7.7522
7.6879
8.331
7.7356
8.0017
7.6977
7.9688
7.8843
8.1474
8.0089
8.2037
7.5954
7.7601
7.477
7.8337
7.552
7.8908
7.6165
8.3787
7.5953
7.7484
7.6618
7.4539
7.5341
7.6549
7.8443
7.9839
7.681
7.5201
7.7157
7.7019
7.7545
7.7529
7.755
7.9106
7.7201
7.8095
8.264
7.9196
7.8104
7.8632
8.0672
7.8757
7.9056
7.8374
8.1683
7.8326
7.7778
7.7905
9.2049
9.8854
10.1294
7.8545
7.4989
7.6972
7.4042
7.737
7.9024
7.9595
7.7038
8.1493
7.6685
7.8035
7.871
8.0445
8.0471
7.763
7.8204
8.1741
7.9121
7.7322
7.7964
7.9122
8.101
7.6829
7.7012
7.471
8.1641
7.5147
7.5392
7.6231
7.6249
7.6637
7.6755
7.7479
7.6709
7.6648
8.152
7.7202
7.9607
7.706
7.6365
7.4818
7.7077
7.4875
8.1313
7.3392
7.6716
7.4641
7.5204
7.3117
7.508
7.5441
7.4872
8.1037
7.6623
7.3684
7.2605
7.5191
7.1563
7.4188
7.2784
7.7069
7.4003
7.2775
7.2341
7.142
7.458
7.2091
7.3476
7.3588
7.9862
7.3322
7.3252
7.536
7.2962
7.6976
7.4428
7.4569
7.2414
7.886
7.2413
7.6546
7.3672
7.5528
7.4217
7.6041
7.8696
7.9912
7.6342
7.6511
7.8419
7.7628
7.6984
9.179
8.0737
8.1352
7.4792
7.7993
7.6106
7.8474
7.6828
7.9712
7.6496
7.8105
7.6374
7.8701
7.649
8.1577
7.7128
7.7418
7.6785
7.7579
7.8028
7.8332
7.8808
8.2868
7.8943
7.9541
8.0652
8.1796
7.8729
7.8165
7.9117
8.1878
8.1157
7.8552
7.9049
8.027
7.9106
7.9727
7.8904
8.109
9.8964
10.2199
8.9893
8.158
7.5076
7.5465
7.6114
8.4358
7.7082
7.6767
7.6463
8.1477
7.6059
7.8658
7.6697
8.2705
7.6436
8.3616
7.7653
8.28
7.7644
7.812
7.5904
8.1296
7.5614
7.6967
7.4409
7.6453
7.5597
7.5354
7.6404
7.2625
7.8783
7.2705
7.7399
7.6757
7.6812
7.4338
7.5316
7.615
7.5116
7.5783
7.9583
7.5271
7.3937
7.4804
7.5073
7.6284
7.5063
7.4239
7.7214
8.2181
7.5839
7.5705
7.6567
7.6399
7.7015
7.6659
7.792
8.1173
7.7052
7.7204
7.5613
7.7367
7.4758
7.9153
7.6969
8.5536
7.6257
7.8661
7.6849
7.8468
7.6216
7.766
7.5018
8.0101
7.3792
7.3214
7.4271
7.3923
7.4526
7.3765
7.7185
7.8062
8.0726
7.3216
7.6155
7.5264
7.5629
7.6512
7.7341
7.6406
8.1701
7.7269
7.6862
7.7727
7.7851
7.8557
7.9553
7.7886
8.1926
7.9254
7.8485
7.7975
8.0671
7.7802
8.0027
7.7831
8.4688
7.8222
8.1417
7.7802
7.9237
7.8345
7.9862
7.8356
8.6532
7.6236
7.9681
7.6605
7.7299
7.5204
7.7941
7.5035
7.8257
7.6697
7.6637
7.6386
7.4991
7.8098
7.5009
7.8178
7.8447
9.2116
9.2617
10.8535
7.7757
7.7443
7.8282
7.9439
8.2806
7.9757
7.9464
7.915
7.7031
7.6948
7.568
7.6333
8.4332
7.5222
7.6474
7.4112
7.8245
7.2552
7.4015
7.351
7.3741
7.8571
7.5999
7.4985
7.5607
7.7793
7.3629
7.6058
7.6524
8.0441
7.4394
7.5887
7.52
7.7708
7.6517
7.6887
7.5229
7.4894
8.0169
7.5054
7.7836
7.6182
7.855
7.9203
8.2362
7.7529
8.1877
7.634
7.7389
7.5827
7.6298
7.6746
7.6914
7.5859
8.0157
7.6886
7.9354
7.7663
7.7352
7.7516
8.0903
7.5636
8.1356
7.5958
7.4998
7.4812
7.7433
7.5922
8.0642
7.736
8.1628
7.6146
7.7246
7.5991
7.7725
7.7732
8.1355
7.5157
7.6378
8.0828
7.4853
7.8917
7.4529
9.2014
7.4437
7.9729
7.526
8.2366
7.6473
7.9659
7.5728
7.7747
7.5451
7.6351
7.5039
8.0866
7.4679
7.4574
7.4091
7.4223
7.3935
7.4145
7.3548
7.2849
7.9479
7.3426
7.4293
7.5306
7.6962
7.9309
7.6471
7.5273
7.8954
7.5578
7.4744
7.6466
7.5373
7.5333
7.7529
7.4982
8.1024
7.5178
7.7912
7.4402
7.5472
7.844
7.5883
7.3705
7.3714
7.9259
7.5716
9.0252
9.4958
10.3876
7.6446
7.6483
7.892
7.3965
7.5295
7.6473
7.492
8.0004
7.3065
7.5512
7.344
7.9803
7.3265
7.4257
7.2871
7.4244
7.4173
7.4676
7.5346
8.0484
7.6528
7.581
7.8251
8.0751
8.134
8.0102
8.0422
8.4519
8.289
8.172
7.8546
7.8753
7.6952
7.8675
7.5683
8.408
7.7629
7.9464
7.7822
8.2603
7.6851
8.1382
7.7449
8.5611
7.8419
8.1637
7.8613
8.1054
7.9006
8.2231
7.9525
8.5476
7.9003
8.2487
7.9475
8.2692
7.6484
7.8085
7.8646
8.3052
7.945
7.9486
8.0865
8.3603
7.9434
7.8103
7.9802
8.3152
7.9326
7.8353
7.902
8.0315
7.8863
7.8995
7.8271
8.0811
7.6344
7.5591
7.4468
8.141
7.5261
7.7698
7.6229
7.6914
8.2254
7.6411
7.7729
7.7119
7.7748
7.6377
7.5434
7.5973
8.3333
7.546
7.741
7.4149
7.7263
7.4806
7.6119
7.4049
7.8557
7.47
7.6616
7.5335
7.9001
7.611
7.5933
7.5461
7.3649
7.8779
7.204
7.3784
7.1423
7.3597
7.1838
7.4197
7.1169
7.3344
7.1451
7.0666
7.6731
6.9416
7.0347
7.0334
6.969
7.0272
7.2774
7.0166
6.8211
7.0385
6.9888
8.1939
8.6429
10.7521
7.5244
7.2591
7.4517
6.8789
6.8906
6.7859
6.5938
6.8313
6.4934
6.6599
7.1071
6.5567
6.8989
6.6274
6.9969
6.7365
6.7499
7.0407
7.021
7.2877
6.7986
7.06
6.761
6.8538
6.8542
6.7077
6.9939
6.7387
7.0163
6.9451
6.7738
6.8987
6.7463
7.0354
7.0917
6.8882
6.9643
7.1936
6.9726
6.7114
6.8582
6.9488
6.7574
6.8602
6.8575
6.7384
6.8937
7.1512
6.886
6.7886
7.1043
6.6677
6.6314
6.7131
6.7537
6.8744
7.1101
6.6467
6.888
6.8322
6.7621
6.735
6.6789
6.8314
6.5386
7.3609
6.891
6.7694
6.7646
6.7532
6.9757
6.8264
7.1258
6.8407
6.8602
7.4187
6.763
7.121
6.7488
6.7902
6.8445
6.6507
6.9207
6.7089
8.4207
7.0173
7.1716
8.6269
7.0549
6.8716
6.8538
6.8364
7.07
7.197
6.7423
6.812
6.9971
6.8581
7.008
7.2179
6.9181
7.0659
7.0517
7.1545
7.1226
7.1544
7.7798
7.3355
7.5468
7.3912
7.4738
7.3617
7.4043
7.5915
7.5865
8.1328
7.5534
7.4542
7.46
7.7184
7.3805
7.6173
7.5508
8.2804
7.5192
7.9112
7.5776
7.8322
7.5816
7.7719
7.7673
8.3932
7.6107
7.8637
7.5976
7.4584
7.5539
7.479
7.4404
7.2161
7.8013
7.1558
8.314
8.5544
11.3717
7.7683
7.4303
7.5457
7.9495
7.2165
7.5469
7.3527
7.3428
7.438
7.4561
7.4644
7.5986
7.4713
7.8619
7.4922
7.697
7.5661
7.9645
7.9273
7.8511
7.5029
7.8621
7.9485
7.6745
7.6616
7.7161
7.731
7.7813
7.7336
7.6796
8.2795
7.6642
7.8026
7.6974
8.0788
7.5153
7.6229
7.3274
8.0969
7.3181
7.455
7.2687
7.3137
7.4969
7.437
7.5222
7.4056
8.0347
7.4
7.7867
7.8482
7.8601
7.5118
7.6451
7.6249
8.1306
7.7528
7.5406
7.6075
7.5841
7.7905
7.8225
7.7915
8.2007
7.7131
7.5062
7.5291
7.7898
7.5856
7.8199
7.6647
8.9609
8.926
8.8529
8.0923
8.8922
8.1358
8.5457
8.051
8.7158
7.9669
8.275
8.1533
8.6333
8.1335
8.2045
8.5787
8.1812
7.9817
8.1903
8.0392
8.2919
8.234
8.2258
8.7559
8.2378
8.2199
8.3796
8.4425
8.674
8.2842
8.0898
8.6669
8.0909
8.26
8.2804
8.2627
8.1735
7.9653
8.0152
8.3936
7.8974
7.877
7.8979
8.3574
7.8704
8.1017
7.8569
8.1345
7.8884
7.7029
7.6852
7.5984
7.4144
7.8151
7.5443
8.2172
7.7805
9.0149
9.379
11.2887
7.9508
7.6628
8.3163
7.7975
7.9646
7.5486
7.4933
7.5097
7.5374
7.6944
7.4174
8.2618
7.7113
7.8306
7.8048
8.2689
7.9176
7.8922
7.7457
8.1431
7.5732
7.6435
7.7745
7.686
7.6723
7.7221
7.6915
8.009
7.5623
7.5589
7.5873
7.8652
7.5839
7.492
7.3477
8.1451
7.3508
7.7005
7.3555
7.6574
7.4622
7.6467
7.3697
7.3815
8.0275
7.3609
7.7307
7.639
7.9539
7.4727
7.592
7.3959
8.0971
7.3498
7.6745
7.3202
7.492
7.4905
7.3667
7.4662
7.3307
8.1861
7.5555
7.8829
7.261
8.0615
7.4393
8.8342
7.3971
7.7873
7.4479
7.224
7.4383
7.8685
7.2251
7.1664
7.1384
7.4647
6.9715
7.1663
7.1926
7.2567
7.5305
7.5003
7.4086
7.3157
7.9026
7.3832
7.5761
7.5594
7.5668
7.3937
7.5789
7.514
7.562
8.1501
7.9447
7.765
7.5665
7.749
7.6386
7.824
7.5683
8.3236
7.6346
7.8061
7.6005
7.8026
7.413
7.5923
7.3923
8.1189
7.8366
7.4135
7.496
7.6101
7.4276
7.3988
7.4508
7.3112
7.7466
7.0715
7.5254
7.2024
7.1595
7.218
7.23
7.3074
8.0166
7.2408
7.3496
7.178
7.4447
8.886
9.5122
9.8379
7.4771
7.2269
7.3891
7.2403
7.6482
7.3333
7.5403
7.7208
7.9461
7.9204
7.4572
7.5536
7.4561
7.5193
7.3682
7.5561
7.3832
8.0601
7.3615
7.5514
7.3796
7.2602
7.4658
7.4474
7.7519
7.4175
8.0473
7.3702
7.7708
7.4536
7.7132
7.4926
7.7616
7.5827
8.1321
7.4765
7.4952
7.5366
7.693
7.7966
7.9723
7.7262
8.2304
7.8059
8.0943
7.7653
7.8247
7.7879
7.8996
7.6803
8.3021
7.5284
7.7883
7.585
7.8031
7.6816
8.1556
7.4699
8.0333
7.4429
7.9485
7.516
7.3286
7.5618
7.3177
7.5019
7.4938
8.107
7.7657
7.9696
7.5614
7.7282
7.4756
7.5773
7.6786
7.9774
7.6782
7.5938
7.7168
7.7138
7.7939
7.8701
7.9413
8.4665
7.7952
7.9695
7.9162
7.9612
8.042
8.2999
7.7836
8.2711
7.7296
7.8057
7.6171
7.7918
7.4917
7.7977
7.8358
7.6625
8.1986
7.5982
7.5352
7.4525
7.7283
7.8302
7.5885
7.5658
8.4243
7.545
7.6275
7.4573
7.6382
7.5805
7.8058
7.6617
8.1222
7.5918
7.6878
7.3732
7.7442
7.9891
7.6536
7.7197
8.3514
7.7519
7.8122
7.7463
7.6902
7.7473
7.6321
9.6821
10.3672
9.8776
7.9661
7.8259
7.7673
8.0661
7.6852
7.7685
7.969
7.6162
7.5249
7.5454
7.7917
7.6434
7.5814
7.4946
8.3331
7.5285
7.7066
7.4647
7.906
7.7272
7.7413
7.4909
8.0368
7.6476
7.6473
7.4392
7.3913
7.599
7.3863
7.5582
7.3307
8.1996
7.3876
7.5777
7.5182
7.8856
7.282
7.7227
7.4884
7.8623
7.5242
7.4366
7.4738
7.267
7.5497
7.5297
7.3649
7.4775
7.7291
7.2456
7.2359
7.6333
7.3193
7.2482
7.2768
7.1333
7.2623
7.262
7.1831
9.2646
7.4495
7.4683
7.452
7.5755
7.6258
7.9663
7.643
7.5903
7.494
7.5956
7.2992
7.5649
7.4709
8.1038
7.4176
7.556
7.3311
7.28
7.5395
7.2689
7.588
7.3187
7.8483
7.3335
7.8688
7.4039
7.6919
7.3271
7.3553
7.495
7.8071
7.5404
7.3536
7.5681
7.4893
7.6291
7.3934
7.629
7.5065
8.05
7.8823
7.5639
7.7162
7.686
7.7613
7.9695
7.8767
8.3597
7.7956
7.7641
7.8195
7.9702
7.9386
7.8471
7.8434
8.4772
8.0964
7.801
7.6328
7.9204
7.6586
7.905
7.7511
8.3564
7.7375
8.1649
7.7017
7.9619
7.8812
8.1219
7.7407
8.8603
9.4927
11.6644
8.2152
8.1262
7.8834
8.1622
8.381
8.038
8.0162
8.0287
7.8994
8.0405
8.0305
8.1119
8.4994
8.133
8.2185
7.8985
8.1148
7.8725
7.9618
7.8386
8.3254
7.8825
8.0824
7.9839
7.8677
7.7821
7.9338
7.6719
8.3535
7.8097
8.3415
7.736
8.2073
7.8255
8.0494
7.7614
8.4085
7.7035
7.7677
7.6392
7.8379
7.5341
7.9976
7.6672
7.9553
7.9332
8.1088
7.6913
7.6106
8.1257
7.6934
7.7771
7.5536
7.8335
7.6681
8.0295
7.7843
7.9949
7.7719
8.4992
8.0191
7.9184
7.8807
7.8038
8.0327
7.9165
7.835
8.4488
7.9708
7.8105
8.0077
7.7246
7.7873
7.7175
7.7714
8.1158
7.7948
7.7034
7.8627
8.1906
7.6876
7.7448
7.4881
8.1649
7.6197
7.8843
7.7711
7.9346
7.6288
7.8319
7.6592
8.2098
7.736
8.0191
8.106
8.704
7.8196
8.2884
8.2153
8.7267
8.0532
8.2155
7.9402
8.3381
8.0905
8.2613
8.2496
8.1143
8.2094
8.3795
8.238
8.4173
8.1267
8.3025
8.3096
8.1437
8.6135
8.338
8.2686
8.1413
8.0839
7.9802
8.305
8.0541
8.56
7.8271
9.1808
9.4635
10.7531
7.9155
7.7059
8.2478
7.7448
7.9447
7.8615
8.0137
7.801
7.7986
7.6813
7.7991
7.9036
7.6486
7.7107
8.0221
7.8165
7.7068
7.8713
7.5966
8.2031
7.5947
7.8301
7.6572
7.6082
7.6433
7.7144
7.5766
7.9025
7.7093
7.9279
8.0276
7.5846
7.7669
7.7118
7.7857
8.1753
7.6715
7.6865
7.5591
7.8232
7.6556
8.1495
7.7308
8.5743
7.7578
8.5784
8.2171
8.2394
7.9575
9.5934
8.3246
8.3132
8.186
8.5492
8.0126
8.4662
8.1025
8.734
8.1368
8.1795
8.1362
8.1849
7.9616
7.9976
8.1686
7.9677
8.0849
7.8638
7.8537
7.8141
7.7392
7.883
7.6126
8.191
7.7684
7.7861
7.8683
7.8006
7.9347
8.1831
7.6689
8.1656
7.6886
7.6595
7.6454
7.498
7.6214
7.6123
7.643
8.128
7.548
8.0865
7.677
7.891
7.6241
7.9944
7.4696
8.1975
7.3722
7.678
7.4424
7.6766
7.3625
7.2641
7.6368
7.4757
7.9775
7.4091
7.5592
7.3648
7.5807
7.6847
7.5482
7.3475
7.911
7.4156
7.4434
7.5068
7.5727
7.6399
7.598
7.629
7.5072
8.2068
7.5478
7.7142
7.744
8.0571
7.8108
9.5889
10.5053
10.1031
7.7148
7.6436
7.6657
7.5999
7.6732
7.4722
7.9695
7.4844
7.5952
7.4669
7.5394
7.5915
7.3588
7.4055
7.4571
7.761
7.2392
7.5476
7.1489
7.253
7.1479
7.2817
7.0905
7.6576
7.1836
7.3175
7.3534
7.5949
7.3413
7.2191
7.3248
7.1764
7.6527
7.3323
7.318
7.3272
7.2825
7.4208
7.3167
7.3817
7.3107
7.888
7.2979
7.5753
7.3225
7.287
7.3621
7.3673
7.4696
7.6779
7.3019
7.4762
7.1815
7.5114
7.3463
7.3066
7.2962
7.2604
7.7186
7.0388
7.1806
6.983
7.3377
7.0139
7.1415
7.1559
6.8177
7.0884
6.912
7.3461
7.0608
7.7449
7.0578
7.1745
7.1038
7.2178
7.6746
7.1346
7.4333
7.0377
7.6891
7.032
7.1864
7.4396
7.3513
7.345
7.374
7.3595
7.1876
7.8829
7.4616
7.4424
7.8073
7.6903
7.2504
7.2643
7.1994
7.5261
7.0459
7.2283
7.1479
7.268
7.1594
7.2444
7.2982
7.2646
7.5967
7.159
7.7103
7.194
7.5185
7.1625
7.2843
7.3834
7.2094
7.6496
7.1021
7.3509
7.0819
7.3125
7.1175
7.4406
7.0816
7.2422
8.1107
7.2361
7.4544
7.3318
7.5829
7.3281
7.5564
7.2973
7.8043
7.3301
7.258
7.2883
7.3298
8.8506
8.8113
9.2505
7.582
7.1156
7.2099
7.2484
7.1
7.2428
7.3205
7.1456
7.0015
7.4411
7.2438
7.3599
7.3992
7.2771
7.1689
7.4024
7.5356
7.0615
7.4962
7.1351
7.5122
7.1026
7.3436
7.1099
7.494
7.3139
8.0529
7.4007
7.5601
7.3173
7.2649
7.5205
7.5621
7.4702
7.4009
7.9755
7.31
7.8826
7.351
7.7891
7.4088
7.5348
7.6292
8.6939
8.2106
7.5609
7.615
7.5403
7.6704
8.1105
7.7603
7.845
7.7405
7.6498
7.6123
7.4433
7.682
7.6407
8.0489
7.5674
7.5664
7.4793
7.526
7.6066
7.7108
7.9512
8.1715
7.6746
7.5637
7.565
8.0719
7.8356
8.0536
7.8178
8.3485
7.8753
7.9771
7.5852
7.7249
7.7965
7.8275
7.847
8.1403
7.4635
7.8718
7.5307
7.3996
7.4642
7.312
7.627
7.2641
7.88
7.3007
7.3665
7.0803
7.1698
7.1963
7.4897
7.0604
6.9278
7.5797
6.8665
6.991
7.1261
7.1633
7.2081
7.2545
7.1594
7.1164
7.5443
6.9751
7.0738
7.2668
7.4532
7.1679
7.1089
7.1396
7.5332
7.0676
7.2029
6.9764
7.1884
6.9637
6.8957
7.1072
6.8302
7.5168
6.8488
7.1518
7.2491
7.0421
7.2911
7.1261
7.429
7.1567
8.1465
8.3005
10.3825
8.1639
7.1836
7.1576
7.2373
6.9647
7.6171
7.238
7.3795
7.124
7.0759
7.4072
7.0998
7.2184
7.0576
7.5618
7.1766
7.2006
7.0238
6.9693
7.0216
6.9648
7.157
7.1497
7.831
7.1554
7.2142
7.1999
7.1056
7.0003
7.107
6.9658
7.0852
7.5968
7.1308
7.2027
7.0532
7.2512
6.9673
7.2455
7.0282
7.0542
7.8363
6.9043
7.102
6.863
7.0472
6.8862
7.0568
6.8617
6.7893
7.4784
6.7817
7.1899
6.8902
6.8888
7.0712
7.1586
7.1034
6.8218
7.4459
6.7958
6.9018
6.9584
6.9698
6.9083
6.7506
6.9599
6.7742
7.4861
6.9696
7.0011
6.9954
7.2837
6.8004
6.9798
6.8607
7.0507
7.2994
6.899
6.8965
6.8327
6.9506
7.023
7.1499
6.8682
6.7809
7.3835
6.8592
7.229
6.7661
6.8083
6.764
6.6708
6.7933
6.6717
6.8626
7.0787
6.6881
7.0582
6.7202
6.9117
6.7542
6.691
7.0172
6.9714
7.3068
6.6918
7.0225
6.7876
6.9951
6.9694
6.9649
7.076
6.8648
7.394
6.8564
6.9679
7.0335
6.8011
7.1079
7.0646
6.9762
6.8589
7.1442
6.827
6.7672
6.823
6.8259
6.8236
6.8743
7.1692
7.114
7.5085
7.0031
7.2957
7.1823
7.6697
7.3427
7.2979
7.2084
7.259
7.7979
7.1389
8.0637
8.4061
10.6154
7.7629
7.2936
7.0888
7.7312
7.0093
7.1541
7.2317
7.1338
6.9434
7.0406
7.1584
6.8394
7.4988
6.9501
7.1038
6.8659
7.0211
6.9558
6.7683
6.9923
6.7044
7.3986
6.9062
6.8816
6.7782
6.7102
6.8483
6.753
7.3529
7.0185
7.299
6.9778
6.7929
6.8062
6.8416
6.8968
6.9098
8.0337
8.3369
7.6155
6.9028
6.8436
6.8438
6.953
7.0179
6.9904
6.9144
6.8917
7.1182
6.9248
7.0668
7.0114
7.1916
7.0454
6.9608
7.8301
6.7632
6.9549
6.7094
6.8555
6.9266
6.6223
6.9045
6.6268
7.3454
6.6103
6.7083
6.9903
6.6852
7.032
6.8917
7.2533
7.0105
6.893
7.2926
6.794
7.165
6.8984
7.0091
7.012
6.954
7.0152
7.5211
7.2007
6.9158
7.0006
7.1683
7.3772
7.0605
7.0389
7.0666
7.2321
6.9423
7.1275
7.0835
7.1449
7.3179
7.0377
7.5005
7.0252
7.1112
6.8325
7.0756
7.3887
7.1051
7.0551
7.0305
7.5987
7.0201
7.2849
7.1734
7.2742
7.0881
7.0595
7.1661
7.1006
7.5365
7.1274
7.2847
7.3696
7.2483
7.1831
7.0236
7.3458
6.9696
7.6237
7.0285
7.1846
7.3849
7.2948
7.4017
7.318
7.4382
7.24
7.99
7.6049
7.5572
7.2888
7.4047
7.2704
7.4182
7.3696
8.4949
8.6132
10.984
7.8663
7.3034
7.3073
7.2042
7.2277
7.5379
7.1656
7.2568
7.0742
7.3648
7.1341
7.194
7.1391
7.0715
7.5919
7.0437
7.3325
7.064
7.3629
7.0784
7.4259
7.1873
7.2527
8.2671
7.1842
7.364
7.1672
7.3168
7.0197
7.2821
7.1118
7.5282
7.2534
6.9687
7.1701
7.0591
7.1883
6.9594
7.0782
7.5719
7.4557
7.2535
7.1989
7.2245
7.0765
7.205
7.2927
7.1708
7.1665
7.5584
7.1563
7.2182
7.0431
7.0722
7.1255
7.3538
6.967
7.0359
7.3661
6.87
7.0543
6.7711
6.9877
7.1072
7.0888
7.1047
7.0081
7.5446
6.9911
7.3563
7.1618
7.6112
6.9598
6.8778
7.4255
6.8558
7.3908
6.8735
7.2045
6.793
7.0037
7.1505
6.8905
7.037
6.8526
7.5329
6.9955
7.3186
7.0677
6.8994
6.9838
6.8975
7.2681
6.8632
7.3663
6.9621
6.9255
6.9537
6.7888
7.0517
6.9833
6.9889
7.1855
7.2781
7.0985
6.9226
6.785
6.9816
6.8459
6.9398
7.3912
6.9015
6.9684
6.7972
6.8424
6.8637
6.9697
7.0063
6.932
7.9497
6.8286
7.1285
6.8965
6.9491
6.9588
6.7447
7.0112
6.7229
7.3502
6.7157
6.6576
6.9353
6.7079
6.9805
6.7746
7.0508
6.8738
6.7858
7.3773
6.7595
6.9478
6.703
7.3343
8.3648
9.5775
8.6457
6.8967
6.8035
6.6994
6.7421
6.704
6.8676
7.1046
6.7697
6.6904
7.0242
6.7163
6.5926
6.5066
6.7094
6.8558
6.6516
6.6134
6.6603
6.6886
7.3331
6.7176
6.7271
6.6992
6.812
6.7449
6.8103
6.9826
6.8114
8.2107
7.1466
7.4687
6.7207
6.7727
6.8035
6.7564
7.3578
6.6482
7.0695
6.9814
6.7805
6.6011
6.5679
6.9547
6.7091
7.332
6.6933
6.8155
7.0615
6.8759
7.2547
6.9675
7.0996
7.0983
7.4441
7.2765
7.0456
7.1183
7.079
7.1739
7.1603
7.2624
7.3372
7.6833
7.4445
7.1982
7.1756
7.1032
7.099
7.2126
7.2326
7.5107
7.8417
7.219
7.2055
7.2015
7.1487
7.0377
7.2461
7.2366
7.3315
7.8782
7.3464
7.3672
7.2492
7.4808
7.291
7.8519
7.3161
7.9939
7.4571
7.5948
7.4018
7.4077
7.3811
7.2124
7.3576
7.0723
7.8195
7.0641
7.3719
7.1481
7.265
7.5992
7.1101
7.3163
7.1591
7.6926
7.1355
7.4416
7.2062
7.3532
7.3203
7.3096
7.2573
7.6018
7.2822
7.0361
7.3299
7.3672
7.2219
7.0678
7.1954
7.0975
7.5868
7.3353
7.2005
7.2617
7.1957
7.1231
7.1559
7.2192
7.3677
7.6906
7.5167
7.8485
7.3644
7.591
7.3269
7.7895
7.3472
7.6527
9.0778
10.1314
9.4597
7.5034
7.207
7.5582
7.36
7.8882
7.3213
7.6417
7.4544
7.4902
7.4783
7.3915
8.0415
7.2605
7.8894
7.188
7.5281
7.2323
7.3177
7.2843
7.3354
7.3047
7.7591
7.4061
7.6753
7.2949
7.0536
7.0003
7.1104
7.1162
7.0241
7.2934
6.9402
6.8537
6.8252
6.9214
7.0258
6.905
6.8738
6.8171
7.584
6.7866
6.9863
6.7891
6.8499
6.8288
6.6795
6.8752
6.6895
7.226
6.7254
6.6378
7.0551
6.6492
6.8754
6.6674
7.1091
6.6252
6.5808
7.1491
6.682
6.712
6.5388
6.7101
7.0729
6.6289
6.8294
6.5264
7.0437
6.6216
6.4604
6.7398
6.7154
6.6597
6.6698
6.8306
6.7909
6.6341
7.0128
6.6173
6.4784
6.6371
6.428
6.5902
6.6567
6.5498
6.6905
6.5095
6.9427
6.5886
6.6485
6.7738
6.5867
6.6872
6.803
7.1643
6.6532
6.6532
6.472
6.8837
6.5327
6.6634
6.5726
6.5455
7.5019
6.4195
6.7175
6.5275
6.4419
6.7138
6.4979
6.7443
6.501
6.4413
7.0098
6.4535
6.7316
6.3454
6.4171
6.8024
6.7075
6.782
6.3259
6.3056
7.1274
6.3549
6.5472
6.3204
6.4913
6.5156
6.3008
6.4082
6.4515
6.679
6.5444
6.3125
6.3828
6.5117
6.4678
6.3665
6.2525
6.5662
6.3927
6.6779
6.2311
6.4133
6.3311
6.4446
6.8114
7.8921
8.075
9.1084
7.1002
6.5491
6.5115
6.6299
6.608
6.5569
6.3882
6.5929
7.0513
6.6203
7.0014
6.5317
6.723
6.5943
6.7226
6.9182
6.8132
6.7619
6.4078
6.9327
8.2316
6.7179
6.9043
6.6885
6.934
6.78
6.8064
6.4311
6.3651
7.1308
6.3754
6.7143
6.8013
6.3999
6.5674
6.3257
6.5186
6.4757
6.2837
7.0235
6.3788
6.3602
6.4862
6.3113
6.4219
6.3337
6.5321
6.6069
7.1198
6.5146
6.3556
6.5118
6.6517
6.5851
6.6724
6.5288
6.4805
6.4882
7.02
6.4361
6.4836
6.3917
6.7414
6.8926
6.7115
6.6455
6.3915
6.4744
6.8988
6.419
6.6035
6.2846
6.4378
6.3832
6.3725
6.5928
6.4441
6.9519
6.749
6.4258
6.5025
6.4791
6.5971
6.2691
6.3705
6.4682
6.2568
6.6712
6.3641
6.2341
6.335
6.1982
6.3121
6.3815
6.2466
6.3096
6.4003
6.9219
6.3831
6.1236
6.3885
6.4063
6.3686
6.3493
6.2846
6.2227
6.3861
6.5929
6.4011
6.4585
6.3032
6.3244
6.3539
6.6054
6.3464
6.4935
6.4816
6.8507
6.6648
6.6368
6.5069
6.6585
6.8968
6.4673
6.5845
6.6634
6.4832
6.8786
6.5294
6.9519
6.3793
6.6666
6.7023
6.3857
6.5961
6.3611
6.5443
6.4537
6.3535
7.5185
6.5159
6.5924
6.3445
6.4041
6.663
6.6742
6.4519
6.4493
6.301
6.9554
6.3791
6.2931
6.2926
6.2167
7.5372
7.2035
8.9337
6.8817
6.7163
6.3225
6.3234
6.7504
6.205
6.3053
6.3159
6.2636
6.2095
6.238
6.371
6.3278
6.0744
6.2791
6.3412
6.2549
6.2049
6.5927
6.8058
6.7856
6.3836
6.1473
6.4115
6.2793
6.3565
6.3601
6.1987
6.3043
6.9186
6.2752
6.5222
6.3745
6.4903
6.2624
6.342
6.8508
6.2521
6.7048
6.6158
6.2376
6.55
6.2234
6.4763
6.1857
6.2622
6.3982
6.3212
6.4077
6.8237
6.1978
6.4744
6.2033
6.268
6.2932
6.1392
6.2976
6.3138
6.1762
6.4774
6.1613
6.8917
6.2149
6.2547
6.2793
6.2545
6.2423
6.1877
6.2209
6.5985
7.0966
6.7022
6.2443
6.0069
6.14
6.2279
6.1363
6.0704
6.2645
6.2517
6.1916
6.1204
5.9978
6.1556
6.3863
6.3014
6.2037
6.024
6.3252
6.6055
6.0311
6.2268
6.0656
6.0714
6.3177
6.1116
6.0326
6.3076
6.127
6.821
6.2829
6.4096
6.4961
6.0651
6.2528
6.1303
6.1445
6.4003
6.1274
6.3894
6.4965
6.0661
6.3124
6.0477
6.0234
6.237
6.1382
6.4326
6.1665
6.0306
6.7071
6.0822
6.1135
6.1685
6.0629
6.1225
6.1589
6.229
6.1859
6.122
6.4572
6.308
6.151
6.3817
6.3146
6.1283
6.0394
6.2367
6.2859
6.2455
6.7907
6.1088
6.2043
6.1469
6.0468
6.3524
6.0963
6.2533
6.1615
6.3808
6.7902
6.0657
6.0525
6.2969
6.0133
6.1753
6.1405
5.9641
6.2387
6.0332
5.9811
7.4346
6.8958
9.3659
6.6081
6.5395
5.9795
6.0193
6.3176
6.0589
6.6184
6.1916
6.0141
6.217
5.9865
6.5563
8.1139
6.2535
6.2698
6.1145
6.632
6.1926
6.0488
6.1868
6.2243
6.1823
6.185
6.0937
6.178
6.1343
5.9581
6.6136
6.1819
6.186
6.1664
6.0317
6.1174
6.1919
6.4479
6.0327
6.0947
6.5508
6.1069
6.1302
6.0461
6.0839
6.1302
6.0464
6.1472
6.1222
6.1747
6.7239
6.0609
6.2422
6.5117
6.1272
6.3314
6.0924
6.1327
7.2123
6.1668
6.804
6.1704
6.1601
6.2701
6.1483
6.4982
6.1745
6.175
6.5213
6.5109
6.6917
6.3683
6.1317
6.4678
6.1168
6.1461
6.2019
6.1051
6.1235
6.2447
6.1905
6.9962
6.1181
6.1753
6.3791
6.4418
6.231
6.2277
6.3121
6.3345
6.1599
6.7719
6.2582
6.2078
6.2925
6.1647
6.2132
6.4303
6.2321
6.1039
6.3194
6.9232
6.2051
6.2253
6.1143
6.2102
6.1173
6.0775
6.2752
6.0957
6.2502
6.5993
6.0723
6.2544
6.1259
6.0087
6.2595
6.327
6.1565
6.0781
5.9823
6.5755
5.9833
5.9676
6.1639
5.9658
6.003
6.277
5.9981
6.3068
6.1133
5.9821
6.7377
6.2665
6.0508
6.1731
6.0122
6.512
6.0258
6.0925
6.1382
6.004
6.4571
6.1305
5.9352
6.1922
6.1743
6.2632
6.1503
6.0444
6.0695
6.1151
6.0931
6.5233
6.0945
6.0804
6.1488
5.9658
6.2114
6.1622
6.3956
6.0087
6.1116
6.7374
6.1125
6.4309
7.4411
7.4605
8.8569
6.3556
6.0327
5.9317
6.102
5.9477
6.0853
6.0416
5.9937
6.091
6.3955
6.1098
6.1987
6.0642
6.3061
6.2146
5.9822
6.3274
5.9765
5.9472
6.3787
5.9886
6.0289
6.1591
5.9982
6.0741
6.1161
6.0141
6.3552
6.1018
6.6404
6.3242
5.9051
6.0607
6.1335
6.1382
6.1241
6.015
6.1029
6.1357
6.0237
6.6158
6.2684
6.0523
6.1108
6.1639
6.4608
6.0762
6.1022
6.0124
6.1019
6.5835
5.9969
6.0411
6.0181
6.1033
6.0488
5.9485
6.1484
5.977
5.9448
6.2881
6.7725
6.0684
6.1176
5.9705
6.0931
5.9923
5.9142
6.1424
5.9417
5.9741
6.619
6.023
6.1308
6.0982
6.0537
6.3626
6.4349
6.0882
6.2072
6.0939
6.5251
6.0491
6.023
6.2252
6.0536
6.0709
6.2491
6.0294
6.042
6.1578
5.9954
6.8149
6.4551
6.0549
6.1145
5.9954
6.0478
6.1115
6.2953
6.0691
5.9708
6.5333
6.0823
5.995
5.98
6.1528
6.007
5.9236
6.0032
6.1536
6.004
6.5564
5.9386
6.0388
5.996
5.9105
6.0181
6.0914
5.9699
6.1359
5.8947
6.13
6.5158
5.9188
6.2622
6.2635
6.0582
6.2356
6.0591
6.2027
6.3211
6.0015
6.6073
5.974
5.9449
6.1051
6.004
6.0435
6.1185
6.036
6.2426
6.2715
5.9524
6.7285
5.9123
6.0029
6.0769
5.8928
6.1111
5.8934
5.8723
6.181
5.8871
6.3584
6.0793
5.9205
6.0113
6.3562
5.91
6.0655
5.9827
6.1404
6.0644
5.8785
7.0634
6.9454
8.2455
7.7071
6.1065
6.1913
6.0648
5.9758
6.1652
6.7228
5.9321
6.195
6.0006
5.9141
6.0871
6.0756
6.0407
6.0539
5.9475
6.0283
6.3944
5.9217
6.1154
6.0107
6.1125
6.4625
5.9891
6.1368
6.2452
5.987
6.6055
6.0257
6.029
6.3421
6.0302
6.2346
6.0387
6.066
6.3914
6.13
6.3371
7.1029
6.0562
6.2088
6.0647
6.1328
6.637
6.0051
6.0958
6.124
6.0849
6.8006
6.043
6.1416
6.1778
6.0778
6.2884
6.7043
6.2543
6.4089
6.2618
6.869
6.459
6.3309
6.2229
6.4028
6.4087
6.4613
6.3403
6.306
6.4102
6.8302
6.587
6.4867
6.4571
6.5849
6.517
6.7267
6.4621
6.1229
6.3482
6.5944
6.0814
6.3354
6.1604
6.2378
6.2193
6.2024
6.2595
6.2153
6.541
6.8006
6.2442
6.4733
6.2027
6.1961
6.5134
6.1141
6.377
6.1756
6.1054
6.7663
6.2145
6.1717
6.1997
6.145
6.6096
6.0594
6.09
6.3398
5.9926
6.5395
6.0472
5.9522
6.092
6.0802
6.3416
6.7109
6.0369
6.162
6.1514
6.0905
6.8095
5.9661
6.0355
6.1654
6.0624
6.3698
6.1293
6.1137
6.0231
6.2099
6.5022
6.1966
6.14
6.0967
6.0959
6.1736
6.2817
6.0092
5.9658
5.9633
6.5717
5.893
6.0601
6.2192
5.9239
6.0645
5.9793
5.8997
6.1072
5.7321
5.6893
6.5954
5.9732
6.0016
6.0889
5.7426
5.9275
5.8796
5.681
5.9858
5.7161
5.6691
6.3787
5.7144
6.3272
7.0751
7.0563
9.0744
6.3997
6.1499
5.6953
6.388
5.9124
5.7023
5.8817
5.8665
5.6989
5.8043
5.8526
5.8542
5.7521
5.8141
6.0223
5.9148
6.0308
5.7546
5.8649
5.7181
5.7867
5.8793
5.8359
5.7849
5.8851
6.1107
5.6809
5.8065
5.8634
5.7221
5.9656
5.8636
5.8665
5.819
5.6853
5.8955
6.2058
5.685
5.922
5.9649
5.7018
6.0993
5.6787
5.7136
5.9096
5.6744
5.7044
6.3134
5.7963
6.1749
5.7844
5.7056
6.0272
5.7066
5.6733
5.9736
5.6808
5.6529
6.5784
5.6953
5.6588
5.9028
5.6965
5.7458
5.9431
6.0223
6.0261
5.7713
5.7042
7.0015
5.7127
5.8192
6.0972
5.8833
6.0484
5.9948
5.9719
6.0812
6.5991
7.8139
7.6253
7.4517
7.2265
7.3403
7.2411
7.2521
7.1378
7.2788
7.2207
7.1919
7.7963
7.3628
7.3567
7.2327
7.4795
7.0932
7.4642
7.4082
7.1837
7.5327
7.5528
7.2448
7.176
7.2288
7.2897
7.4122
7.0445
7.8552
7.2645
7.3946
7.0696
6.9919
7.3876
7.5022
7.322
7.0092
6.5926
5.8574
5.9002
6.0627
5.9058
5.9723
6.0204
5.8978
5.9266
6.0209
5.8612
6.4685
6.0814
6.2694
6.0037
5.8489
6.0775
5.9764
5.884
6.665
5.9887
6.4345
5.9982
5.8786
5.929
5.9754
5.9333
5.9021
6.081
6.3534
5.8659
6.0451
5.9345
5.8632
6.1761
5.8983
6.0753
5.9255
5.8901
6.0379
7.6939
6.3525
5.9789
5.8763
6.017
7.0022
6.9558
8.4919
7.1718
6.045
6.0012
5.8512
6.3558
6.107
6.3154
6.1487
6.123
6.3157
6.0853
6.1079
6.6667
5.9069
6.3975
5.9303
5.8756
6.1455
5.8809
5.9629
5.9701
6.0103
6.4752
6.0174
5.9199
6.0035
6.021
5.9611
5.9986
5.9967
6.3097
5.984
5.8917
6.5357
5.9495
5.9567
5.8968
5.9803
6.0835
6.0187
5.8978
6.0351
6.0039
6.3892
5.8984
6.0924
6.3197
5.8219
6.0575
5.9932
5.9352
5.9858
5.9274
5.9766
5.9546
6.0004
6.0211
6.5311
5.9046
6.1424
5.9207
6.0795
6.2962
5.8939
6.1024
5.9271
5.9186
6.4065
6.0647
6.1864
6.2095
6.1944
6.262
6.0861
6.0857
6.1473
5.8355
6.3133
6.2008
5.6827
5.7422
5.8028
5.6815
5.9184
5.706
5.6543
5.9384
5.6956
6.103
5.8966
5.6873
5.7537
5.8332
5.7625
6.2019
5.8136
5.769
5.7219
5.8041
6.1644
5.7218
5.8205
5.8063
5.7822
5.7035
5.7968
5.8793
5.7814
5.7812
5.9118
6.4259
5.6717
5.8447
5.9084
5.6917
5.8236
5.9368
5.6958
5.9327
5.6822
5.6752
6.3054
5.675
5.8152
5.8908
5.7276
5.8127
5.8305
5.6756
5.9048
5.7044
5.6878
6.3835
5.718
5.7277
5.9692
5.7164
5.7331
6.0987
5.6954
5.8001
6.0484
5.7806
6.7361
5.7127
5.7385
5.9898
6.1687
5.8568
5.828
5.7578
5.8557
5.8345
5.7012
5.8222
5.8136
5.7024
6.568
5.9532
6.1607
5.8704
5.7158
5.7516
5.8272
5.7028
5.7684
5.8439
5.8975
6.0595
5.8494
6.5414
7.1567
7.8659
8.1045
6.1473
6.321
5.9629
6.2144
5.7151
5.845
5.88
5.6769
5.8402
5.8246
5.6867
5.9762
5.6884
5.7135
6.2459
5.7084
5.9797
6.1114
5.8778
6.0715
5.7334
5.6764
5.9697
5.6925
5.7044
6.4588
5.732
5.6898
5.9319
5.7063
5.9898
5.9756
5.9829
6.3014
5.8675
5.8819
6.6015
5.8397
5.8976
6.0099
5.8594
6.0212
5.9777
5.8738
6.0618
5.869
6.4231
5.9911
5.932
6.3771
6.0164
5.8627
6.0964
5.9838
5.9799
6.0263
5.8974
6.3466
6.019
5.9094
5.9265
5.9716
5.9896
5.8488
6.1475
6.2787
5.9563
5.8723
6.4623
6.0922
5.9805
5.9209
6.0013
5.9088
5.8942
6.0459
5.9292
5.8722
6.5182
5.8633
5.9966
5.972
5.8042
5.9708
5.9863
5.8604
6.1047
5.9952
5.8818
6.5093
5.8825
6.1277
5.9333
5.8409
6.0582
5.8262
5.8748
6.3612
6.1983
5.9484
6.5365
5.9274
6.0517
6.0063
5.8966
6.1355
5.8924
6.2049
5.9491
5.8527
6.4352
6.0027
5.8298
6.2579
6.179
5.9133
6.0353
5.8714
5.9803
6.0581
5.9376
6.3458
6.0239
6.0851
5.9762
5.9108
6.0115
6.0206
5.8482
6.1055
6.3239
6.2889
5.8571
6.0687
5.9167
5.8429
6.0158
6.2216
5.9341
6.0464
5.981
5.9518
6.1534
5.9479
5.8886
6.0237
6.2515
6.0286
5.8489
6.0603
6.3589
5.8392
6.2782
7.4009
6.0367
6.1432
5.8946
6.0412
5.8994
5.8282
6.3344
6.2407
6.4099
6.3651
6.1428
6.2882
6.1401
6.0807
7.3418
6.8815
8.2717
7.2752
6.0201
6.015
5.8525
5.9997
6.0501
5.9741
6.6117
5.8916
6.4234
6.0311
5.8753
6.0059
5.9691
5.9683
5.9016
6.1496
5.963
6.0282
5.8878
6.4996
6.009
6.0399
6.323
5.9801
5.9688
5.9442
6.0589
5.9384
5.9391
6.4176
5.8336
5.9654
6.0895
5.8837
5.9886
5.9672
5.8465
6.166
5.8422
6.0278
6.4771
5.9071
6.1315
5.867
5.9193
6.0291
5.8878
5.8818
6.0389
6.0109
5.9487
6.3295
5.8962
6.0874
5.9549
6.1875
6.0645
5.8924
5.9342
6.0061
5.882
6.4164
5.9924
5.8665
6.0743
5.9141
6.0397
6.0352
5.8806
5.9257
6.0368
6.1991
6.5179
5.9662
6.018
6.0028
5.8706
5.9789
5.9689
5.8593
6.0423
5.9907
6.4208
6.0002
6.0384
5.9465
6.0268
6.2276
6.0414
6.0136
5.9478
5.8692
6.0308
6.4379
5.8858
6.1351
5.8788
5.9324
6.036
5.8874
6.1346
6.2587
5.9544
6.7501
5.8693
5.8847
6.0549
5.8599
5.944
6.0613
5.8626
6.0351
5.9096
5.9172
6.3687
5.8849
5.8816
6.1764
5.9822
6.2427
5.9949
5.8689
6.4711
5.8326
5.9387
6.5976
5.8658
5.9819
5.9793
5.8977
5.9757
6.0033
6.0722
6.0346
6.0776
6.8163
5.9767
5.8187
5.9579
5.9863
5.938
5.8678
5.9566
5.9609
5.9962
5.8881
6.5842
5.9907
5.9539
5.844
6.0936
6.5313
5.9153
6.1704
5.9376
5.9758
6.3649
5.8726
6.03
5.9505
5.8716
6.0761
5.9201
5.8521
6.1092
5.9026
5.8865
7.3255
6.8519
8.9074
7.1067
6.1039
5.8276
5.8655
6.1282
5.9407
6.135
6.2422
5.8872
6.0857
5.8961
5.8951
6.3647
5.9794
6.476
5.999
5.8773
6.4395
6.01
5.886
6.1007
5.884
5.9636
5.997
5.8711
6.2598
5.9829
5.8844
6.4215
6.1433
6.3253
6.0487
5.9032
5.9678
5.996
6.0368
5.8851
6.0728
6.0865
5.8698
6.0023
5.9672
5.9789
5.9676
6.2791
6.0938
6.3056
6.0109
5.9733
5.9715
5.8869
6.1366
5.8815
6.0496
6.4839
5.8649
6.003
6.0045
5.8688
6.1033
5.8178
5.9536
6.4667
5.8845
6.069
6.4159
5.9049
6.0579
5.8678
5.8839
6.1893
5.8801
5.8689
6.0188
5.8757
6.4551
5.9766
5.9667
6.4455
5.8196
5.8765
6.1808
5.8905
5.9883
6.0481
5.8863
6.5602
6.0401
5.9912
5.9746
5.9103
5.9548
5.9735
5.9627
6.3003
5.9487
6.5612
5.907
6.0648
5.9386
6.0387
5.8721
5.9472
6.0339
5.9359
5.8455
5.9901
6.5276
5.8294
6.2267
6.2237
5.9697
5.965
5.8871
5.9707
6.0186
5.878
6.265
6.2719
5.8936
6.1235
5.8739
5.9953
5.9599
5.9014
6.0894
5.9338
6.052
6.1127
5.9195
5.8894
6.0421
5.9832
5.9556
6.0704
5.8641
6.5707
5.8813
5.8659
6.1002
5.8832
6.2
7.8175
6.2345
6.2499
5.8679
6.3069
6.0221
5.9029
6.0169
5.9942
5.914
5.951
6.0271
6.0627
5.9691
5.8277
6.4343
6.0711
6.2144
6.0478
6.0718
5.9119
5.8971
6.0096
5.9672
6.1218
5.869
7.2646
7.0401
8.8659
6.6406
5.9774
5.8336
6.0433
6.2917
5.945
6.5139
5.8898
6.0063
5.9656
5.8943
6.0612
6.044
5.8746
6.0909
5.9159
5.8786
6.4971
5.8586
6.115
6.2533
5.8881
6.0983
5.9207
5.9066
6.0206
5.8367
5.876
6.4528
5.9038
6.0543
5.889
5.8718
6.0473
5.8736
5.9466
6.4221
5.9238
6.4235
6.0298
5.9147
6.1691
5.9178
6.0876
6.0007
5.9717
5.9977
6.0491
5.8759
6.4876
5.9851
6.0068
6.3011
5.8892
5.9432
6.0201
5.9332
5.898
5.9951
6.3883
5.9043
6.0216
6.1363
5.9224
6.042
5.9004
5.9744
6.0392
6.1848
6.0208
6.4315
5.8612
6.2419
5.8758
5.8764
6.0876
5.8621
6.0089
5.9709
5.9841
6.4888
5.8963
5.8948
6.1098
5.9213
5.9249
6.0376
5.8028
6.27
5.8921
5.7964
6.5131
5.8749
5.8762
6.0771
5.8869
6.092
6.0151
5.8856
6.0825
6.0182
6.2401
6.4998
5.8668
5.9524
6.043
5.8983
6.0008
5.9947
5.8858
5.9988
6.0171
6.4723
6.201
5.9114
6.0766
6.0439
6.2511
5.8906
6.0012
6.1157
5.9619
5.9165
7.0366
6.0465
5.9625
5.8677
6.0184
6.067
5.8895
6.0708
6.008
6.0213
6.7007
5.8761
5.9505
5.9911
5.8772
6.0001
6.0272
5.9257
6.062
5.9494
5.9285
6.5375
5.8948
6.1017
5.9652
5.9539
6.3384
5.8735
5.9009
6.1167
5.9342
6.5732
5.9174
5.8961
6.2131
5.8787
5.8801
6.0423
5.9098
5.9587
6.0524
6.0645
6.8436
5.9167
6.0952
7.4597
6.9918
8.3236
6.2412
6.0652
5.995
6.2822
6.1022
6.0576
5.9645
6.0485
5.837
6.2261
6.3409
5.9459
5.8189
6.0309
6.3442
5.8774
6.1809
5.881
5.9275
5.9776
5.881
5.9941
5.9253
5.8683
6.0839
5.9553
6.2658
6.0104
5.8917
5.9131
6.5955
5.8856
6.0835
5.8829
5.8647
6.048
5.9731
5.8528
6.0918
5.9086
6.1372
6.4609
5.8699
6.1865
5.8629
5.8624
6.1144
5.8627
6.2257
6.0993
5.8822
6.3619
6.0552
6.0508
6.0246
5.9158
5.9497
6.0483
5.9837
6.3469
5.867
6.064
5.9083
5.8234
5.792
5.6915
5.8125
5.7969
5.8198
5.6964
5.8991
5.8662
6.0372
5.8386
5.9867
6.1074
5.7287
6.0158
5.8358
5.7205
5.8486
5.8302
5.6905
6.5111
5.7104
5.8729
5.851
5.7443
5.795
5.8617
5.8072
6.2632
5.6864
5.6816
6.5442
5.6876
5.7083
5.9285
5.7155
5.683
6.0225
5.7025
5.8869
5.7157
5.7057
6.0589
5.7764
6.0097
6.236
5.8563
5.9594
5.9671
5.9711
5.9994
6.0179
5.9991
6.5043
5.9051
5.9637
5.9696
5.9542
5.9627
6.0469
6.2124
5.9942
6.0109
6.4773
5.9969
5.8655
6.0795
5.9935
5.8505
7.6619
6.044
5.9683
5.8905
5.9907
6.4672
6.1057
6.2748
5.8777
6.0394
6.076
5.8503
6.145
6.0229
5.8593
6.6059
5.8482
5.9799
5.9376
5.8436
6.0963
5.8696
5.9843
6.4073
5.8417
5.8759
6.6993
5.9246
6.0381
5.9515
6.0736
6.1602
5.93
5.88
6.3317
5.7065
6.6126
7.1182
6.8692
9.2062
5.9804
6.1353
5.9297
5.881
6.0476
5.8972
6.4678
6.0073
5.9059
6.1879
5.8833
5.982
5.9586
5.8701
6.014
6.0223
6.68
5.9989
6.0108
5.9397
5.8598
5.9984
5.9286
6.0458
6.1276
5.8405
6.0025
6.4749
5.9248
6.0143
6.0009
5.9938
6.4042
5.8911
6.0114
5.9585
5.8749
5.9838
6.4287
5.8585
6.2149
5.8858
5.8997
6.1814
5.9099
5.949
6.0011
5.9802
6.9016
5.9066
5.9417
6.1576
5.8919
5.9844
6.048
5.8808
6.0679
5.9875
5.8781
6.5733
5.8648
6.0417
6.0392
5.9758
6.3319
6.0354
5.9106
6.1127
5.8513
6.3645
6.03
5.93
5.9268
6.0008
5.9982
6.0097
6.0497
6.184
5.9839
5.9522
6.7499
5.9916
5.9536
5.8755
6.0151
5.9274
5.8738
5.9704
5.9345
5.8856
5.9753
6.5331
6.0164
5.9527
5.8564
6.1302
6.2552
5.8839
6.2947
6.0508
6.0798
6.3913
5.9032
6.0551
5.8895
5.9225
6.3582
5.9948
6.0787
6.139
5.889
6.0462
6.8486
5.8898
6.0199
5.9474
5.9017
6.2081
5.9178
5.9006
6.089
5.8714
6.0904
5.8385
5.888
6.3577
5.8873
5.8448
6.5495
5.8734
6.0032
6.0392
5.9006
6.0303
5.9964
5.9877
6.7312
5.961
6.7064
6.3731
6.4012
6.3585
5.9843
6.0913
6.1397
6.2303
5.9315
5.8516
5.8069
5.7301
5.8465
5.9575
5.9187
6.0028
5.9536
6.0336
6.1241
5.9195
6.0088
6.5121
6.1935
6.5234
5.8961
5.8894
6.1076
5.8401
6.0109
6.9364
6.8222
7.5455
7.5548
6.0376
5.8446
5.8155
6.2009
6.0173
5.97
6.5265
6.1082
6.6633
6.062
6.1009
6.3117
6.085
6.2533
6.046
5.8736
6.1416
5.911
5.886
6.5909
5.9718
6.0182
6.3071
5.9636
5.9539
6.0095
5.9045
6.1123
5.8704
6.4847
6.0291
5.9066
5.9484
6.0064
5.8224
6.1057
6.0961
6.162
6.3118
5.9076
6.5983
6.0081
5.9314
5.8699
5.9956
5.9391
5.8855
6.0186
6.0488
5.9436
6.5419
5.8819
6.0362
6.1218
6.2658
6.0336
5.9555
5.899
6.2323
5.8787
5.9687
6.4934
5.865
6.0263
6.0657
5.8535
6.051
5.9197
5.8732
6.5843
6.2284
6.4732
5.8743
5.8857
6.2395
5.8136
5.8724
6.1177
5.8767
5.9638
6.0218
5.8777
6.5535
5.9151
5.8671
6.0416
5.8734
6.0511
6.1031
5.9046
6.0027
5.9904
5.9898
6.592
5.9555
5.9157
5.9709
5.9733
6.0652
6.0159
5.9514
5.9815
6.0817
6.2571
5.9225
6.0868
6.1085
6.0021
5.8722
5.9696
6.0475
6.5151
5.8868
6.0016
5.9061
5.8651
5.9805
5.9393
6.0573
7.5014
6.5025
6.0836
6.6261
5.8746
6.1394
5.8797
6.0457
5.9588
5.8884
6.0834
5.8526
5.8648
6.5546
5.8873
5.9816
6.4611
5.8648
6.0558
5.8807
6.0161
6.0733
5.9443
5.8563
6.472
5.8855
5.9461
6.024
5.8703
5.9491
5.9247
5.9931
6.7212
5.8669
6.4727
5.9988
5.8926
6.0636
5.9838
5.8631
6.1741
5.8417
5.974
5.9864
5.9068
7.055
7.2142
7.7688
7.7369
5.9286
5.8613
6.072
5.9399
6.155
5.8943
6.4081
6.0291
5.9891
5.8871
5.9714
6.0894
5.9017
6.0087
6.0622
6.3227
6.4093
5.8936
5.9536
5.9623
5.9075
6.0249
5.9737
5.9067
6.1143
5.8936
5.9135
6.5124
5.8862
6.0997
5.9291
6.2072
6.0786
5.8554
5.8729
6.039
5.8441
5.8626
6.563
5.8741
6.1836
5.8961
5.8549
6.1831
5.8997
6.0371
5.9923
5.9144
6.433
6.0168
5.8919
6.1058
5.8555
5.9837
5.9962
5.9767
5.967
6.041
5.8773
6.4299
6.0017
5.9174
5.9381
6.0565
6.4481
6.0176
5.9374
6.1605
5.9994
6.4035
5.8483
5.9536
6.0701
6.0647
5.9168
6.0255
6.0513
5.9667
5.8665
6.1062
6.7247
5.9154
6.2051
5.8813
6.013
5.9695
5.8937
6.0345
6.0177
6.101
6.3726
6.0731
5.9091
6.1006
5.8958
6.011
6.3792
5.9774
6.1663
5.8783
5.8875
6.0995
5.8838
5.8747
6.1363
5.895
6.0656
6.064
5.8597
6.5301
5.871
5.9478
6.3814
5.9015
5.9701
6.0208
5.9195
6.049
6.0125
5.9137
6.4103
5.8656
6.0397
6.0513
5.8934
5.9284
6.0672
5.9675
6.2545
6.0008
6.4999
6.1208
5.8962
5.9993
6.0607
6.0533
5.9508
6.0205
5.988
6.0041
6.0205
6.3493
6.0086
6.041
6.2518
6.0011
6.0037
5.8323
6.0718
6.2816
5.8672
6.4343
5.8992
6.022
5.9715
5.9053
6.3306
5.8456
5.9168
6.2841
6.187
5.8396
6.6027
5.88
6.0946
5.8767
5.8781
7.0906
6.8667
7.6758
8.3778
6.1046
6.088
5.8303
5.9653
6.0104
5.8847
5.994
5.9013
5.9072
6.0742
5.8306
6.5216
5.9656
5.9317
5.9781
6.0093
5.9987
6.0295
5.946
6.0845
5.9879
5.951
6.6727
6.019
5.9559
5.8871
6.076
5.9331
6.0059
5.8989
5.9737
5.9962
6.4722
5.8867
6.0217
6.0365
5.8293
6.0215
6.3726
6.0049
6.0496
5.9051
6.0575
6.3366
5.8991
6.0299
5.8883
5.8948
6.0439
5.9
5.8627
6.1075
6.0068
6.319
6.3937
5.8711
6.1777
5.806
5.8808
6.3211
5.8696
5.9817
6.0739
5.868
6.5774
5.8916
5.8878
6.0841
5.9103
6.1161
6.2801
5.931
6.022
5.9927
5.9156
6.6639
5.8852
5.9577
6.0432
5.865
6.3489
6.0457
5.9405
5.9192
6.0207
6.4953
6.5089
5.8823
5.9773
5.9299
6.1068
5.8944
6.0579
5.9206
5.8781
5.9569
6.4797
6.0273
6.0218
5.8855
6.0545
6.0512
6.1607
6.2381
5.9295
5.8223
6.4685
5.9119
6.0843
6.0001
5.8843
6.6198
6.921
5.9617
6.0579
5.9197
6.3041
6.1819
6.1824
6.2274
6.01
5.9186
6.0488
5.9059
5.9052
6.0769
5.8476
6.4865
5.8848
5.8932
6.0443
5.8675
5.9783
5.9978
5.8569
5.9628
6.0164
5.9789
6.6066
5.8962
5.9443
6.0421
5.8634
6.1789
6.0011
6.0971
5.8875
6.0186
6.4706
6.0302
5.965
6.3064
6.0121
5.9384
6.0059
6.0106
6.2373
5.9076
6.0288
6.3711
6.0069
5.979
5.8726
5.9963
6.0007
5.874
6.0919
7.5187
7.1297
8.6216
6.3332
6.0573
5.8244
6.0604
6.4695
5.8229
6.0709
5.9006
5.9446
6.0705
5.907
5.9366
6.2951
6.1959
6.6096
5.872
5.9612
6.0878
5.8969
5.8466
6.2786
5.8968
5.9352
6.006
5.8673
6.5618
5.8994
6.0495
6.1012
6.2082
5.9792
5.9614
5.894
6.0771
5.997
6.2458
6.2429
5.8185
5.9038
5.9898
5.8902
5.9976
6.0127
5.9612
5.9543
6.347
6.3206
5.9675
5.9135
5.9651
6.135
5.9384
5.8841
6.0661
6.2459
5.8646
6.0198
6.3904
5.8604
6.076
5.9974
6.3337
5.9053
5.8746
5.9919
6.0476
5.9031
6.6335
5.8992
5.8778
6.1596
5.9054
6.0468
5.9126
5.8877
6.57
5.9982
6.179
6.3855
5.9141
5.9214
5.9351
5.8644
6.1217
6.0256
6.0711
6.0705
5.9248
6.452
6.013
5.8659
6.0173
5.9768
5.8988
6.0878
5.8878
5.9549
6.0518
5.9263
6.5733
6.0183
6.1219
5.8849
6.0155
5.9562
6.0014
5.9108
5.9952
5.9835
6.5224
6.2499
6.0103
5.9784
5.9191
5.9703
5.9741
6.0045
5.9288
5.9962
6.0858
6.4017
5.8996
5.973
5.9823
5.8949
6.1285
6.2199
6.0162
5.9323
5.926
5.9676
6.3356
5.8593
6.1048
5.8539
5.9565
6.4186
5.8567
5.8318
6.2423
5.8186
6.3932
6.1813
5.9162
6.1261
5.9033
5.9595
5.9838
5.8904
5.9304
5.9801
5.8809
6.6579
5.9088
6.0202
5.9818
5.9044
6.0868
6.3354
5.9207
5.928
6.0146
6.372
5.9797
5.8837
5.9265
6.0078
5.9098
7.1972
7.1575
8.1058
6.6582
6.1771
5.9323
6.3535
5.9092
6.0155
6.0192
5.9171
5.9477
5.9547
5.9079
5.9752
6.4041
5.8914
6.2164
5.8794
6.0042
5.9773
5.9367
6.3291
6.0278
5.8677
6.5298
5.9814
5.8561
6.0993
5.9197
5.9544
5.9534
5.8947
6.0799
6.0014
5.8675
6.4053
5.9788
6.2245
6.0454
5.8713
6.0502
6.0201
5.8566
6.0994
5.7162
5.6548
6.4736
5.6873
5.7751
5.8838
5.7807
5.9205
5.8056
5.6926
5.7651
5.8253
5.864
6.0136
5.8534
5.794
5.7954
5.7083
5.7961
5.7833
5.6931
5.7539
5.8339
5.6686
6.284
5.9242
6.1659
5.7145
5.8273
5.844
5.6991
5.7836
5.7422
5.7156
6.2225
5.8863
5.8657
6.1538
5.9532
5.8942
5.8553
5.9314
6.3165
5.7384
5.6875
6.4597
5.7163
5.713
5.9384
5.7192
5.842
5.8678
5.7234
6.0241
5.7102
5.74
6.2985
5.7802
6.052
6.0786
5.7187
6.0365
7.5384
5.7792
5.9422
5.7587
5.7005
6.3584
5.7008
5.8686
5.8231
5.6926
5.8178
5.9389
5.9835
5.839
5.9937
5.6917
6.3505
5.7115
5.783
5.8262
5.6943
5.8056
5.8696
5.6964
5.7995
5.8408
5.8517
6.1144
6.148
5.9629
5.6956
5.9424
5.7953
5.7091
5.8351
5.8452
5.8238
6.2825
5.7246
5.8336
5.7788
5.7083
5.8017
5.8786
6.0141
5.8222
5.9087
5.7005
6.3889
5.8411
5.6992
6.0473
5.6935
5.8302
5.805
5.6995
5.9796
5.7121
5.7336
6.2813
6.0215
5.7068
5.9327
5.6941
5.94
5.8562
5.8462
6.5804
7.1403
7.1512
8.8609
5.9148
6.0502
5.6963
5.8373
5.8511
5.6866
5.7842
5.8367
5.6932
6.2403
5.8372
5.8991
5.8969
5.8308
5.8137
5.8278
5.7159
5.7827
5.8404
5.6927
6.1845
5.9021
6.6408
5.7221
5.8571
5.8094
5.7194
5.8909
5.8147
5.8494
6.3521
5.7204
5.852
5.8158
5.6895
5.8334
5.8344
5.803
6.3611
5.8917
5.6818
6.4248
5.727
5.7076
5.9786
5.7161
5.8167
5.9371
5.7149
5.9218
5.6841
5.6969
6.2105
5.7593
5.9861
5.8882
5.6957
5.7243
5.788
5.6965
5.7543
5.8338
5.7017
5.8942
5.8913
5.6818
6.1269
6.03
5.9557
6.1289
6.1902
5.9613
6.0521
5.9801
6.3792
6.1011
5.9093
5.8913
6.0136
5.9648
5.9935
6.0855
5.9274
6.0201
6.3551
5.9452
6.3088
5.8921
5.8747
5.9885
5.9489
6.0462
5.925
5.9074
6.0187
6.4917
5.83
5.9865
6.0947
5.8238
6.0536
5.9418
6.2078
6.2335
5.89
6.1563
6.2516
5.8759
6.0727
5.86
5.8955
6.1814
6.196
6.2237
6.1413
6.2128
6.7446
6.1795
6.4288
6.105
5.903
6.0884
5.9869
5.9012
6.419
5.8385
5.9787
5.9727
5.898
5.9328
5.9969
5.8601
6.5064
6.0389
5.8684
5.9784
5.8884
5.9546
6.0102
5.9049
6.0492
6.034
6.3395
5.9209
5.9272
6.0036
5.9838
5.8679
5.9657
6.1164
6.1361
6.1968
5.9802
6.4054
5.8842
5.98
6.1068
6.0157
6.1003
5.8587
6.0144
6.0854
5.8324
6.3759
5.9836
5.8028
6.2853
6.2488
5.9122
7.1528
6.8151
8.9686
6.69
6.2807
5.876
5.8231
6.1897
5.9106
5.9205
6.052
5.852
6.0839
6.0922
6.2218
6.4594
5.8629
5.9103
6.0069
5.8728
5.965
6.0287
5.8137
5.9551
5.9654
6.4539
5.9839
5.8918
5.9324
6.048
6.2912
5.9505
5.9919
6.0194
5.8518
6.0574
6.3661
6.0104
5.883
6.2597
5.9759
5.9447
5.8792
5.9792
5.9876
5.9495
6.2924
6.5513
6.0564
6.0384
5.8853
5.997
5.9375
5.8985
6.0833
5.8248
5.8387
6.4598
5.8643
5.9684
6.302
5.9698
6.3756
5.9128
5.9686
6.0432
5.8804
5.8799
6.3727
5.9546
6.3201
5.8803
5.906
6.0873
5.8234
5.921
6.0588
5.9489
6.7832
6.0018
5.8465
6.1929
5.9276
5.9532
6.0095
5.891
5.96
5.9939
5.8662
6.4244
5.9591
5.9891
5.8841
5.9592
7.3269
6.4936
5.9098
5.9263
6.011
6.3578
5.8707
6.0861
5.9475
5.9374
5.9655
5.884
5.9772
6.0803
5.848
6.0241
6.3747
6.2058
6.1481
5.8692
6.0573
5.9678
5.8723
5.964
6.1635
5.8541
6.649
5.8996
5.8937
6.0923
5.9184
6.037
5.9096
6.2085
6.0985
5.8913
5.9237
6.5698
5.8639
5.9494
6.0081
5.8478
6.1583
5.9426
5.8657
6.1223
5.886
6.0504
6.4746
6.2491
5.9129
6.0097
5.9234
5.9041
6.0918
6.0361
6.022
5.8514
6.3963
5.9914
5.9035
6.0818
6.0025
6
5.9209
6.34
6.0553
5.9761
5.8991
6.5111
5.9297
6.1277
5.8456
5.9563
5.9242
5.913
6.0099
7.2093
6.7115
8.9365
6.6436
6.3977
5.977
6.0967
6.1532
6.1
6.3355
6.0203
6.0083
6.4292
5.8673
6.0956
5.9052
5.8133
6.0426
5.8655
5.9307
6.4536
5.8841
6.2445
5.9107
5.8938
6.016
5.8936
6.045
6.0659
5.8945
6.1996
6.0764
5.893
6.404
5.9421
5.9168
6.4501
5.9108
5.9875
6.0642
5.9061
5.9466
5.8227
5.6927
6.203
5.8252
5.8034
5.8672
5.7731
5.807
5.8409
5.6847
5.8692
5.8501
5.682
6.1303
5.8577
5.8182
5.6913
5.7957
5.7848
5.6513
5.9337
6.5916
5.723
5.8315
5.8054
5.8057
6.2093
5.9889
5.8033
5.7936
5.6917
5.8383
5.7546
5.7233
5.8658
5.7783
5.7346
6.3805
5.6752
5.703
5.877
5.6956
5.7755
6.2705
5.6987
5.9062
5.674
5.6869
6.1237
5.6827
5.677
5.9834
5.7104
5.6924
5.9281
5.7962
5.7835
5.8816
5.7984
6.4289
5.8423
5.7035
6.1006
5.6895
5.6848
7.868
5.838
5.893
5.9983
5.6728
6.0914
5.8687
5.9649
5.7675
5.8421
6.3188
5.8602
5.7066
5.9466
5.8666
5.6775
5.8453
5.8679
5.8252
5.7184
5.8668
5.7642
5.669
5.7923
6.2561
5.7558
6.3191
5.7224
5.8128
5.7787
5.7031
5.8558
5.7664
5.6829
5.8177
6.1438
5.695
5.8936
5.6583
5.6896
5.9323
5.7703
6.1127
5.9745
5.6747
5.8552
6.2772
5.719
5.9773
5.695
5.7694
5.9109
5.6841
5.7168
5.9433
5.7224
5.7508
5.9893
6.024
6.0299
5.8332
5.7228
5.9279
5.8814
5.7279
6.3945
5.7101
6.2523
7.1772
7.9823
8.3787
5.9464
6.1302
5.9289
6.131
5.6861
5.9738
5.8429
5.8416
5.7186
5.9213
5.8239
5.7532
5.8065
5.8801
6.166
5.6518
5.8235
5.8061
5.7018
5.9134
6.1499
5.7023
6.1015
5.8115
5.7635
6.1996
5.699
5.8304
6.0433
5.8708
6.0622
5.9586
5.8891
6.2879
5.8888
5.9643
6.8882
5.8698
6.0693
6.0101
5.9117
6.053
5.9051
5.8536
6.3199
5.888
6.2254
6.224
5.8583
6.0276
5.8738
5.9489
6.4699
5.923
5.949
6.0316
6.0256
6.4576
5.9899
5.8866
6.0735
5.8833
6.1012
6.025
5.8617
6.0656
5.9632
5.9402
6.688
6.0073
5.9295
6.0591
5.8603
6.0154
5.999
5.8877
5.9445
5.9639
6.5023
5.8759
6.0086
7.4518
6.1299
6.1315
6.1406
5.9813
5.9387
5.8517
5.9652
6.4587
5.9918
6.1641
5.8778
5.9986
5.9518
5.7986
6.01
5.9747
5.8322
6.5922
6.1867
5.858
6.1293
5.9031
6.2482
5.8489
5.8718
6.1694
5.8739
5.8726
6.42
5.8658
5.9414
5.9621
5.8609
6.1329
6.1606
5.922
6.1752
5.9012
6.3164
6.0367
5.854
5.9627
6.0956
5.8723
5.9715
6.0002
5.9472
5.9507
5.8969
6.382
5.9786
5.9362
5.9504
5.9674
6.1309
5.9164
6.0135
5.9677
6.025
5.9771
6.5524
6.0077
