13,766300000000001
7,9701
6,598599999999999
7,177099999999999
6,251399999999999
6,2551000000000005
6,3675
5,7307
6,8871
5,7004
5,606800000000001
6,3084999999999996
5,4114
5,3455
6,2792
5,3224
5,7761000000000005
5,8891
6,0925
6,5813
6,1502
5,4985
5,844399999999999
5,6923
5,4742999999999995
6,0719
5,4709
5,8156
5,399
5,2775
5,5087
5,3340000000000005
5,4524
5,42
5,231000000000001
5,2445
5,2991
4,984299999999999
5,3072
5,157
4,7907
6,11
5,1236
4,878900000000001
5,8302
5,227
4,8395
6,1163
5,1279
4,8457
5,408600000000001
5,2264
4,888199999999999
5,2577
5,4381
4,729
4,7532
5,3103
4,8522
4,7753
5,520899999999999
5,2254
4,5047999999999995
4,8002
4,708699999999999
4,255199999999999
4,1799
5,3167
4,2394
4,5791
4,3572999999999995
4,848
4,1355
4,419700000000001
4,5088
4,4176
4,2032
4,1542
4,5546
4,0799
4,1218
4,3407
4,7889
4,2653
4,0713
4,231999999999999
4,6434
4,0762
4,092499999999999
4,6394
4,4746
4,0361
3,7233
4,0365
4,1475
4,1686
3,7978
4,7314
4,4144
4,2369
4,6891
5,7436
4,5319
3,8743
4,0593
4,1281
4,0118
3,8603
4,0999
4,0892
4,0907
3,7188
4,2128
4,064
3,9208999999999996
3,6862000000000004
4,3609
3,8748
3,6896
3,6351999999999998
3,8205
3,8701999999999996
3,8070999999999997
3,6113
3,7375
3,6102
3,7948
3,6034
3,9706
3,7742999999999998
3,6277000000000004
3,7422000000000004
3,5612
3,6660999999999997
3,7279
3,7528
3,57
3,6742
3,5751
3,6729000000000003
3,8151
3,9322000000000004
3,5881
3,6357
3,711
3,5662
4,0747
3,5643
3,6029
3,7245
3,7723
3,8119
3,6932
3,6584999999999996
3,6186
3,4984
3,5446
3,496
3,6589
3,5969
3,5112
3,7973999999999997
3,8571
4,0616
3,5056000000000003
3,5444
3,4991000000000003
3,7073
3,4894000000000003
3,4891
3,5231
3,4749999999999996
3,7528
3,4578
3,5063999999999997
3,454
3,7055000000000002
3,4762999999999997
3,4711999999999996
3,4861
3,4438
4,322
3,4565
3,4678999999999998
3,4395
3,7100000000000004
3,4999
3,4596
3,4234
3,439
5,1301000000000005
5,1985
3,5328999999999997
3,5646
3,5423
3,4194
3,4435
3,4097
3,9855000000000005
3,5472
3,4518
3,6517
3,5274
3,5418
3,3977999999999997
3,8376
3,3971999999999998
3,8438
3,5796
3,7641
3,4027
3,578
3,6704
3,5763000000000003
3,5687
3,3758
4,3237
3,5721
3,8929
3,4629000000000003
3,8148
3,6735
3,8777
3,4445
3,5713
4,2762
4,009600000000001
3,4751
3,8171
3,4697
3,6633999999999998
3,3979
4,162599999999999
3,3698
3,611
3,6101
3,4814999999999996
3,3731
3,3806000000000003
3,8871
3,3949000000000003
4,1437
3,3971
3,5463
3,4755
3,6472
3,5958
3,4055
3,8649
3,376
4,1483
3,4562
3,747
3,5891
3,9034999999999997
3,4552
3,4677000000000002
3,9507
3,8527
3,4488000000000003
3,4511
4,1396999999999995
3,6791
3,7138
3,4464
3,7334
3,8338
4,3621
3,3887
3,746
3,6281
3,7948
3,5525
3,6672
3,4472
3,7024
3,6731
3,4568
3,6494
3,626
3,8040000000000003
3,639
3,7791
3,4442
3,8278000000000003
3,4556999999999998
3,4602
3,457
3,3677
3,6097
3,3626
3,4061999999999997
3,3514
3,6431
3,3674999999999997
3,4758
3,3514999999999997
3,3536
3,5324000000000004
3,3336
3,8537
3,7197
3,4261999999999997
3,5031
3,3211999999999997
3,5353
3,3156000000000003
3,3582
3,4643
3,507
3,3230999999999997
3,3237
3,346
3,4503
3,3711
3,3023000000000002
3,3639
3,3018
3,4562
3,8554
3,3095
3,5945
3,4593
3,4650000000000003
3,3107
3,3062
3,4278
3,4762999999999997
3,3384
3,3192999999999997
3,4208
3,4417
3,4543999999999997
3,3552
3,3254
3,8626
3,31
3,5108
3,3102
3,306
3,4522
3,5559
3,4854
3,313
3,4192
3,3127
3,2984
3,5027
3,2919
3,3914
3,2892
3,3379999999999996
3,4408
3,2882
3,8630999999999998
3,2857
3,4798
3,2847000000000004
3,3956
3,2824999999999998
3,2862
3,8333
3,3001
3,3999
3,2896
3,3498
3,4464
3,2972
3,3981
3,2934
3,3335
3,4248999999999996
3,5827
3,5757
3,2857
3,3319
3,4619
3,8326
3,7321
3,6328
3,7673
5,2242
4,6098
3,3955
3,5261
3,4765
3,3622
3,3516000000000004
3,3331
3,5569
3,954
3,2612
3,2868
3,2615000000000003
3,5534
3,2555
3,2523999999999997
3,279
3,2637
3,4327
3,2504999999999997
3,5325
3,2592
3,2619
3,6329000000000002
3,2553
3,2735
3,2435
3,2395
3,9169
3,2548999999999997
3,2995
3,2582
3,7121
3,387
3,2664999999999997
3,3081
3,2571000000000003
3,4576
3,6117
3,3016
3,4817
3,235
4,8139
3,7905
3,5937
3,2258999999999998
5,112
5,1597
3,5991
3,2257000000000002
3,5815
3,4301000000000004
3,6717
3,2177
3,3272000000000004
3,5024
3,4283
3,4888
3,2102
3,7348
3,6727000000000003
3,5162
3,3119
3,4327
3,5332
3,4218
3,658
3,2897
3,7454
3,2902
3,4226
3,5828
3,3802
3,7444
3,2759
3,5918
3,2858
3,5063999999999997
3,3074
3,3398999999999996
3,7681
3,1949
3,7605
3,1852
3,7620999999999998
3,2603
3,3752
3,5134
3,2712000000000003
3,5374
3,25
4,0924000000000005
3,2062000000000004
3,2657
3,7469
3,339
3,7728
3,2181
3,5374999999999996
3,4385000000000003
3,9901
3,3122
3,3286000000000002
3,7245999999999997
3,4194999999999998
3,5569
3,2394
3,621
3,4455
4,048
3,323
3,3295999999999997
3,5597
3,4255
3,5082
3,2176
3,5248
3,2198
3,5718
3,4877
3,4527
3,6341
3,4779
3,6185
3,2991
3,5206
3,8331
4,4814
3,3035
3,2998
3,5298
3,5268
3,5385
3,3019
3,5530000000000004
3,2705
3,5381
3,6275999999999997
3,264
3,5131
3,4845
3,7580999999999998
3,1830000000000003
3,5086000000000004
3,2542999999999997
3,4711999999999996
3,6103
3,2546
3,4537999999999998
3,2632
3,9047
3,3905
3,2049000000000003
3,4477
3,35
3,7094
3,2494
3,5490999999999997
3,2414
3,3945
4,249499999999999
3,2734
4,3129
3,487
4,2618
3,5913
3,8861
3,2736
3,7121
3,6725
3,6716
3,1792000000000002
3,2619
3,4534000000000002
3,7502
3,5296
3,2561999999999998
3,4659
3,2435
4,0771999999999995
3,557
3,2523999999999997
3,5355
3,8311
3,6341
3,1786000000000003
3,4501000000000004
3,2573
4,6877
3,3279
3,4547
3,5662
3,2697999999999996
3,9804999999999997
3,2658
3,5963000000000003
3,258
3,4925
3,3793
3,4375
3,8224
3,26
3,8613
3,2567999999999997
3,6724
3,3666
4,0397
3,5726999999999998
3,3047
3,5098
3,2567999999999997
4,0512999999999995
3,2637
3,5498000000000003
3,2548999999999997
3,6227
3,5585999999999998
3,2584
3,6117
3,2442
3,8851
3,6235
4,2895
3,2854
3,6515
3,4486
3,2423
3,2335
3,3405
3,6355
3,3788
3,31
3,1532
3,3704
3,3968000000000003
3,7257000000000002
3,6633999999999998
3,2437
3,9905
3,2494
4,2858
3,2561
3,7477
3,2775
3,4238
3,588
3,2433
3,6628
3,2149
3,7748999999999997
3,1581
3,3013
3,4467999999999996
3,148
3,6776
3,1509
3,258
3,1515
3,1503
3,8313
3,4672
3,7664999999999997
3,2288
3,2691999999999997
3,5713
3,3211
3,489
3,2417000000000002
3,7266
3,3756
3,663
3,2382
3,2426
3,8441
3,4108
3,6448
3,2291
3,8628
3,6124
3,6022
3,4348
3,3289
3,2315
3,4876
3,5090999999999997
3,1512
3,7165000000000004
3,7082
3,8736
3,5484
4,625
6,0081
4,0548
3,3086
3,6418000000000004
3,3061000000000003
3,7339
3,2085
3,3267
3,4772000000000003
3,4747
3,5359
3,2108000000000003
3,5428
3,2087
3,4613
3,4865999999999997
3,2117999999999998
3,4307
3,2163
3,9709000000000003
3,1363
3,161
3,1222
3,1256
3,4844
3,1194
3,1454
3,1299
3,1239000000000003
3,716
3,2058999999999997
3,1714
3,1209
3,1181
3,2348
3,3731999999999998
3,1632000000000002
3,1253
3,2748999999999997
3,5019
3,5443
3,2548
3,1231
3,2213
3,1270000000000002
3,3371999999999997
3,1582
3,1189999999999998
3,2847000000000004
3,3473
3,2979
3,2251
3,1112
3,1492999999999998
3,1096
3,2813
3,6557999999999997
3,1075
3,1275999999999997
3,1048999999999998
3,3756
3,2404
3,1063
3,1425
3,1105
3,2045
3,3758999999999997
3,1058000000000003
3,1445000000000003
3,5052999999999996
3,1146
3,3677
3,1118
3,1529000000000003
3,1172999999999997
3,1202
3,907
3,1318
3,1672
3,1107
3,1743
3,4516999999999998
3,111
3,1483000000000003
3,1077000000000004
3,2651999999999997
3,2772
3,1014
3,1489000000000003
3,3365
3,282
3,2975
3,0991
3,1584999999999996
3,0997
3,381
3,6939
3,1035
3,1555
3,1039000000000003
3,1723
3,4729
3,2355
3,1548000000000003
3,1039000000000003
3,2092
3,108
3,3241
3,1407000000000003
3,3385
3,1893
3,1103
3,269
3,1448
3,1045000000000003
3,7232
3,1124
3,4554
3,1199
3,1183
3,2438
3,1079
3,4865999999999997
3,106
3,1079
3,3323
3,6131
3,7102
3,1149
3,438
3,1176
3,0999
3,4495
3,0999
3,2816
3,4491
3,0996
3,543
3,0964
3,2149
3,1044
3,099
3,4922999999999997
3,0959
3,2181
3,0943
3,0891
3,3211999999999997
3,0896
3,5097
3,0962
3,1062
3,9914
3,1004
3,1246
3,0972
3,0952
3,2658
3,434
3,139
3,0983
3,0936000000000003
3,3666
3,7729
3,1877
3,3514
3,2057
3,0873
3,507
3,4029
3,0936000000000003
3,6165
3,0894
3,4239
3,0854
3,084
3,2205
3,088
3,3169
3,0753
3,0794
3,2001
3,0752
3,3768000000000002
3,0962
3,0642
3,2031
3,0591
3,2545
3,362
3,0745999999999998
3,6203
3,0741
3,2586
3,0963000000000003
3,2082
3,0967
3,0806
3,0804
3,4436
3,0725000000000002
3,1067
3,0675
3,0696999999999997
3,4826
3,0701
3,0959999999999996
3,0679000000000003
3,0628
4,0813999999999995
3,0650999999999997
3,1914000000000002
3,0718
3,0663
3,2623
3,0608
3,2008
3,0693
3,0602
3,0996
3,3034000000000003
3,1924
3,0712
3,0676
3,1048
3,3949000000000003
3,6238
3,2218
3,0826000000000002
3,342
3,2510999999999997
3,2675
3,0566
3,0955000000000004
3,0471
3,221
3,1583
3,0454000000000003
3,0449
3,0959999999999996
3,1759
3,4267999999999996
3,0402
3,0431
3,0703
3,049
3,9443000000000006
3,0541
3,0523
3,3217
3,0637
3,3928000000000003
3,0635
3,0646
3,1149
3,0585999999999998
3,3167999999999997
3,0747999999999998
3,0714
3,2616
3,0677
3,4915
3,0627
3,068
3,1075999999999997
3,0522
3,6048
3,3652
3,0612
3,3514999999999997
3,0625
3,1304000000000003
3,2721999999999998
3,0557000000000003
3,1125
3,0534999999999997
3,3945
3,2721999999999998
3,0508
3,1067
3,055
3,1588
3,2248
3,0408000000000004
3,0968
3,0483
3,5339
3,2664999999999997
3,0499
3,3426
3,0593
3,2914
3,0561999999999996
3,2433
3,1509
3,0572
3,0856999999999997
3,0677
3,1841
3,212
3,0624
3,098
3,0485
3,1944999999999997
3,5946
3,049
3,0974000000000004
3,0469
3,1803999999999997
4,3886
4,0128
3,4149
3,4156
4,5136
4,7365
3,2906
3,1421
3,3234
3,1176
3,0623
3,1156
3,0583
3,7995
3,0703
3,0597
3,1659
3,0732
3,1041
3,226
3,323
3,2104
3,0674
3,1081
3,2357
3,0546
3,1637000000000004
3,0544000000000002
3,5398
3,7104
3,0573
3,1041
3,0652
3,5994
3,2293
3,0779
4,382
3,5379
3,1778
3,2023
3,5247
3,3108999999999997
3,314
3,0593
3,3468
3,1516
3,0582000000000003
3,0971
3,0595000000000003
3,215
3,6319999999999997
3,0599999999999996
3,0978999999999997
3,0608
3,243
3,1839
3,0634
3,1112
3,0664
3,0827
3,5217
3,0747
3,12
3,0804
3,0894999999999997
3,3455
3,0818
3,0772999999999997
3,1108
3,0812
3,2826999999999997
3,0771
3,0812999999999997
4,3258
3,1344
3,2953
3,2317
3,6185
3,1058000000000003
3,0829999999999997
3,5299
3,0940999999999996
3,2372
3,0798
3,0850999999999997
3,2676
3,0882
3,3053000000000003
3,0991999999999997
3,0875999999999997
3,2585
3,0891
3,1966
3,0867
3,088
3,1227
3,2390000000000003
3,6196
3,0929
3,0874
3,3387000000000002
3,2361999999999997
3,2756
3,0820000000000003
3,0795000000000003
3,1115
3,2268000000000003
3,1826
3,2388
3,0871
3,1387
3,2622
3,2001999999999997
3,0949
3,0968
3,1178
3,0942000000000003
3,8955
3,0875999999999997
3,0847
3,3461
3,0812
3,3384
3,0791
3,0771
3,1191
3,5648
3,7041
3,0785
3,1278
3,0831999999999997
3,0943
3,3038999999999996
3,0874
3,3409999999999997
3,5309
3,0787
3,2756
3,0781
3,3274
3,391
3,078
3,2951
3,0741
3,1227
3,0707999999999998
3,0656
3,3253
3,0728
3,1075
3,0639
3,0703
3,8539
3,1215
3,1349
3,0711
3,0706
3,1806
3,2006
3,1197999999999997
3,3062
3,054
3,2363
3,4784
3,125
3,3763
3,0506
3,1676
3,643
3,0918
3,0577
3,22
3,6003
3,4669000000000003
3,1048999999999998
3,0675
3,1491000000000002
3,0788
3,2540999999999998
3,0961
3,2992999999999997
3,0766
3,1222
3,0589
3,2937000000000003
3,0644
3,0623
3,2601
3,0612999999999997
3,3211999999999997
3,0659
3,0585
3,6552
3,0617
3,2281
3,0648
3,063
3,527
3,0571
3,3093
3,2847000000000004
3,0513
3,1526
3,2007
3,2293
3,059
3,052
3,1692
3,0576000000000003
3,0847
3,2168
3,0506
3,5897
3,0522
3,1414
3,1788
3,0409
3,0668
3,044
3,1955
3,4889
3,0450999999999997
3,0848999999999998
3,0447
3,1406
3,0490999999999997
3,1624000000000003
3,0834
3,0382000000000002
3,2081000000000004
3,4576
3,1889000000000003
3,0751
3,0389000000000004
3,1351
3,1921
3,1689000000000003
3,1181
3,0328
3,0435000000000003
3,3806000000000003
3,2239
3,0836
3,0359
3,0314
3,1778
3,0244999999999997
3,2229
3,0345
3,0365
3,5755
3,0333
3,2349
3,0331
3,0328999999999997
3,1757999999999997
3,0265999999999997
3,1672
3,0347
3,0276
3,3489
3,0331
3,0852000000000004
3,1757
3,0232
3,0812999999999997
3,0252
3,0256
3,3345
3,0251
3,6
3,0196
3,0233
3,2022
3,0364
3,1207000000000003
3,0357000000000003
3,0347999999999997
3,0846
3,1462
3,3442
3,0351000000000004
3,0258
3,0774
3,1757
3,1235999999999997
3,0368999999999997
3,0368
3,0769
3,1784
3,0293
3,5694
3,0298
3,0584000000000002
3,0983
3,1109
3,1423
3,0469999999999997
3,1297
3,0457
3,4259
3,2373
3,0361
3,1009
3,029
3,1895000000000002
3,0814000000000004
3,0244
3,349
3,2401
3,1672
3,0764
3,0288
3,3958999999999997
3,0309999999999997
3,0228
3,1932
3,0209
3,1072
3,7534
3,7342999999999997
3,5654
3,4154
4,6056
3,6994
3,3205999999999998
3,0923000000000003
3,4683
3,1341
3,0108
3,2975
3,0088
3,1955
3,0055
3,0057
3,1814
3,0786
3,0393999999999997
3,0021
3,0058
3,8248
3,2609000000000004
3,0644
3,0063999999999997
3,0134
3,5991
3,1851000000000003
3,1972
3,013
3,009
3,0409
3,1731
3,0103
3,3368
3,2629
3,1786000000000003
3,1074
3,0758
3,2638
3,0179
3,294
3,0222
3,1782
3,5752
3,1763999999999997
3,1498
3,0339
3,1757999999999997
3,0698000000000003
3,0211
3,157
3,0278
3,1974
3,0644
3,0296
3,1454
3,0322
3,018
3,2155
3,0249
3,4956
3,3587000000000002
3,0257
3,1833
3,0379
3,1249
3,027
3,0309
3,2463
3,0314
3,0391
3,2098999999999998
3,0341
3,0585999999999998
3,1830000000000003
3,0312
3,1553
3,1936999999999998
3,1109
3,2184000000000004
3,2835
3,5939
3,0374
3,0693
3,1948
3,0316
3,2386
3,0385
3,0944000000000003
3,176
3,0387999999999997
3,1538999999999997
3,0338000000000003
3,0737
3,0306
3,1757
3,1249
3,0298
3,0324
3,0753999999999997
3,3804
3,6167000000000002
3,0385999999999997
3,0396
3,0919
3,2053
3,4943
3,4769
3,0962
3,2137
3,2276000000000002
3,364
3,0536
3,108
3,0565
3,1097
3,2017
3,0443
3,0393999999999997
3,0953
3,7783
4,1884
3,0473000000000003
3,0807
3,0485
3,0471
3,3355
3,0463
3,0921
3,0444999999999998
3,0457
3,3586
3,0401
3,0802
3,039
3,0406
3,3505000000000003
3,0457
3,2198
3,3270999999999997
3,2807
3,5015
3,0499
3,0899
3,0559
3,0495
3,4063000000000003
3,1643
3,1671
3,0495
3,049
3,1031
3,1822
3,1672
3,1054
3,0869999999999997
3,139
3,7637
3,5669999999999997
3,0867999999999998
3,2794
3,0737
3,5269
3,1841999999999997
3,0428
3,0385
3,0893
3,4121
3,1647
3,0466
3,038
3,0695
3,041
3,5027
3,0395000000000003
3,0379
3,0742
3,0325
3,6638
3,1884
3,2699000000000003
3,089
3,0412
3,3278000000000003
3,0547999999999997
3,0494
3,0821
3,0425999999999997
3,2708
3,0450999999999997
3,0469
3,0848999999999998
3,0412
3,0347999999999997
3,3287
3,0293
3,0827
3,032
3,0309
3,6976
3,2622
3,0772999999999997
3,0343
3,0359
3,287
3,1709
3,0682
3,0301
3,0324
3,1944
3,1857
3,1234
3,0319000000000003
3,0267
3,0641000000000003
3,1778
3,2336
3,3341
3,0374999999999996
3,0769
3,4317
3,1338999999999997
3,0158
3,0143
3,0387
3,1562
3,0247
3,13
3,0152
3,0444999999999998
3,0162
3,1746
3,1037
3,0027999999999997
3,0501
3,0031
3,1523
3,5181999999999998
3,1424
3,1010999999999997
3,2244
3,1763999999999997
3,1814
3,0094000000000003
3,0408000000000004
3,0032
3,0010000000000003
3,4810000000000003
3,0071999999999997
3,0132000000000003
3,0381
2,9981999999999998
3,2207
3,0068
3,008
3,0627
3,0083
3,1885
3,4105
3,0129
3,2994
3,0133
3,1146
3,1553
3,0078
3,0488
3,0138000000000003
3,016
3,3276999999999997
3,02
3,0678
3,1597999999999997
3,0181999999999998
3,149
3,1489000000000003
3,0596
3,0152
3,0189000000000004
3,5373
3,1564
3,2786
3,0224
3,0249
3,148
3,1725
3,0511000000000004
3,0097
3,0105
3,1061
3,0611
3,0917000000000003
3,0389000000000004
3,013
3,1132
3,0124
3,1687
3,0506
3,0117
3,1516
3,3988
3,3954
3,0422000000000002
3,0166
3,2869
3,0122999999999998
3,0732
3,1117
3,0077
3,0056000000000003
3,2495
3,0097
3,1712
3,0119000000000002
3,0081
3,1403
3,0105
3,1951
3,016
3,0122
3,886
3,7248
3,5202
3,3847
4,3637
4,6882
3,5166
3,1033
3,16
3,1072
3,0355
3,0707
3,2044
3,0269
3,1023
3,0277
3,2822
3,2265
3,02
3,5836
3,0155
3,2896
3,1599000000000004
3,0144
4,3391
3,8539
3,1401
3,1744999999999997
4,3889000000000005
5,9968
3,0002
3,17
3,0453
3,008
3,0057
3,6032
3,1203
3,0629
3,0076
3,0081
3,1164
3,4226
3,1569
3,013
3,0025
3,0468
3,1562
3,2702
3,0054000000000003
3,0068
3,0403000000000002
3,005
3,4907
3,2111
3,0027
3,0533
3,0056000000000003
3,2179
3,0052
3,0035000000000003
3,0385999999999997
3,2297
3,009
3,2758000000000003
3,0065
3,0436
3,0005
2,9987999999999997
3,2727
3,0082
3,0416000000000003
3,0076
3,0071999999999997
3,6029
3,048
3,0409
3,0086000000000004
3,0049
3,12
3,2975
3,0048000000000004
3,3027
3,0071
3,1139
3,173
3,0011
3,0537
3,0093
3,1619
3,0018000000000002
3,146
3,0374
2,9968999999999997
2,9935
3,4791000000000003
3,1641
3,0331
2,9865
2,9887
3,1251
3,1174000000000004
3,271
2,9901
2,9861000000000004
3,1109
2,9855
3,1803999999999997
2,9797000000000002
2,9807
3,0904000000000003
2,9769
3,121
3,1710000000000003
2,9821999999999997
3,5509999999999997
2,9792
4,060700000000001
3,0385
2,977
3,1115
2,9819
3,4160000000000004
3,0021
2,9767
3,0921999999999996
2,9743999999999997
2,983
3,2035
2,9795999999999996
3,1916
2,9824
2,9858
3,1708000000000003
2,9852
2,9853
3,5395000000000003
2,98
3,0084999999999997
3,1491000000000002
2,9846
3,2249000000000003
3,2023
3,0302
3,1411
2,9838
3,4375
2,9935
3,0499
3,1406
3,0002
3,1844
3,0265
3,1132
3,4293
3,3095
3,5249
2,992
3,0301
2,9871
3,3971999999999998
3,0867999999999998
3,2365
3,0753999999999997
2,9869
3,1775
3,1281
2,9876
2,9838
3,0423
3,1471
3,1074
2,9958
2,9949
3,0322999999999998
2,9908
3,4934
3,0949
3,1454999999999997
3,0441000000000003
2,9938000000000002
3,2412
3,2201
2,9911
3,0237
2,9864
3,0022
3,1296000000000004
2,9858
3,0176
2,9927
2,9934
3,3093
2,9921
3,0206999999999997
2,9955
2,9907000000000004
3,6243
2,9952
2,9935
3,1226000000000003
2,9957
3,2771
3,1546
3,0109
3,1238
3,0061
3,0572
3,1798
3,0063
3,097
3,1582
3,1065
3,1763999999999997
2,9941
3,0243
2,992
2,9953
3,5143
3,1599000000000004
3,0333
2,9979999999999998
3,2258
3,3087
3,1554
3,0527
2,9962999999999997
2,9898
3,1184
3,1677
3,0401
3,0033
3,002
3,1633
2,9987
3,136
3,0297
2,9933
3,5608
2,9929
3,1755
3,0423999999999998
3,2185
3,0642
3,149
3,1597999999999997
3,0728
2,9922999999999997
3,3164000000000002
2,9893
2,9966
3,4009
2,996
3,027
2,996
2,992
3,6020000000000003
2,9924
3,0415
2,9994
3,0014
3,2339
3,2615000000000003
3,0049
3,0526
2,9957
3,0715999999999997
3,1612
3,006
3,0485
2,9972000000000003
3,129
3,1618000000000004
3,0027999999999997
3,0587
3,0042
2,9979
3,8295
3,0203
3,0576000000000003
3,007
2,9997000000000003
3,3149
3,1834
3,1037999999999997
3,0021
3,0038
3,0259
3,1483000000000003
3,1109
3,0059
2,994
3,0294
2,9962
3,1261
3,5772999999999997
2,9934
3,0353
2,9946
3,1491000000000002
3,0875
2,9983
3,2605999999999997
3,0037000000000003
3,1419
3,3241
3,0084999999999997
3,0408000000000004
3,0065
3,1494
3,4221999999999997
3,0036
3,0677
3,0082
3,007
3,6728
3,0125
3,0487
3,0103
3,0071
3,3229
3,0079
3,2471
3,0643
3,0166
3,5204
3,4640999999999997
3,4995
3,5695
3,3505000000000003
4,9489
4,0267
3,2815000000000003
3,0944000000000003
4,2216
3,0972
3,0985
3,0148
3,0218
3,1454999999999997
3,1944999999999997
3,2868
3,2786
3,0374
5,9051
4,5446
3,0275
3,0409
3,1391999999999998
3,1792000000000002
3,0698000000000003
3,0342
3,0293
3,1771
3,1626
3,0683
3,0408000000000004
3,048
3,2423
3,0469999999999997
3,2331
3,0455
3,264
3,6311999999999998
3,0501
3,2649
3,0568
3,0513
3,1508
3,0427
3,2536
3,0509
3,1898999999999997
3,1916
3,0419
3,2047
3,041
3,0392
3,1202
3,0322999999999998
3,0288
3,2365
3,241
3,5441000000000003
3,019
3,0171
3,2188
3,0148
3,1313999999999997
3,0186
3,0203
3,2308
3,0191
3,1382
3,0187999999999997
3,0136999999999996
3,07
3,1597999999999997
3,0152
3,1028000000000002
3,0279
3,0730000000000004
3,4042999999999997
3,0306
3,7451
3,0278
3,1271
3,1992000000000003
3,0328
3,2687
3,0306
3,0528999999999997
3,0282999999999998
3,1904
3,1165
3,0246
3,0545
3,0204
3,1597999999999997
3,1123000000000003
3,0141
3,0619
3,2356
3,1864
3,5372
3,0194
3,0509
3,0183
3,0197000000000003
3,3178
3,0263
3,0259
3,0521
3,0281000000000002
3,9591000000000003
3,0422000000000002
3,058
3,1709
3,0282999999999998
3,242
3,0359
3,0384
3,3211
3,0401
3,7185
3,0434
3,0411
3,0783
3,0341
3,1929
3,1345
3,0282999999999998
3,064
3,0312
3,1462
3,1772
3,0325
3,0848999999999998
3,0349
3,1838
3,3118000000000003
3,0290999999999997
3,3001
3,0321
3,1511
3,7521999999999998
3,0235000000000003
3,0744000000000002
3,0174
3,2837
3,1221
3,4263000000000003
3,1167
3,3369
3,1595999999999997
3,0236
3,52
3,0715
3,0098
3,1065
3,0133
3,3899999999999997
3,2996000000000003
3,0269
3,3202000000000003
3,2923
3,2004
3,0981
3,0229
3,1376
3,0307
3,1185
3,1249
3,0185
3,0288
3,1292999999999997
3,0263
3,1922
3,0256
3,0284
3,1584
3,0398
3,5821
3,0468
3,0387999999999997
3,6023
3,045
3,2197
3,044
3,0414
3,1802
3,0474
3,0766999999999998
3,2066
3,0487
3,1948
3,0428
3,1412
3,1860999999999997
3,0402
3,0845
3,0495
3,3015000000000003
3,5958
3,0572
3,0806
3,0462000000000002
3,1459
3,2181
3,0465
3,1594
3,0536
3,0559
3,0921
3,3242
3,1245000000000003
3,0448
3,0523
3,095
3,2036000000000002
3,5504
3,0660000000000003
3,2954999999999997
3,1126
3,2285999999999997
3,2405
3,0499
3,0537
3,0966
3,1189
3,2289
3,0658
3,0602
3,0934999999999997
3,0578
3,2729999999999997
3,0571
3,0554
3,1055
3,0525
3,4266
3,3613
3,2986
3,1125
3,0606999999999998
3,2175
3,2005
3,0559
3,1383
3,0599999999999996
3,2163999999999997
3,2574
3,0576000000000003
3,0845
3,0631999999999997
3,0591
3,2997
3,0623
3,0974000000000004
3,0572
3,0650999999999997
3,7023
3,2836
3,1007000000000002
3,0572
3,0577
3,4531
3,0643
3,1068
3,054
3,0545
3,1952
3,1998
3,0829999999999997
3,0527
3,0538000000000003
3,1673999999999998
3,2094
3,0964
3,2277
3,0449
3,5859
3,4501000000000004
3,0918
3,0425
3,041
3,3075
3,1715
3,0934
3,0355999999999996
3,0359
3,1155000000000004
3,0345
3,2113
3,0364
3,0346
3,1294999999999997
3,0433
3,1904
3,0799999999999996
3,0392
3,6838
3,2697999999999996
3,2355
3,0344
3,0431
3,2544
3,04
3,0901
3,17
3,035
3,2632999999999996
3,0301
3,0282
3,2161
3,0197000000000003
3,1332999999999998
3,0204
3,0209
3,1955999999999998
3,018
3,2556
3,5082999999999998
3,0289
3,2053
3,0222
3,3
3,5906000000000002
3,4278999999999997
4,4266000000000005
3,6645
4,799300000000001
3,6541
3,2136
3,1923
3,246
3,1738999999999997
3,3371
6,4628000000000005
3,5312
3,0198
3,6657
3,3440000000000003
3,0260000000000002
3,0476
3,0135
3,1167
3,012
3,1744999999999997
3,0703
3,0173
3,1761
3,0115
3,1742
3,0379
3,0125
3,0082
3,2747
3,0101
3,6599
3,0051
3,0008
3,2687
3,0014999999999996
3,3145000000000002
2,9937
2,9953
3,0393
3,0011
3,1736
2,9953
2,9965
3,1944
3,1628
3,0252
3,1318
2,9922
3,5028
2,9968
2,991
3,1656
2,9967
3,3828
3,0029000000000003
3,0044
3,1893
3,0054000000000003
3,143
3,0044999999999997
2,9994
3,0408000000000004
3,1517
3,0816
3,0049
2,989
3,038
3,1137
2,9798
3,5503
2,9818000000000002
3,0278
3,1239000000000003
3,2094
3,1671
2,9856000000000003
3,0213
3,1177
3,1705
3,1375
2,9844
2,9734000000000003
2,993
3,1412
3,1056999999999997
2,9766
2,9743999999999997
3,0191
2,974
3,3981
3,2066
2,972
3,0881
3,2133000000000003
3,173
2,9821999999999997
2,9798
3,092
2,9764
3,1315
3,4454
2,9819
3,1024999999999996
2,9791000000000003
2,9808999999999997
3,5231
2,9795999999999996
3,5372
2,9971
2,987
3,3764
2,99
3,0628
3,2266999999999997
2,9962999999999997
3,2316
2,9987999999999997
3,3053000000000003
2,9976
2,9945000000000004
3,1299
3,0831
3,0352
3,0177
3,0061
3,0384
3,1486
3,0000999999999998
3,6085000000000003
2,9987999999999997
3,0377
3,1318
3,0014
3,4292
3,0347999999999997
3,0728999999999997
3,6132999999999997
3,0669999999999997
3,2272999999999996
2,9996
3,0521
3,0063
3,3304
3,2519
3,0035000000000003
3,0275
2,9947
3,1666
3,5539
2,997
3,0370000000000004
3,0042
3,1784
3,4069
3,0075000000000003
3,0325
2,9995
3,0041
3,286
3,0161
3,0175
3,1023
3,0227
3,2649
3,0278
3,0268
3,0730000000000004
3,0224
3,3468999999999998
3,2946
3,0153
3,0625
3,0136999999999996
3,3436999999999997
3,1952
3,1543
3,0656
3,0143
3,0126
3,312
3,0094000000000003
3,0517
3,0088
3,0103
3,2463
3,0098
3,3825000000000003
3,1245000000000003
3,0092
3,0372
3,1627
3,1414
2,9991000000000003
3,2291
3,1345
3,1180000000000003
3,1176
3,0063999999999997
3,0006999999999997
3,0897
3,1696
2,9941
3,0336
2,9891
3,3996999999999997
3,079
3,1487
3,0441000000000003
3,1423
3,1896
3,005
3,1691000000000003
3,0450999999999997
3,2214
3,1018
3,0051
3,1693
3,035
3,0005
2,9965
3,0984
3,0012
3,1925999999999997
2,9993
3,004
3,5106
3,0061
3,2101
2,997
2,9985
3,1546
3,0019
3,0887000000000002
3,2539000000000002
2,9995
3,1082
2,9917
2,994
3,1834
2,9914
3,1769
3,1232
2,9856000000000003
3,2063
2,984
3,1534000000000004
3,476
2,9845
3,1185
3,0083
2,9819999999999998
3,0669
2,9859
3,241
3,1817
2,9911999999999996
3,0659
2,9863
3,0423999999999998
3,1243
2,9896
3,0753
2,9918
2,9881
3,0423
3,139
3,506
2,9941
3,0014
3,0336
3,1599000000000004
3,0676
3,0033999999999996
3,2028
3,1891
3,1273
3,1126
2,9911999999999996
2,9943
3,0383
2,9833
3,1387
3,1499
2,9871
3,0463999999999998
2,9883
3,1319999999999997
3,6458
2,9997000000000003
3,0534999999999997
3,0017
3,0010000000000003
3,2866000000000004
3,2201
3,043
3,0004
3,0061
3,2547
2,9999
2,9993
3,0345
2,999
3,2423
3,0025999999999997
3,004
3,0357000000000003
3,004
3,556
3,2893000000000003
3,0069
3,0377
3,0071
3,1403999999999996
3,3922000000000003
3,0174
3,0458
3,0052
3,0131
3,3615
3,0004
3,0442
2,9998
3,0005
3,7509
3,4458
3,4069
3,3681
5,2638
5,6899999999999995
3,1053
3,0702
3,1182
3,2013
3,2888
2,9962999999999997
2,9868
3,1284
2,9899
3,2931000000000004
3,0393999999999997
2,9857
3,0818
2,9793
3,1337
3,035
2,9872
3,1888
3,2945
3,1719
3,0443
2,988
2,988
3,1766
3,2219
3,1923
2,9815
2,9829000000000003
3,0913
2,9834
3,1375
2,9788
2,976
3,0799
2,9723
2,9708
3,1583
2,9762999999999997
3,5225
2,977
2,977
3,1343
3,1168
3,1238
3,1982
2,9831
3,1832000000000003
2,9703
3,085
2,974
2,9722
3,013
3,1275
2,9613
3,0812
2,9659
3,0129
3,1017
2,9524999999999997
3,4939
2,9600999999999997
2,9898
2,9528000000000003
3,108
3,3029
2,963
2,9524999999999997
2,9929
3,1024999999999996
3,0844
2,9485
2,9485
2,9769
2,9480999999999997
3,0966
3,1193000000000004
3,0862
3,0537
2,9536
3,0766999999999998
3,5271
2,9543999999999997
3,0054000000000003
2,9555
3,3532
3,0654
2,9643
3,0031
2,9683
2,9659999999999997
3,2314000000000003
3,4755
2,9711999999999996
3,0168
2,9564
3,5728999999999997
2,9606
2,9526
3,0000999999999998
2,9546
3,4205
3,1167
2,9572000000000003
3,0166
3,2219
3,0896
3,0997
2,9648
3,1691000000000003
2,9717
2,9714
3,3688
3,2163
3,0143
2,967
2,9650000000000003
3,6871
2,9684
3,0187999999999997
2,9614
2,964
3,5174
3,1075
3,2325
3,2755
3,0057
3,0483
3,5683
3,0881
2,9643
2,968
3,0055
3,2393
3,3501999999999996
2,9691
2,9624
3,0136
2,9658
3,3949000000000003
3,4778000000000002
2,9665999999999997
3,1659
2,9675000000000002
3,1553
3,3113
2,9661
3,0054000000000003
2,9728
3,1665
3,0686
2,9722
3,0268
2,9737
2,9727
3,2882
2,9746
2,9692
3,5335
2,9691
3,1332999999999998
2,9661
2,9621
3,2146000000000003
3,0019
3,4311
2,9614
2,9597
3,1020000000000003
2,9583
2,9602999999999997
3,1628
2,9687
3,0505
2,9711
3,1335
3,1631
2,9737999999999998
3,2234
3,1732
2,9732
3,1147
3,1047000000000002
2,9949
2,9633
3,1798
3,0656
3,2089000000000003
2,9618
2,9932000000000003
2,9602999999999997
3,0653
2,9608
3,1303
3,1170999999999998
2,977
2,9797000000000002
3,0102
3,1391999999999998
3,5172
2,9732
2,9684999999999997
2,9997000000000003
3,1056
3,0707
3,1825
2,97
2,9937
3,1088999999999998
3,2312
2,9626
2,9589
2,9908
2,9565
3,1328
3,043
2,9614
2,9863
2,9589999999999996
2,9546
3,1851000000000003
2,9542
2,9564
3,0062
2,9579
3,8461
3,0312
2,9589999999999996
2,9978000000000002
2,9662
3,1709
3,0674
2,9663
3,0122
2,9736
2,9682
3,1867
2,9677000000000002
3,0158
2,9583
2,9631000000000003
3,2173000000000003
3,1660999999999997
3,0608
2,9687
3,1831
3,6595999999999997
3,1056
3,0055
2,9565
2,9566000000000003
3,0848
3,1237
2,9624
3,0162
2,9589
3,0791
2,9570999999999996
3,1005999999999996
3,0063
2,9527
2,9502
3,0534
3,0843
2,9916
3,1738
2,9559
3,4991000000000003
3,1087
3,0196
2,9598
2,9579
3,1351999999999998
2,9532
3,0612999999999997
3,1512
2,9554
3,0563000000000002
2,9593000000000003
3,1513999999999998
3,0667
3,162
3,2513
3,0155
2,9663
3,9084999999999996
2,9667
3,007
2,9684
2,9635
3,164
3,0523
2,9643
3,0174
2,9558
3,2017
2,9746
2,9607
3,0027999999999997
2,9627999999999997
2,96
3,2216
2,9556
3,0073
2,96
3,1979
3,2123
2,9664
3,1346
2,9619999999999997
2,9650000000000003
3,8390999999999997
3,2631
3,0069
2,9684999999999997
2,9724999999999997
3,1056
3,1341
2,9722
3,0102
2,9675000000000002
3,7222
5,1067
3,9255
3,7263
4,6392999999999995
3,7548
3,2573
3,7483
3,8764
3,3962
3,1374
3,0561
3,0541
3,1128
2,9739
3,1437
3,0298
2,9787
3,7346
2,9768
3,0986
3,0033999999999996
2,9741
3,0671
3,2004
2,9821999999999997
3,2963
2,9748
3,0025
2,9711999999999996
2,9697999999999998
3,1367000000000003
2,9746
2,9753000000000003
3,1178999999999997
2,9778000000000002
3,079
3,0509999999999997
2,9728
3,554
2,9849
3,0187999999999997
3,1425
2,9808
3,3366
2,9836
2,9721
3,1978000000000004
2,9684
3,2025
2,9746
3,097
3,0124
3,1579
3,0762
2,9769
3,0542
3,0209
3,1332999999999998
2,9747
3,6021
2,9735
3,0044
3,1231
3,195
3,0776000000000003
2,9687
3,0151000000000003
2,9677000000000002
3,0882
3,0776000000000003
2,9635
2,9675000000000002
2,9976
3,1017
3,0634
2,9625
3,0646
3,0027999999999997
2,9678999999999998
3,3268
2,9645
2,9675000000000002
2,9941
3,3029
3,1151999999999997
3,2148
2,9556
2,9919000000000002
2,9566000000000003
2,9853
3,1886
3,4911
3,0075000000000003
2,9608
2,955
3,9187
3,0353
3,0408000000000004
3,0303999999999998
2,9879
3,2201
2,9561
3,0101
3,2144
2,9599
3,2027
2,9541
2,9533
2,9951000000000003
2,9524999999999997
3,0595000000000003
3,1063
2,9537
2,992
2,958
2,9602
3,9514
2,9646999999999997
3,0093
2,9607
2,9613
3,1167
3,1148000000000002
3,2257000000000002
2,9543
2,9503
3,1446
3,3487
3,0506
3,1969
2,9597
3,068
3,356
3,1401
2,9611
2,9505999999999997
3,5052
2,9477
3,4092
2,9483
3,0911
3,1361000000000003
2,9508
3,4415999999999998
2,9865
2,9529
3,0704000000000002
2,9524999999999997
3,0977
3,1229
2,9450000000000003
3,0526
2,951
2,9555
3,2111
2,9636
2,9529
3,5111
2,9534000000000002
3,0929
2,9515000000000002
2,9527
3,048
3,1696
2,9875000000000003
3,1031
2,9572000000000003
3,1128
2,9533
2,9532
3,2328
2,9553000000000003
3,0712
2,9520000000000004
2,9499999999999997
2,9776
3,1149
2,9520000000000004
3,5235000000000003
2,9492
2,99
3,1046
3,0794
3,2869
2,9532
2,9871
3,0826000000000002
2,9501000000000004
3,229
2,9474
2,9516999999999998
2,9891
3,108
3,0395000000000003
2,9426
2,9476
3,0484
3,1125
2,9621
2,9624
2,9467
3,0599999999999996
2,9488000000000003
3,3096
3,0012
2,949
3,1475
3,2512000000000003
3,1191999999999998
2,9840999999999998
2,9518999999999997
2,9496
3,0475
2,9459
3,1303
2,9480999999999997
3,0831999999999997
3,0569
2,9497999999999998
3,1452
2,9459
2,9407
3,057
3,3371
2,9536
3,1228
2,9515000000000002
3,4161
3,0018000000000002
2,9477
3,1523
2,9491
3,0305000000000004
2,9484
2,9503
3,0988
3,019
2,9473
2,9771
2,9488000000000003
3,0506
3,0911
2,9518
3,2329
2,9542
2,9476
3,2485
2,9504
2,9807
3,0899
2,9504
3,0588
3,1083
2,9542
3,0968
2,9486
2,9902
3,1197999999999997
2,9518
3,4640999999999997
2,9529
3
2,9531
3,3298
3,1981
2,9611
3,0059
2,9598
3,0972
3,0768
2,9613
2,9565
2,9888
2,9589
3,1856
2,9556999999999998
2,9514
2,978
2,9516
3,0845
3,678
3,0751
2,9865
3,3236
3,1180000000000003
3,0715999999999997
2,9602
2,991
2,9564
2,9495
3,1066000000000003
2,9524
2,9536
2,9922999999999997
2,9488000000000003
3,1885
2,9524
2,9524
2,9852
2,9471
2,9509
3,3105
2,9496
3,2146000000000003
3,0998
2,9559
3,2378
2,9578
2,9911999999999996
2,9521
2,9521
3,8213
3,1104000000000003
2,9986
2,9527
2,9499
3,1924
3,0872
2,9514
2,993
2,953
3,1603999999999997
3,2817
3,4112999999999998
3,0343
2,9537
3,1005
3,4078
3,4067
3,196
4,0641
3,497
3,3522
3,222
3,4009
3,2561
3,1568
4,1804
3,8108
3,2104
3,068
3,0277
3,1581
3,3134
2,9811
3,0249
2,9772000000000003
3,1232
3,2296
2,9652
3,0891
2,9633
2,9608
3,1297
2,9671
2,9624
3,5481000000000003
2,9661
3,1509
2,9621
2,9659
3,159
2,9607
3,2455000000000003
3,1167
2,9577
3,0599
2,9600999999999997
2,9656000000000002
3,1698
2,9595
3,3566
2,9604000000000004
2,9555
2,9981
3,1373
3,0737
3,3316
2,9587
3,0166
3,2438
2,9697999999999998
3,0692
3,2007
3,0295
3,1318
2,9658
3,0661
2,9743
3,0115
2,9800999999999997
3,1185
3,0957
2,9810000000000003
2,9795999999999996
3,0173
3,1123000000000003
3,4811
3,0114
2,9708
3,0271
2,9724
3,2025
3,1867
2,9724
3,0196
2,9701
3,1458
3,3600000000000003
2,9735
3,0126
2,9786
3,0364
3,1592000000000002
3,5530000000000004
3,0450999999999997
2,9746
2,9709
3,8809
2,9749
3,0048000000000004
2,9728
2,9767
3,4813
2,9854
3,0119000000000002
2,9815
2,9774
3,234
2,9767
2,9775
3,0051
2,9756
3,1553
3,1407000000000003
2,9663
2,9964000000000004
2,9645
3,3255
3,538
2,9631000000000003
2,99
2,9634
3,3552
3,1222
2,9669000000000003
3,1369000000000002
2,9634
2,967
3,749
3,3563
3,0745
3,3038999999999996
3,0557000000000003
3,0131
3,5071
3,0241000000000002
2,9635
2,9664
3,5028
3,379
3,0258
2,9677000000000002
3,2077999999999998
3,0683
3,1325
3,0041
2,9654
2,9639
3,1403999999999996
2,9637000000000002
3,1687999999999996
2,9651
2,964
3,0749000000000004
2,9684999999999997
3,1053
3,0122999999999998
2,9778000000000002
3,6944
2,9886
2,9734000000000003
3,1142000000000003
3,2038
3,0891
2,9678999999999998
2,9734000000000003
3,159
2,9689
2,969
3,0999
2,9678
2,9946
3,1258000000000004
2,9646
3,0799999999999996
2,9672
3,0359
3,1064
2,9633
3,4742
2,9687
2,9733
3,3672
2,9749
3,0734999999999997
2,9724
2,97
3,0763000000000003
3,1513999999999998
3,0282999999999998
2,9753000000000003
3,1132
3,1982
3,1370999999999998
3,0136999999999996
2,9938000000000002
2,9696000000000002
3,5041
3,0218
3,0306
3,0934999999999997
2,9737
3,2289
2,969
3,1534000000000004
3,0855
2,9602
3,0018000000000002
2,9652
3,0953
3,0533
2,9648
2,9651
2,9979
2,9589999999999996
3,406
3,1565
2,954
3,022
2,9522
3,0815
3,0726
3,166
2,9995
2,9562999999999997
3,1105
3,25
2,9527
3,009
2,9524999999999997
2,9494000000000002
3,1851000000000003
2,9515000000000002
2,9488000000000003
2,9852
2,9505
3,3249
3,1583
2,9459999999999997
2,9976
2,9435
2,9559
3,3699
2,951
2,9966
2,9522
2,9443
3,0536
3,1189999999999998
2,9742
2,9522
2,9428
3,1527
3,0887000000000002
2,9428
2,9737999999999998
2,9413
3,3251
3,3113
2,9458
3,1768
2,9445
3,2196
2,9452
3,1312
3,1204
2,9432
2,9496
2,9960999999999998
3,0864
3,0187
2,9418
2,9391
2,9808
2,9383
3,0733
3,4862
2,9359
2,9855
2,9358
3,0816
3,2014
3,1679999999999997
3,182
2,9492
2,9349
3,1828999999999996
2,9342
2,9309000000000003
2,9789
2,9322
3,0693
3,0802
2,9391
2,9692999999999996
2,9345
2,9354
3,5957
2,9375
2,9633
2,9389
2,9329
3,4772000000000003
2,9472
2,9773
2,9469000000000003
2,9419
3,0834
3,061
2,9442
3,1928
3,0112
3,5776
3,456
2,9868
2,9477
2,941
3,0602
3,1151999999999997
2,9424
2,9808
2,9385000000000003
3,3234
3,1888
3,2718000000000003
4,4398
3,5006
3,0194
3,1656
3,0435000000000003
2,9447
2,9415
2,9779
2,942
3,11
3,4467
3,3185
3,1897
3,5985
4,1324
3,322
3,0826000000000002
3,6670000000000003
3,4136
3,2352000000000003
3,8825000000000003
3,6693
3,2748999999999997
3,2152000000000003
3,0316
3,0149999999999997
3,0987
2,9377999999999997
2,9462
3,2082
2,9425
3,1332999999999998
2,936
2,9337
3,5505
2,9304
2,9294
3,2234999999999996
2,9381
3,0365
3,0694
2,9298
2,9808
2,9294
2,9292
3,2805999999999997
2,9279
2,9831
2,9296
2,9274
3,2845
3,0744000000000002
3,1626
3,2219
2,9246
2,9581999999999997
3,0577
3,1611000000000002
3,0503
2,9256
2,9615
3,004
3,0061
3,0450999999999997
3,0761
2,9654
2,9618
3,0707
2,9878
2,9374000000000002
2,9358
3,4746
3,1129000000000002
2,9862
2,9335
2,9345
3,0303999999999998
3,1616999999999997
3,0878
2,9786
2,9328000000000003
3,0492000000000004
2,935
3,0538000000000003
2,9691
2,9405
2,9362
3,3983
2,9359
3,1298
2,9325
3,0284
3,5875
2,943
3,4513
2,957
2,9437
3,2988
3,0923000000000003
3,1972
2,9348
2,9315
3,1113
2,9356999999999998
2,9303
3,1515
2,9321
3,0352
2,9323
2,9375
3,0284999999999997
2,9793
2,9335
3,4933
2,9337
2,9888
3,0939
3,1694
3,2588999999999997
2,9385000000000003
3,053
3,0841000000000003
2,9379
2,9748
2,9396
2,9409
3,528
3,314
3,0014
3,1962
2,9442
3,2655000000000003
3,417
2,9748
2,9408
2,9393000000000002
3,0625999999999998
3,6315000000000004
2,9795999999999996
2,941
2,9398
3,041
2,9392
3,5444999999999998
3,1201
2,9341
2,9745000000000004
2,9364
3,1029999999999998
3,0433
2,9387
2,9882
2,9362
2,9402999999999997
3,3108999999999997
2,9364
2,9687
3,1607
2,9440999999999997
3,2369
2,9385000000000003
2,9303
2,9769
2,9297
3,5206
3,1317
2,9394
2,9811
2,9393000000000002
2,9386
3,2084
2,9379
2,9736
2,9393000000000002
2,9435
3,3205999999999998
2,9388
3,195
2,931
2,9273
3,0379
3,0604999999999998
2,9267999999999996
2,9992
2,9261
3,1481
3,4058
2,9299
3,0358
2,9316
2,9303
2,9934
3,0807
3,1081
2,933
2,9341
2,9832
3,2775
3,1966
2,9358
2,9412000000000003
3,0397000000000003
2,9326
3,0378
2,9862
2,9278
3,1567000000000003
3,2386
3,0606
2,9707000000000003
2,9295
2,9282000000000004
3,0179
2,9248
3,0978999999999997
2,9233000000000002
2,9240999999999997
3,2506000000000004
2,9313
3,1056999999999997
2,9816000000000003
2,9267999999999996
3,0661
2,9315
2,9343
3,0715
2,9353000000000002
2,9336
3,4646
2,9385000000000003
3,1308
2,9333
3,0572
3,1201
2,9335
2,9708
3,092
3,164
3,0494
2,9331
2,934
3,125
2,9291
3,0425
2,9322
2,9307
2,9562999999999997
3,0734999999999997
2,9245
3,5271999999999997
2,9285
2,9596
3,0663
2,9313
3,0458
2,9392
2,9683
3,1508
3,0739
3,1580000000000004
2,9329
2,928
2,9781999999999997
3,0799999999999996
3,0365
3,0641000000000003
2,9311
3,6313
3,0629
2,9854
2,9292
2,9305
3,0379
2,9353000000000002
3,0784
2,9718999999999998
2,9286
3,262
2,934
2,9978000000000002
3,0328999999999997
2,9227
2,9269000000000003
3,2134
2,9266
3,5722
2,9751
2,9269000000000003
2,9691
2,9215999999999998
3,1248
2,9212000000000002
2,9189
2,9678
2,9175
2,9174
3,1743
3,1422
2,975
3,0617
2,9194999999999998
3,3135
2,9179000000000004
2,9164999999999996
2,9697
2,9133
3,1677
3,3369
2,9167
2,9511
2,9133
2,9142
3,8829
2,9189
2,9459
2,9156
2,9208
3,2957
3,0951
2,9717
2,9273
2,9185
3,1403999999999996
3,2487000000000004
3,2146000000000003
2,9233000000000002
2,9193000000000002
3,4855
2,9812
3,0368999999999997
2,9528000000000003
2,9261999999999997
3,2178
2,9298
3,0701
2,9581999999999997
2,9286999999999996
3,1537
3,0913999999999997
3,0189000000000004
2,9967
2,9308
2,9314
3,4344
3,3411999999999997
3,352
3,3615
4,4282
3,3716000000000004
3,2685
3,4437
3,2897
3,1153999999999997
3,7681
3,5843
3,2364
3,0599999999999996
3,2173000000000003
3,0024
3,1227
3,0074
2,9362
2,9831
2,9305
3,0904000000000003
3,6432
2,9346
2,978
2,9353000000000002
2,9332
3,1925999999999997
2,9371
2,972
2,9337
2,936
3,2710999999999997
3,109
3,1668
3,1193000000000004
2,9285
2,9667
3,0485
2,9267999999999996
3,4496
2,9255
2,976
2,9288
3,0650999999999997
3,0441000000000003
2,9282000000000004
2,9293
2,9565
3,0631999999999997
3,0303
2,9293
2,9265
2,9631000000000003
3,1394
3,1814
3,0274
2,9279
2,9556
2,9242
3,0828
3,4859999999999998
2,9186
2,9207
2,9464
2,9163
3,3133
2,9202999999999997
2,9209
2,9541
2,9206000000000003
3,0715999999999997
3,0463
2,9234999999999998
3,7386
2,9295
2,9254
3,4834
2,9252000000000002
2,9543
2,9278
2,9303
3,7916
2,9226
2,9781
2,9215
2,9255
3,1944999999999997
3,0701
2,9303
3,0101
2,9321
3,0493
3,0668
3,1763
2,9745000000000004
2,9289
2,9283
3,5113000000000003
2,9294
2,9711999999999996
2,9351999999999996
2,9331
3,4787
3,1127
2,973
2,9248999999999996
2,9229999999999996
3,0864
3,3441
3,0585
3,2404
2,9237
2,9757
3,3041
3,4447
2,956
2,9264
2,9533
2,9261999999999997
3,3520999999999996
3,6231
2,9299
2,9721
2,9285
3,1405
3,0438
2,9348
2,9702
2,9346
2,9295
3,2094
2,9299999999999997
2,9308
3,2302
2,9349
3,2752
2,9371
2,9348
2,9795999999999996
2,9351999999999996
2,9331
3,6121
2,9346
2,9895
2,9304
2,933
3,2637
2,9334000000000002
2,9821999999999997
2,9280999999999997
2,9323
2,9934
3,0596
3,1741
3,1172999999999997
2,9313
3,0322999999999998
3,0783
2,9292
2,9673999999999996
2,9274999999999998
2,9272
3,5927
2,9328000000000003
2,978
2,9286
2,9273
3,0408000000000004
3,1003
2,9313
2,9810000000000003
2,9351
3,0892
3,3426
2,9388
2,9723
2,9304
3,0149999999999997
2,9387
3,1031
2,9619999999999997
2,9295
2,9259
3,9438
3,142
3,0542
2,9246
3,0719
2,9844
2,9285
3,2174
2,9289
2,9315
3,2268000000000003
2,9332
3,0682
3,0308
2,9264
2,9827999999999997
2,9285
2,9316
3,6053
2,9387
2,9294
2,9759
2,9299999999999997
3,2144999999999997
2,9265
2,9307
2,9639
2,9326
2,9358
3,1494999999999997
3,1665
2,9648
2,9343
2,9315
3,2102
2,9351999999999996
2,9730999999999996
2,9290000000000003
3,093
3,5513
2,9819
2,933
2,9598
2,9304
3,0587
3,0814000000000004
2,9251
2,9602999999999997
2,9267
2,9283
3,2765
3,0844
2,9644
2,9344
2,9348
3,0528
3,0985
2,9654
2,9321
2,9296
3,46
2,9865999999999997
3,0096
2,9814
2,9284
3,1098
2,9221
3,0578
2,9646999999999997
2,9286999999999996
3,1463
3,0105
3,1265
3,1247
2,9337999999999997
2,9308
3,1434
2,9302
3,1206
2,9313
2,9309000000000003
3,5817
2,9279
3,0631999999999997
2,9637000000000002
2,9280999999999997
3,0666
2,9284
2,9311
3,0686
3,1489000000000003
2,9387
3,1541
2,9318999999999997
3,1499
2,9293
2,9290000000000003
3,0677
2,9344
2,9315
3,1296000000000004
2,9391
3,4976
2,94
2,9334000000000002
3,2737
2,9333
3,2233
3,9225
3,7691
3,7609000000000004
3,507
3,5132000000000003
3,1858
3,007
3,1311
3,0295
3,0676
2,9298
2,9616
2,9298
3,0675
3,6536
3,5369
3,1698999999999997
2,9318
3,0768
3,0435000000000003
2,9272
2,9729
3,1538999999999997
3,0942000000000003
3,4637000000000002
2,9285
2,9240999999999997
2,9659999999999997
2,9836
3,2944
2,9337999999999997
2,9342
2,9733
2,9356999999999998
3,2007
2,9351
2,9356999999999998
2,9759
2,9375999999999998
2,9412000000000003
3,5442
3,3556
3,493
3,5949
3,9690999999999996
3,3179
3,061
3,5302
3,2954999999999997
3,319
3,9696999999999996
3,49
3,3141
3,0572
3,1412
2,9395
3,2092
2,9423
2,9389
3,0542
3,0468
3,2638
3,5103
2,9476
2,9957
3,0793
2,934
3,0343
2,9361
2,9948
3,1158
2,9414
3,0582000000000003
2,9394
2,9368
2,9857
3,0963000000000003
3,0907
2,9406
2,9358
2,9894000000000003
3,0867999999999998
3,4134
3,2104
2,9382
3,0355999999999996
2,9301000000000004
3,0703
2,9576
2,9291
3,1269
2,9289
3,0818
2,9607
3,0882
2,9362
3,048
2,9344
3,1122
2,9324
2,9343
3,4546
3,1703
3,1183
2,9355
2,9274999999999998
3,4577
2,9341
3,0762
3,3737
2,9295
3,0372
2,9276
2,9292
3,1254999999999997
2,9298
3,0278
2,9252000000000002
2,9252000000000002
3,1003
2,9198000000000004
2,9183999999999997
3,7851
2,9218
2,9728
3,0855
2,9205
3,0595000000000003
3,0648
3,0025999999999997
3,064
2,9164999999999996
3,2673
2,9177999999999997
2,9133
2,9535
3,0662
3,0341
3,006
2,9436
3,2951
3,3083
3,4943999999999997
3,1001000000000003
2,9139
2,9471
3,0241000000000002
3,3371999999999997
3,0281000000000002
2,9096
2,9363
2,9061999999999997
3,0766
3,0446
2,907
2,9387
2,9194
2,9875000000000003
3,0801000000000003
2,9093999999999998
2,9112999999999998
3,1116
3,139
3,4087
3,1183
2,9155
2,9427
2,9151
3,076
3,0580999999999996
2,9158
2,9466
2,9129
2,9097
3,1652
2,9183
2,9136
2,956
2,913
3,296
3,1905
2,9516999999999998
3,1967
2,9217
2,9122000000000003
3,5921
2,9164
2,9656000000000002
2,9121
2,9121
3,2088
2,9163
2,9671
2,9125
2,9108
3,1364
3,0899
2,9117
2,956
2,9112999999999998
3,1427
3,0442
3,1499
2,9591000000000003
2,9142
2,9145999999999996
2,9922
3,0624
3,3575
3,0095
2,9090000000000003
2,9546
3,0449
2,9163
3,0027999999999997
2,9175999999999997
2,9672
2,9175999999999997
3,0482
3,0505
2,9158999999999997
2,9137
3,267
3,0553
2,9433
2,9108
2,9105
3,4472
2,9137999999999997
3,2552000000000003
2,9173
2,9175
3,0261
2,9163
3,0216000000000003
2,9428
2,9098
3,1412
2,9074999999999998
2,9143
3,0488
2,9185
3,1407000000000003
3,0349
2,9172
2,999
3,0324
2,9208
3,4678999999999998
2,9257
2,9247
3,1223
3,1999
3,0628
3,0828
2,9243
3,1341
2,9285
3,0197000000000003
2,9273
2,9234999999999998
2,9678999999999998
3,4213999999999998
2,9514
3,0423999999999998
2,9289
2,9692999999999996
3,0860000000000003
2,9323
3,4993
2,9610000000000003
2,9723
2,9318
3,0718
3,0925000000000002
2,9326
2,9282000000000004
2,9689
3,075
3,0506
2,9238
2,922
3,1955999999999998
2,9207
3,0545
3,1470000000000002
2,9169
3,2798
3,202
3,0628
2,9747
2,9236
2,951
2,9772000000000003
2,9193000000000002
3,1294
3,0629
2,9250000000000003
3,2275
2,9286
3,1740000000000004
2,9257
3,1484
3,0972999999999997
2,9278
2,9311
3,0995
2,9317
3,3152
2,9953
2,9274999999999998
3,2094
2,9307
2,9891
2,9290000000000003
2,9286
3,0239
3,0712
2,9296
2,9795999999999996
2,9297
2,9325
3,3709000000000002
2,9298
2,9556
2,9261999999999997
2,9244000000000003
5,0445
2,9269000000000003
3,0859
2,9208
3,0315
2,9856000000000003
2,9908
2,9588
2,9307
2,9299
3,1906
3,2574
3,1591
2,9317
2,9335
3,3186999999999998
3,117
2,9759
2,9371
2,9342
3,4467
2,9377999999999997
3,0739
2,9819999999999998
2,9396999999999998
3,0261
2,9396999999999998
3,0863
2,9903
2,9369
2,9373
3,0490999999999997
2,9342
3,1092
2,9409
3,1698999999999997
3,1647
2,9405
3,1007000000000002
2,9848000000000003
2,9428
3,492
2,9421999999999997
2,9402
3,0747
2,9449
3,0907999999999998
3,4436
3,2678999999999996
3,356
4,058199999999999
3,7952
3,4621999999999997
3,4202
3,1868
4,77
3,6020000000000003
3,1859
3,1751
3,0192
3,2717
3,0275
3,0063999999999997
3,1553
2,943
3,0718
2,9435
3,0928
3,0011
3,1136
3,0737
2,94
2,9371
2,9677000000000002
3,0875999999999997
3,1664000000000003
3,0534
2,9391
2,9724999999999997
2,9341
3,0738
3,4930999999999996
2,935
2,9322
2,9644
3,0644
3,1262
2,9351
2,9347000000000003
2,9762
2,9337999999999997
3,1845
2,9385000000000003
2,9308
2,9874
3,1755
3,1085000000000003
3,0274
2,9374000000000002
2,9761
2,9324
3,0749000000000004
3,6132999999999997
2,9383
2,9366000000000003
3,4624
2,939
3,5008
3,0113000000000003
3,0311
3,0146
2,9937
3,2226
2,9328000000000003
2,936
3,2023
2,9372000000000003
3,0003
3,0993
2,9322
2,994
2,9305999999999996
2,9263000000000003
3,8552
2,9304
2,9681
2,9258
2,927
3,213
3,0805
2,9606
2,9267
2,9323
3,0558
3,1914000000000002
3,1519
3,0076
2,927
3,0439
2,9282000000000004
3,0835
2,9903
2,9327
2,9291
3,5296
3,2905
2,9941999999999998
3,2026
2,9339
3,0303999999999998
3,4221
2,988
2,9259
2,9254
3,0332
3,1606
3,4019
2,9247
2,9269000000000003
3,0804
2,9305
3,1237
2,9650000000000003
2,9294
3,4368
2,9574
3,0019
3,1882
2,9286
3,0239
2,9250000000000003
2,9273
3,1140999999999996
2,9282000000000004
2,9261999999999997
3,2544
2,9258
3,0514
3,0287
2,9277
3,0545
2,9264
2,9276
3,0915999999999997
2,9254
3,2836
3,1121
2,9273
3,0428
3,0229
2,9308
3,0288
2,9307
2,9716
3,0829999999999997
3,1515
3,1601
2,9341
2,9765
3,0092
2,987
3,1801
2,928
2,927
2,9659999999999997
3,0812999999999997
3,2710999999999997
3,1125
2,9250000000000003
3,0248
3,0899
2,9226
2,96
2,9155
3,0004
3,1275
3,0649
2,9547000000000003
2,9148
2,9137999999999997
3,0359
2,9861000000000004
3,0953
2,9179000000000004
2,9168000000000003
2,9683
2,9228
3,0657
3,4632
2,919
2,9494000000000002
2,9177
2,9761
3,2237
2,9246
3,3424
2,9315
2,9286
3,0623
2,9231000000000003
2,9254
2,9568
2,9276
3,0942000000000003
3,0289
2,9242
2,9972000000000003
2,928
2,9286
3,575
2,9229999999999996
2,9593000000000003
2,9248
2,9258
3,0794
3,2519
2,974
2,9267
2,9312
3,0277
3,0801000000000003
2,9276
2,9688000000000003
2,9278
2,9290000000000003
3,2085999999999997
3,0334
2,9699
2,9347000000000003
3,0884
3,4572000000000003
3,0860000000000003
2,9903999999999997
2,9358
2,9343
3,2512000000000003
3,0647
2,9802
2,9345
2,9364
3,012
2,9299
3,1085000000000003
2,9724999999999997
2,9308
2,9333
3,028
3,0599999999999996
2,9781999999999997
2,9257
2,926
3,5995
2,9243
3,1481
2,927
3,1394
3,216
2,9324
3,0711
2,9477
2,9309000000000003
3,0572
3,0688999999999997
2,936
3,0865
2,935
2,9884
2,9776
2,9359
3,6513999999999998
2,9424
2,9415
2,9784
2,9432
3,0373
3,2802000000000002
2,9452
2,9941
2,9402999999999997
2,9699
3,1261
2,9399
2,9768
2,939
2,9358
3,1719
3,1153999999999997
2,9656000000000002
2,9323
2,9342
3,4851
3,0808
2,9335
2,9597
2,9336
3,2961
3,349
3,1797
2,9909
2,9323
3,2612
4,2395000000000005
3,5527
3,0136
2,9324
3,0509999999999997
2,9329
3,1093
2,9640999999999997
2,9325
3,3735000000000004
3,0177
3,0831
2,964
2,9408
3,3253
2,9438
2,9355
3,1468999999999996
2,9429
2,9339
3,0298
2,9424
3,1746
2,9381
2,9339
2,9705
2,933
2,9339
3,6616
2,9344
2,9636
2,9305999999999996
2,9329
3,2268000000000003
3,1671
2,9723
2,9325
2,9302
3,4305999999999996
3,3392999999999997
3,2605
3,0817
4,4315
3,8279
3,3400000000000003
3,1923
3,8951
3,6714
3,4175
3,0498000000000003
2,9462
2,9308
3,0431999999999997
3,088
3,1859
2,9832
2,9313
3,0604
2,9274
3,2304
2,9834
2,9280999999999997
2,9315
3,0099
3,0955000000000004
2,9781
2,9276
2,9290000000000003
3,4823
2,9865
3,0249
2,9236
2,9202
3,1753
3,1561
3,0918
2,9668
2,921
3,2159
2,9244000000000003
3,0694
2,9907000000000004
2,9253
2,9217
3,0374
2,9284
3,1527
2,9364999999999997
2,9318999999999997
3,4997000000000003
3,0019
3,1923
3,2733
3,0859
3,2906
2,9353000000000002
2,9779
3,134
2,927
3,0431
2,9265
2,9290000000000003
3,0939
2,9274999999999998
3,0366999999999997
2,9274999999999998
2,9258
2,974
3,0629
2,9265
3,5079
2,9278
2,9562999999999997
3,0688
3,1518
3,3
2,9291
2,9807
2,9692999999999996
3,0185
3,0561999999999996
2,9256
2,9277
2,9576
3,0771
3,0482
3,1714
2,9779
3,0525
3,5706
3,1635999999999997
3,3141999999999996
2,9333
2,9668
3,1716
3,4502
2,9368
2,938
2,9765
2,9363
3,1027
3,0046
2,9351
3,0347999999999997
2,9312
2,9311
3,0869999999999997
2,9374000000000002
2,9324
3,4822
2,9355
3,164
2,9346
2,9337999999999997
3,2838
2,9426
3,0002
3,0308
2,9398
3,0569
3,1014
2,9459999999999997
3,0999
2,941
3,028
2,9532
2,9428
2,9743
3,0947
2,942
3,4695
2,9419
2,9701
3,0848999999999998
3,1683000000000003
3,0393
2,9425
2,941
3,1071
2,9442
3,0496
2,9405
2,9391
2,9776
3,0858
2,9409
3,1719999999999997
2,9414
2,979
3,0755
2,9508
3,6107
2,9367
3,1005
3,1633
3,1344
3,0458999999999996
2,9366000000000003
2,9757
2,9412000000000003
3,1001000000000003
3,0493
2,9354
2,9383999999999997
2,9854
2,9363
3,125
2,9371
2,9373
3,5094000000000003
2,9337
3,1002
3,0155
2,9406
3,2681
2,9454
2,9426
3,1279
2,9396999999999998
2,9419
3,0671
2,9427
3,0864
2,9381
2,9367
3,1045000000000003
2,9347000000000003
3,1370999999999998
3,0707999999999998
2,9342
3,4539000000000004
2,9369
2,9333
3,1005999999999996
3,1677
3,2163999999999997
2,9371
2,9344
3,1468999999999996
2,9459999999999997
3,0433
3,0065999999999997
2,9373
2,9791000000000003
3,1137
2,9354
3,0231
2,9377
2,9743
2,9955
3,0294
3,4781
2,9437
2,9452
3,2054
3,109
3,0542
2,9494000000000002
2,9407
2,9778000000000002
3,2261
3,148
2,9569
2,9445
2,9797000000000002
2,9433
3,0629
3,0611
2,9414
2,9781
2,9467999999999996
3,0986
3,5106
2,9491
3,229
2,9501000000000004
2,9456
3,3812
2,9402
2,9448
2,9656000000000002
2,94
3,2433
2,9312
2,9261
2,9707000000000003
2,9295
2,9315
3,1079
2,937
2,963
2,9392
2,9335
3,5604
3,3068
3,0213
2,9309000000000003
2,9298
3,3069
2,9480999999999997
2,9325
2,9694000000000003
2,9377999999999997
3,0896
3,12
2,9342
2,9756
2,9348
2,9313
3,1628
3,0490999999999997
2,9734000000000003
2,9298
3,0495
3,8066
3,0902
2,9789
2,9318
2,9363
4,2443
5,5889
2,9415
2,9332
3,0214
2,9297
3,0936000000000003
3,1332
2,9374000000000002
3,0243
2,9391
3,0808
2,9795999999999996
2,9362
2,9428
3,3883
2,9447
3,115
2,9463
2,9449
3,0837
2,9415999999999998
3,0986
2,9775
2,9494000000000002
3,0475
2,9433
2,9443
3,1368
2,9404000000000003
2,9457
3,4707000000000003
2,9391
3,088
2,9383999999999997
3,1681
3,0355
2,9353000000000002
3,049
3,0018000000000002
2,9374000000000002
3,1663
2,9379
2,9389
3,108
2,936
3,0466
2,9298
2,9280999999999997
2,9668
3,0814000000000004
2,9283
3,9756
3,307
3,1858
4,4445
3,6784
3,3346
3,2447
3,3442
4,569400000000001
3,6679999999999997
3,1259
3,0218
3,1208
3,077
2,9282000000000004
2,9271000000000003
2,9686
3,059
2,9252000000000002
3,4789
3,0662
2,9804
2,9261
3,3371999999999997
3,0321
2,9252000000000002
2,9682
2,9231000000000003
3,0769
3,0254000000000003
2,9248
2,9286999999999996
2,9661
2,9264
3,2322
2,9333
2,9353000000000002
2,9764
2,9347000000000003
3,0971
3,5345
2,9382
3,1313
3,1703
3,6519
3,2989
2,9432
3,0637
2,9337
2,9298
3,1416
2,9285
3,0067000000000004
2,9267999999999996
3,0928
3,2051
2,9258
2,9234999999999998
3,5109999999999997
2,9215999999999998
2,9776
3,1027
2,9253
3,3461
2,9240999999999997
3,2285
3,0874
2,918
2,955
2,9194
2,9206000000000003
3,056
3,0820000000000003
2,9623000000000004
2,9218
2,9202
3,1054
3,0665
2,9173
2,9608999999999996
2,9229999999999996
3,0453
2,994
3,5213
3,2319
2,9265
3,0695
3,0865
3,4584
3,0140000000000002
2,9208
3,0303
2,9261999999999997
3,1607
3,0844
2,9233000000000002
2,9221
3,4891
2,9245
3,1734
2,9257
2,9204
3,0225
3,1706
3,1302
2,9188
2,9167
3,4443
2,9163
2,9156
3,1159999999999997
2,9143
2,9992
2,9093
2,9105
3,5907999999999998
2,9147000000000003
2,9174
2,9529
2,9108
2,9981999999999998
3,2195
2,9158
3,1968
2,9221
2,9695
3,1369000000000002
2,9139999999999997
2,98
2,9166000000000003
2,92
3,0061
3,0822
2,96
2,918
2,9112999999999998
3,0349
3,0602
2,9137999999999997
2,9658
2,9144
2,9117
3,0797
3,2762
2,9722
2,9125
2,9137999999999997
3,4678
3,0944000000000003
2,9549
2,9149000000000003
2,9175999999999997
3,008
2,9124
3,0599
3,2294
2,9183
2,9542
2,9168000000000003
3,0763000000000003
3,009
2,9116
2,9144
3,1839
2,9218
3,5307
2,9321
2,9161
2,9684999999999997
2,9143
3,1905
2,9156
2,9198000000000004
3,0049
2,9229
2,9211
3,185
2,9218
2,9587
2,9168000000000003
2,9206000000000003
3,2003
2,9194999999999998
3,1446
2,9617
2,9129
2,9932000000000003
3,4378
3,0436
2,9714
2,9209
2,9204
3,2385
2,9192
2,9564
2,9085
2,9154
3,0256
3,0465
2,9106
2,9431000000000003
2,9101
3,0168999999999997
3,2635
2,9196
2,9502
2,9154
2,9166000000000003
3,477
3,0817
2,9478999999999997
2,9243
2,9265
3,0643
3,0856
2,9610000000000003
2,921
2,9186
3,0225
2,9194
3,0580999999999996
2,9539
3,0656
3,3043
2,9316
3,0828
2,9634
2,9242
2,9231000000000003
3,4278999999999997
2,9299
3,0997
2,9311
2,9298
3,3081
2,9302
3,0862
2,928
2,9292
3,0462000000000002
2,9261999999999997
2,9247
3,1013
3,1559
3,0873
2,9756
2,9247
3,1193000000000004
2,9248999999999996
2,9236
3,4906
2,9305
2,9711
3,0936000000000003
2,9332
3,0252999999999997
3,0794
2,9327
3,1727000000000003
2,9343
3,0293
2,9303
3,0634
3,3094
3,0953
3,1351
2,9341
2,9267
2,9726000000000004
3,0894999999999997
2,9290000000000003
3,4291
2,9335
2,9619
2,9799
3,016
4,8925
5,1895999999999995
2,9225000000000003
3,0972
4,0558
3,6955999999999998
2,9917
3,1795
3,2811
2,9396999999999998
2,9151
2,9449
3,0533
3,0807
3,1187
2,9232
2,9567
2,9162
2,9186
3,2123
2,9198000000000004
2,9096
2,955
2,9131
3,315
3,1488
2,9174
3,1862000000000004
2,9228
2,985
3,0092
2,9168000000000003
2,9562999999999997
2,9105
2,9124
3,28
2,9124
2,9126999999999996
2,9541
2,9137999999999997
3,0719
3,0834
2,9212000000000002
2,9588
2,9196
2,9192
3,7303
3,1403
2,9768
2,9199
2,9151
3,0846
3,0138000000000003
2,9562999999999997
2,9124
2,9162
3,3885
3,4475000000000002
3,2015
3,0659
4,3586
3,6254999999999997
3,4107
3,1866
3,6265
3,815
3,3873
3,2651999999999997
2,9895
2,9158
2,9886
2,9149000000000003
3,0845
2,9672
2,9189
3,0162
2,913
3,202
2,9524999999999997
2,9136
2,915
3,142
2,9149000000000003
3,1369000000000002
2,9133
2,9114
3,4245
3,1597999999999997
3,1299
2,912
2,9183
3,0395000000000003
2,9105
2,9131
3,654
2,9762
3,0357000000000003
2,9139
2,9125
3,297
2,912
2,9107
2,9656000000000002
2,9096
3,5032
3,079
2,9099999999999997
3,2093
2,913
3,0081
3,0793
3,057
2,9523
2,9108
2,9088
3,3503000000000003
2,9225000000000003
2,9402
2,9097
2,9090000000000003
3,1202
3,0619
2,9064
2,939
2,9103000000000003
3,2111
3,1725
3,2363
2,96
2,9125
2,9371
3,0757
3,3373
2,9858
3,1747
2,9142
3,0409
3,3726
2,9621999999999997
2,9101
2,9129
3,032
2,9061
3,3053000000000003
3,0659
2,9118999999999997
3,4728
3,1614
3,1857
2,9109000000000003
2,9102
2,9533
2,9096
2,9051
3,2413
2,9121
2,9109000000000003
3,1069
2,9209
3,0796
2,915
2,9089
2,9459999999999997
2,9077
2,9118
3,527
2,9142
3,1913
2,9131
2,9077
3,166
2,9050000000000002
3,0978
2,9063000000000003
2,9053
2,9623000000000004
3,0634
2,9072
3,1437
2,9095
2,9520000000000004
3,0601000000000003
2,9134
3,0187999999999997
2,9153000000000002
2,9131
2,9562
3,2506000000000004
3,0551
2,9137
2,9135
2,9665
3,0764
2,9145
3,019
2,913
2,9427
2,912
3,0585999999999998
3,4726000000000004
2,9107
2,9092
2,9415999999999998
3,0555
3,013
2,9061999999999997
2,9077
3,1671
2,9160000000000004
3,056
3,1201
2,9098
3,0494
2,9090000000000003
3,0435000000000003
3,0086000000000004
2,9109000000000003
2,9048
3,4528
2,9046
3,0921999999999996
2,9015999999999997
2,9055
2,9966
2,9092
2,9772000000000003
2,9896
3,1164
3,1163
2,9078
2,9098
3,1710000000000003
2,9112999999999998
3,0022
2,9242
2,9096
2,9447
3,0458
2,9083
3,4231000000000003
2,9107
2,939
3,0487
2,9117
3,148
2,9143
3,056
3,3105
2,9322
3,0124
2,9106
2,9086
2,94
3,0702
2,9047
3,0471
2,9048
2,9537999999999998
2,9036999999999997
3,0397000000000003
3,4454
2,9065
2,9059
2,9523
3,041
3,0393
2,9096
3,1353
2,9604000000000004
2,9104
3,072
2,9799
2,9139999999999997
2,9646999999999997
2,9141000000000004
3,0612999999999997
2,9987999999999997
2,9111
2,9144
2,9509
3,0582000000000003
3,6834
2,9183
2,9135
2,9541
2,9167
3,1292
3,1329000000000002
2,9225000000000003
2,9804
2,9177
2,9123
3,0852000000000004
2,9118999999999997
2,9549
2,9099999999999997
2,9095
3,2179
2,9147000000000003
2,9115
2,9671
2,9121
2,9123
3,5127
2,9156999999999997
2,9683
2,915
3,1552
3,1484
2,9167
2,9718
2,9142
2,9167
3,0677
3,3313
2,9173
2,9792
2,9226
3,0807
3,0503
2,9115
2,9505
2,9148
2,9229999999999996
3,3144
3,2532
3,0834
3,1608
2,9219
3,024
3,0844
2,9704
2,9192
2,9168000000000003
3,0149999999999997
2,9212000000000002
3,0254000000000003
2,9659999999999997
2,9199
3,1708000000000003
2,9215
3,0794
2,949
2,9153000000000002
2,912
3,5071
2,9156999999999997
3,3446000000000002
3,0693
2,9175
3,0254000000000003
2,9132
3,0907999999999998
2,9145
2,9137
3,0349
2,9156999999999997
2,9126999999999996
3,0575
2,9117
2,9122000000000003
3,0012
2,9147000000000003
3,1039000000000003
2,9175
2,9172
3,4186
3,1393
2,9734000000000003
3,0915999999999997
2,9156
3,0563000000000002
2,9122000000000003
2,9129
3,1342000000000003
2,9118
3,2382
2,9142
2,9099
2,9556
3,0619
2,9179000000000004
3,1412
2,9186
2,9746
3,0798
2,919
3,7109
2,9175999999999997
2,9573
2,9152
3,0636
3,3403
3,335
3,2471
3,0526
4,167
3,9125
3,3937
3,1569
3,4491
4,4954
3,4046
3,162
2,9903
3,1085000000000003
3,2234
3,2001
2,9948
2,9919000000000002
2,9174
3,3059000000000003
2,9141000000000004
3,0406999999999997
2,9488000000000003
2,9129
3,2141
2,9124
2,9128000000000003
2,9408
2,9123
2,9107
3,6408
2,9137999999999997
2,951
2,9126
2,9133
3,9047
2,9181
2,9648
2,9155
2,9078
3,1271
2,9067
2,9072
3,0877
2,9063000000000003
2,955
3,0415
2,9117
3,0263999999999998
2,9098
2,9142
3,3049
2,9846999999999997
3,2662
3,0551
3,3042000000000002
2,9474
3,0397000000000003
3,043
2,9106
2,9126999999999996
2,9375
3,0574
2,9158999999999997
3,1776999999999997
2,9421999999999997
3,0017
3,255
3,2775
3,078
2,9144
2,9131
2,9433
3,1985
3,5707
3,1519
2,913
2,9633
2,9084
3,1795999999999998
2,9103000000000003
2,9152
2,9632
2,9111
3,099
3,0376000000000003
2,9114
2,9528000000000003
3,0603000000000002
2,9106
3,3419
2,9103000000000003
2,9098
2,9593000000000003
2,9051
3,7226999999999997
2,9085
2,908
3,0159000000000002
2,9058
3,0669
3,0855
2,9022
3,0917000000000003
2,9049
2,9021
3,0733
2,9041
3,0225999999999997
2,9183999999999997
2,902
2,9616
3,0837999999999997
2,9088
3,4493
3,1583
3,0537
3,0968
2,9995
3,0214
2,9122000000000003
2,9093
3,0865
3,0801000000000003
3,1239000000000003
2,911
2,9137
2,9655
3,0717000000000003
2,9068
3,0779
2,9049
2,9457
2,9022
3,0671
3,6584
2,9136
2,9623000000000004
2,9089
3,0714
3,0031
2,9106
2,9123
3,008
2,911
3,0921
2,9173
2,9111
3,0166
2,915
3,0854
2,9606
2,9152
3,14
3,3802
3,1503
3,2748
2,9245
2,9581
2,9189
2,9209
3,2196
2,9164999999999996
2,9188
2,9476
2,9163
2,9185
3,2596000000000003
2,9152
2,9483
2,9155
2,9158
3,5509999999999997
2,9185
2,9998
3,1541
2,9277
3,0235000000000003
3,0741
2,9214
2,9639
2,9240999999999997
3,0251
3,0597
2,924
2,9553000000000003
2,9253
2,9211
3,0442
3,0604999999999998
3,1092
2,9215
2,9224
3,4653
3,0996
3,2066999999999997
2,9217
2,9166000000000003
3,0907999999999998
2,9169
3,0599999999999996
2,9621
2,9226
3,0087
2,9259
3,0565
2,9596
2,9193000000000002
2,9171
2,9964000000000004
2,92
3,1197
2,9156999999999997
2,9152
3,4392
3,1286
3,0686
2,958
2,9217
3,2084
2,9194
2,9198000000000004
3,0911
3,0693
2,9240999999999997
3,0568
2,9246
3,0541
2,9279
2,9243
3,1105
2,9229
2,9247
3,1157
2,9263000000000003
3,8603
2,9303
2,9229
3,0958
2,9242
3,0295
2,9277
2,9341
2,9803
3,0687
2,9353000000000002
3,013
2,937
3,038
3,195
2,9278
3,0339
2,9271000000000003
2,9244000000000003
2,9774
3,2946999999999997
3,0441000000000003
3,0718
2,9258
2,9958
3,0653
3,0205
3,1588
3,1556
3,07
3,0370000000000004
2,948
4,255400000000001
3,6952000000000003
3,0528999999999997
3,068
3,4791000000000003
2,9196
2,9217
2,9562
3,153
3,2344
2,9163
2,9154
2,9539
2,9156
3,0591
3,0168999999999997
2,9126999999999996
2,9577
2,9121
2,9144
3,1529000000000003
2,9144
2,9117
3,1034
2,9112999999999998
3,1748000000000003
3,2393
2,9066
3,2779
2,9158
2,9145
3,1063
2,9080999999999997
3,004
2,9109000000000003
2,9076000000000004
3,1633999999999998
2,9067
2,9036
2,9600999999999997
2,9023
3,0525
3,0718
2,9066
2,9600999999999997
2,9076000000000004
2,906
3,5894999999999997
3,1403
2,9598
2,9027
2,9042
3,0193
3,0855
2,9522
2,9041
2,9048
3,0957
3,0571
2,9151
2,9393000000000002
2,9812
2,9089
3,0417
3,0561
2,9505999999999997
2,9053999999999998
2,9088
3,8784
3,4930999999999996
3,1898
3,1106
4,4317
3,4966
3,3217
3,1568
3,9890000000000003
3,4632
3,2017
3,1378
2,9838
2,9414
3,0362
2,9098
3,0611
2,9466
2,9067
3,0027999999999997
3,1633999999999998
3,0907
3,0554
2,9882
3,0882
2,9158999999999997
2,9034
3,2613999999999996
3,0991999999999997
2,9047
3,4443
2,9151
2,949
3,0782000000000003
2,9038
2,9981999999999998
2,9038
2,9039
3,0892
2,9042999999999997
3,2809
2,9057000000000004
2,9012000000000002
3,3163
3,0678
2,9327
2,9002
2,9004
3,5015
3,0707
2,9042
2,9347000000000003
2,9017
3,0191
2,9023999999999996
3,2104999999999997
2,9569
2,9045
2,902
3,0664
3,5206
2,9879
3,1611000000000002
2,9068
3,0848999999999998
3,0251
3,3622
2,9072
2,9055999999999997
3,432
2,8996999999999997
3,2796000000000003
2,9021
2,9042
3,0033999999999996
2,902
3,0902999999999996
2,9394
2,9005
2,9023999999999996
3,1946000000000003
2,9025000000000003
3,1195
2,8999
2,8975
3,0555
2,9
2,9807
2,9893
3,048
3,4217
2,8971
2,8944
3,0879000000000003
2,8936
2,9966
2,8943
2,8951
2,9239
3,0288
3,1209
3,0170000000000003
2,9015
3,0187999999999997
3,0714
2,9044000000000003
2,9608999999999996
2,9036999999999997
2,9032
3,5352
2,9808999999999997
2,9536
2,8968000000000003
2,9002
3,0228
3,0341
2,9004
2,9447
2,9
3,0645
3,13
3,0528999999999997
3,0825
2,9004
2,8963
2,992
3,0354
2,9407
2,9015999999999997
2,9001
3,4093999999999998
2,9015999999999997
3,0616
2,941
2,8996
3,0158
2,8977
3,0302
3,0121
2,8973
3,125
2,9389
2,8929
3,1341
2,8936
2,8915
2,9305999999999996
2,8903000000000003
2,9965
3,4856000000000003
2,8915
2,9327
2,8926999999999996
2,8929
3,1942
2,8969
2,8974
3,2134
2,8952999999999998
3,0699
3,1354
2,901
3,0122
2,8977999999999997
2,8938
3,1045000000000003
2,8958
3,37
3,0097
2,8983
3,0699
2,9139
2,9
3,0212
2,9006000000000003
2,9838999999999998
3,0333
2,9012000000000002
2,9819999999999998
2,9
3,1124
2,948
3,0512
2,9946
2,8989
2,8988
2,9508
3,0441000000000003
2,8993
3,5102
2,8994
3,1010999999999997
2,8971
3,0462000000000002
3,1033
2,8979
2,9364999999999997
2,899
3,033
2,9903
3,1143
2,8993
2,9535
2,898
3,1354
2,8936
2,8930000000000002
2,9303
2,8917
3,0167
3,5869999999999997
2,8948
2,9491
2,8938
2,895
3,1465
2,8930000000000002
2,8912
2,9221999999999997
2,8941000000000003
3,3124000000000002
2,8946
2,8901
2,9259
2,8892
3,0297
3,1405
2,891
2,8917
2,9482000000000004
2,8924
3,4751
3,0656
2,8919
2,9263000000000003
2,8949000000000003
3,0046
3,0431999999999997
2,8917
2,9377999999999997
3,1102
2,8965
4,823
2,9021
2,9252000000000002
2,8936
2,8928000000000003
3,0775
3,034
2,9259
2,8942
2,8944
3,1578
3,2287000000000003
3,1500999999999997
3,3699
2,8928000000000003
3,0461
3,3854
2,9795999999999996
3,6142000000000003
2,9704
3,3298
3,1315
2,9577
3,1879
2,8888999999999996
3,4172
2,9233000000000002
3,1365999999999996
3,1494999999999997
2,9737
3,2735
2,9672
3,0915
3,2515
2,9461
3,0933
3,1805000000000003
2,9523
3,5583
2,8962
2,9859
3,1542
2,9610000000000003
3,4646
2,9619
3,0412
3,166
2,9278
3,4145
2,9022
2,8852
3,6762
2,8838000000000004
3,0379
3,1882
2,8848
3,2694
2,9589
3,1652
3,3005999999999998
2,9093999999999998
3,5287
2,8999
2,9469000000000003
3,2908
2,9607
3,5100000000000002
2,9088
2,9212000000000002
3,3538
3,0585999999999998
3,4949999999999997
2,9627
2,9673
3,2540999999999998
3,2397
3,5092
3,0737
3,2864
3,3273
3,2203
3,3304
2,9625
2,9631000000000003
2,9599
3,2561
3,0146
2,8884000000000003
2,8854
3,1557
2,8876
4,0548
3,3357
3,1654
3,3047
4,1081
4,3417
3,363
3,5213
3,7795
4,2412
3,1588
3,1588
3,1538
3,2783
3,0969
3,3939
2,977
2,9627
2,9639
3,7567999999999997
3,0718
2,9756
2,9635
2,9605
3,1317
2,8879
2,9265
3,1193000000000004
2,8918
3,0595000000000003
3,1576
2,8863
2,9286
2,8893
3,2152000000000003
3,2058
2,8876
2,9158999999999997
2,8868
2,8842999999999996
3,5195
2,9394
3,0408000000000004
2,8832
2,884
2,9379
3,0416000000000003
3,4915
3,0757
2,9282000000000004
2,9638
3,6096
3,1476
2,9087
3,0477
3,0282
2,8877
3,3333999999999997
2,9312
2,8888
3,3501
3,1002
3,0968
2,9328000000000003
2,8877
2,9800999999999997
3,3678
3,3527
3,1552
2,8866
2,887
2,993
2,888
3,106
2,888
2,8884000000000003
3,034
2,8855
2,8861999999999997
3,0669999999999997
2,8845
3,1749
3,1
2,8859
3,0673
2,886
2,8873
3,2361999999999997
3,0353
2,9585000000000004
3,0425
2,8885
3,0587
2,8883
2,8879
3,0807
2,8914
2,9577
2,8909000000000002
2,8907
2,9299
3,0292000000000003
2,8904
3,4791000000000003
2,8944
2,9323
3,0418
3,1268
3,7461
3,6462
3,1619
3,3151
3,6537
3,4521
3,4318
3,5071999999999997
3,4499
3,5785
3,2659
3,2629
3,7784
3,0768
2,9748
2,9677000000000002
3,0347
2,8922000000000003
3,0714
3,1651000000000002
2,8969
2,8941000000000003
2,9868
2,8951
3,0987
2,8952
2,8966
2,9915
2,8964
2,9183
3,0544000000000002
2,8960000000000004
2,9286999999999996
3,3893999999999997
2,8918
3,0297
2,8888999999999996
2,8879
2,9928
3,117
2,936
3,3447
2,892
3,3926999999999996
2,908
2,8885
3,2644
2,8895
3,1779
3,2943
2,9933
3,4499999999999997
2,9456
3,5234
2,9242
2,957
3,4344
3,1067
3,2168
3,1749
2,9682
3,4393000000000002
2,9627999999999997
3,3847
3,0685000000000002
3,1271
3,3173
3,4356
3,392
2,964
3,1397
4,6667000000000005
3,0642
3,6932
2,9613
3,5094000000000003
3,1704
3,1375
3,2185
3,1857
3,2467
2,9645
3,1982
3,2888
2,8895
3,2973
2,9684999999999997
3,1459
3,2271
2,9226
3,8225
2,892
3,1403999999999996
3,2269
2,9623000000000004
3,3257999999999996
2,9612000000000003
3,1031
3,5574
3,1697
3,2313
2,9602
2,9173
3,5416000000000003
2,8992
3,2672
2,9607
2,963
3,3409999999999997
3,0366999999999997
3,8855
2,8886
2,9217
3,4455
2,8919
3,3848
2,9093
2,8855
3,6176
3,2804
3,0419
2,9634
2,963
2,975
3,2785
3,0147
2,8886
2,8890000000000002
2,9282000000000004
3,085
2,887
3,3099000000000003
3,1262
3,0696999999999997
2,8926
3,2575999999999996
3,1581
2,8893
3,2266999999999997
4,4780999999999995
4,1285
3,1548000000000003
2,8911000000000002
3,0971
2,8852
3,1071
2,8887
2,8907999999999996
3,4246
2,8861999999999997
3,1310000000000002
3,0747999999999998
2,8861999999999997
2,9383
2,885
2,8835
3,4061
2,8851
2,8839
3,1612
2,8888
3,254
2,8859
2,8833
2,9296
2,8834
2,8836999999999997
3,2973999999999997
2,8858
2,9152
2,8865000000000003
2,8852
3,3092
2,8901
2,8898
3,0757
2,8915
3,0541
3,1569
3,1321
2,9271000000000003
2,8909000000000002
2,8896
3,6516
2,8926999999999996
2,9211
2,8901
2,8905
3,0024
3,0696
2,9208
2,8891
2,8886
3,0005
3,062
2,8992
2,9246
2,8832
2,8842999999999996
3,2464
3,1265
2,9269000000000003
2,887
2,8871
3,4375999999999998
2,9922
3,1859
2,8857000000000004
2,8830999999999998
3,0374
2,8848
3,0912
3,0105
2,8839
2,9293
2,8854
2,8836999999999997
3,4278
3,2623
3,4676
3,0409
4,6942
3,7746
3,1837
3,2783
3,2965999999999998
3,4678
3,2371000000000003
4,3166
3,7464999999999997
3,093
3,2098
3,0393999999999997
3,0675
2,96
2,9576
3,2801
2,8855999999999997
3,2074
3,3043
3,0818
3,1242
3,0140000000000002
3,0071
2,8863
2,8861
3,1944
3,0686
2,8836999999999997
2,9499999999999997
2,8823
3,0374999999999996
3,0427
2,895
2,9368
2,8811
2,8817
3,4633
3,2265
3,1573
2,8865000000000003
2,882
3,1109
3,3116
3,2024000000000004
3,1370999999999998
2,8861999999999997
2,9160000000000004
2,8828
3,3556
3,0071999999999997
2,8852
2,9383
2,8853
3,4292
3,4385000000000003
2,8853
2,9257
2,8864
3,1315
3,387
2,8877
2,8854
2,9374000000000002
2,8838000000000004
3,4318
2,8865000000000003
2,8854
2,9293
2,8871
2,8854
3,1673999999999998
2,8874999999999997
2,9290000000000003
2,8868
2,887
3,7043000000000004
2,8918
2,8901
3,1668
2,8942
2,9865999999999997
3,2117
2,8936
2,9455
2,8911000000000002
2,8907
3,2378
3,0575
2,9726000000000004
2,8890000000000002
2,8858
2,9959000000000002
3,0711
2,8888999999999996
2,9202
2,8915
3,3196
3,3779
3,1315
2,9242
2,8925
3,1365
2,8928000000000003
3,2753
2,9259
2,8994
2,9008
3,0217
3,061
2,9312
2,898
2,8994
3,0784
2,9074999999999998
3,0747999999999998
2,9411
2,8954
3,1586000000000003
3,4234999999999998
3,1969
3,0861
2,8983
3,0299
2,8922000000000003
2,8933
3,3169
2,8931
2,8909000000000002
2,9443
2,8916
3,2154000000000003
2,8917
2,8888999999999996
2,9448
2,8906
2,8930000000000002
3,4705999999999997
2,8949000000000003
3,1786000000000003
2,897
2,8907999999999996
3,2767
2,8901
2,8918
2,9251
2,89
2,993
3,2499000000000002
2,8901
2,9179000000000004
2,8873
2,8869
3,3489
2,8873
3,0361
2,8859
2,8836999999999997
3,4475000000000002
3,447
2,9225000000000003
2,8873
2,8857000000000004
3,0668
3,2478
2,9104
2,9186
2,8835
2,8825000000000003
2,9946
3,0841000000000003
2,9348
2,8842999999999996
2,8823
3,1088
3,0606999999999998
2,8866
2,9263000000000003
2,8861999999999997
3,7879
2,8956
3,2316
2,9263000000000003
2,8812
2,9776999999999996
2,8808000000000002
3,1016
3,1433
2,8839
3,0344
2,9163
2,8834
3,311
2,8853
2,8821
2,9168000000000003
2,8796999999999997
2,9909
3,532
3,1185
2,9194
2,8832
2,882
3,235
2,8845
2,8836999999999997
2,9283
2,8814
3,1713
3,0286000000000004
2,8819000000000004
2,9201
2,8817999999999997
2,8814
3,3890000000000002
2,881
2,9348
2,8815
2,8808000000000002
4,2617
2,8893999999999997
2,9427
2,8815
3,0255
3,0928
3,2797
2,8836
2,9417
2,882
3,0322999999999998
3,0757
2,8800000000000003
2,9346
2,8811
2,8882
3,1555
3,2114000000000003
3,0812999999999997
2,8812
3,1266000000000003
3,0076
3,2246
2,9237
2,8823
2,8823
3,4378
2,8901
3,3343000000000003
2,9362
2,8842999999999996
3,0885000000000002
2,881
3,0699
2,9248999999999996
2,8806000000000003
2,8790999999999998
3,0592
3,0326
3,0843
3,1201
2,8848
3,0044999999999997
2,8812
3,0848999999999998
3,0265
2,8801
3,1992000000000003
3,1865
2,8809
3,2628000000000004
2,8819000000000004
2,8951
2,99
2,8796999999999997
3,0865
2,8799
2,8796
2,9747
2,8806000000000003
3,106
3,0997
2,8815999999999997
2,9933
2,8807
2,8812
2,9099
3,1757999999999997
2,8814
3,5656
2,8815999999999997
2,922
3,3518
2,8855
3,002
2,8821
2,934
2,8806000000000003
3,0934
3,0191
3,1239000000000003
2,8854
2,9208
3,0499
2,9926000000000004
2,8814
2,8803
2,9373
2,8804
3,0469999999999997
3,4167
2,8823
2,9196
2,8803
2,9902
2,9684999999999997
2,8783
2,8796999999999997
2,9317
2,8798
3,2687
2,9846
2,8833
2,9388
2,8800000000000003
2,9573
3,133
2,8819000000000004
2,882
2,9341
2,8804999999999996
3,4524
3,4029
3,1297
3,153
4,3015
3,6319
3,1892
3,3651000000000004
2,9568
3,1654999999999998
3,872
3,2874
3,1348000000000003
3,5609
4,2903
3,4239
3,1328
2,9555
2,9546
3,1965000000000003
3,0687
2,8926999999999996
2,9112999999999998
2,8804999999999996
3,2013
3,0834
3,0347999999999997
2,9117
2,8806000000000003
3,1273999999999997
3,1388000000000003
3,0337
2,9116
2,879
2,8796
3,0333
3,0167
2,882
2,9185
2,8804
3,1500999999999997
3,2177
3,2216
2,9924999999999997
3,1537
3,0883
2,8830999999999998
3,375
2,9252000000000002
3,1148000000000002
2,8859
2,9926000000000004
2,8825000000000003
3,2704
2,882
2,8794
2,973
2,882
3,0494
2,9201
3,0515999999999996
3,2548
3,0455
2,8829
3,1318
2,8804999999999996
2,8815
3,0707
2,8807
3,2951
2,8854
2,8813
2,9736
2,8804
2,8812
3,07
2,8808000000000002
2,9838
2,8814
2,8809
2,9883
2,8956
2,8801
3,4072999999999998
2,8823
2,9108
3,0262000000000002
2,8803
3,0265999999999997
3,0919
2,8866
2,9269000000000003
3,0334
3,0488999999999997
3,0271
2,885
2,9545
3,0608
2,8814
3,0016000000000003
2,8807
2,9111
2,8815
3,0112
3,3874
2,8804999999999996
2,8799
2,9229999999999996
3,0057
3,2201
2,8861999999999997
2,8817
2,9126999999999996
2,8809
3,0575
3,0078
2,8809
2,8815
2,918
2,8792
3,1484
2,8814
2,8809
2,9307
2,8804
2,9999
3,4561
2,8798
2,9805
3,2482
2,8854
3,1435
2,8815
2,8796
2,9092
2,8796
3,0425999999999997
2,8823999999999996
2,8800000000000003
2,9995
2,8817
2,8796
3,0658
2,8788
3,298
3,0612999999999997
2,885
3,0494
2,8796
3,1106
3,0005
2,8813
2,9305999999999996
3,0450999999999997
2,8804999999999996
2,9781999999999997
2,8806000000000003
2,8815999999999997
2,918
3,039
3,0575
2,8813
2,8865000000000003
3,0263999999999998
3,0187999999999997
2,8800000000000003
3,4116
2,8825000000000003
2,9344
3,0955000000000004
3,053
2,9869
2,8815999999999997
2,8795
2,9239
3,0406
2,9707000000000003
2,8817999999999997
2,8802
2,9339
2,8803
3,0151000000000003
3,0755
2,8799
2,8811
2,9215
2,9359
3,4814
2,8817
3,092
2,94
2,8812
3,2702999999999998
2,9657
2,8809
3,0004
2,8815
3,1765
2,9363
2,8812
2,9787
2,8813
2,8814
3,0332
2,881
2,8794
3,3826
2,8814
3,0242
3,2182
2,8872
2,9879
2,883
2,8815
3,0766
2,8796999999999997
2,9497999999999998
2,9277
2,8823
2,9351
3,0585999999999998
2,8807
2,991
2,8809
2,8809
3,1864
2,8937
3,4381
2,8823
3,1216
2,9412000000000003
3,2167
3,0014999999999996
2,8871
2,882
2,9228
3,0341
2,8822
3,1516
3,1136
3,0949
2,8801
3,0563000000000002
2,9918
2,8789000000000002
2,8787000000000003
2,9082
3,0023
3,247
4,5149
3,8061000000000003
2,9687
3,0486
2,936
2,881
2,8801
3,0168999999999997
2,8815
3,0839000000000003
2,8796999999999997
2,8809
2,973
2,8803
3,0412
2,9179000000000004
3,0677
3,2354
3,0488
2,8813
3,2682
2,888
2,8819000000000004
2,9747
2,8801
3,2315
2,8808000000000002
2,8806000000000003
3,33
2,8858
2,8801
3,2070000000000003
2,8803
2,9943
3,1359
2,8800000000000003
3,3295999999999997
2,8811
3,2005
3,3681
3,1361000000000003
3,267
3,0159000000000002
3,0543
3,2218
2,8815999999999997
3,5242
3,105
2,9703
3,2544
2,9194
3,7314000000000003
3,0777
2,9482000000000004
3,2158
2,9537
3,3074
3,0585999999999998
2,8799
3,1921
3,1624000000000003
3,0297
3,1457
3,0797
3,1601
2,8804
3,0275
3,1581
3,0596
3,1004
2,9548
2,9640999999999997
3,6113
3,0625
3,2266999999999997
3,0644
3,1361000000000003
3,2284
2,9569
3,3289
3,1224
3,0506
3,2683
2,8827000000000003
3,5566999999999998
3,297
3,2045
3,3186
4,4119
3,8241
3,1716
3,2052
3,0355999999999996
3,0756
3,5244
3,1531
3,3575
4,3022
3,5743
3,1309
3,3066
3,1712
3,0122999999999998
3,6224
2,8839
2,9187000000000003
3,2468000000000004
2,8815
3,8576
3,1232
2,9579
3,2387
3,0591
3,3489
3,0929
2,9556999999999998
3,2858
2,9551
3,2687
3,0881
3,1584
3,2829
2,9589
3,3253
3,0718
3,1344
4,1859
2,9436
3,4114
3,098
3,4546
2,9592
2,9556
3,0728999999999997
2,881
3,3112
2,882
2,8815
3,0059
2,8825000000000003
3,3453
2,8869
2,882
3,0794
2,8802
3,0321
3,0575
2,8832
2,8823999999999996
3,5686
2,8826
3,1172
2,8803
2,8807
2,9683
2,8801
2,9182
3,0131
2,8790999999999998
2,9743999999999997
3,1113
3,15
3,0721
2,8825000000000003
2,9960999999999998
2,8942
2,8796
2,9208
3,0434
2,8807
3,4095000000000004
2,8833
2,9199
2,8920999999999997
2,993
2,9773
2,8790999999999998
2,8802
2,9341
3,164
3,2734
2,9251
2,8838000000000004
2,9137
2,8793
3,0357000000000003
2,9791000000000003
2,8798
2,9115
2,8803
3,0554
3,4272
2,882
2,8815
2,9238
2,8812
3,1372
2,8801
2,8800000000000003
2,9117
3,1318
3,0638
3,0174
2,8808000000000002
2,9107
2,8809
2,8800000000000003
3,1603
2,8822
2,8809
2,9108
2,8795
2,8796999999999997
4,3584000000000005
2,8898
2,9155
2,8815
2,8827000000000003
3,2535
2,8832
3,1666
2,8857000000000004
2,8817
3,1137
2,8804
2,8809
2,9322
2,8808000000000002
2,9834
3,0298
2,8808000000000002
2,9359
2,8796
2,8790999999999998
3,4772000000000003
2,9695
2,9351
2,8803
2,8790999999999998
2,9882
3,2457
2,8855
2,9183999999999997
2,8790999999999998
3,0845
2,8795
3,0300000000000002
3,0276
2,8833
2,8807
2,9682
3,0306
2,9313
2,8804
2,8795
3,3907999999999996
2,8799
3,0191
2,9187000000000003
2,8799
3,2089000000000003
2,8845
3,0444
2,9115
2,8793
2,8795
2,9808
2,8794
3,029
2,9367
2,8799
3,2318
2,8851
2,8796999999999997
3,0604
2,8796999999999997
2,8795
3,4586
2,8815
3,0204
3,1241
3,0244999999999997
2,9895
2,8815999999999997
2,9389
3,4093999999999998
2,8826
3,0612999999999997
2,9994
2,8828
3,282
2,8825000000000003
3,1104000000000003
3,3129
2,9537
3,2738
2,9436
3,2907
3,3107
2,8814
3,5894999999999997
2,9457
2,9271000000000003
3,1757
2,8808000000000002
3,2898
3,0907999999999998
2,9624
3,2718000000000003
2,954
3,0796
3,2906
3,1216
3,2194
3,0251
3,6971
3,0816
2,8817999999999997
3,1584
2,964
3,2419
3,2959
3,1067
3,1595999999999997
2,8804
3,0665
3,1296000000000004
3,0601000000000003
3,2129
2,9543
3,0206
3,1641
3,0326
3,2464
2,9638
2,8799
3,8306
2,8811
3,3173
2,9729
3,1532
3,2717
2,8804999999999996
3,0837999999999997
3,2907
2,9542
3,2720000000000002
3,0546
3,1687
3,1944
2,8796
3,2616
2,8807
3,0591
3,6341
2,8800000000000003
3,3847
2,9598
2,9730999999999996
3,2914
3,1213
3,4838
2,8841
2,9558
3,4042999999999997
2,9572000000000003
3,195
3,0677
3,0805
3,4215999999999998
2,957
3,4956
2,9593000000000003
2,9584
3,2432
3,1341
3,0332
2,9562999999999997
2,9548
3,0788
3,2266999999999997
2,9959000000000002
2,8842999999999996
2,8815
2,9251
2,8923
3,0421
3,0071
2,8823
2,9158999999999997
2,8807
3,0309
3,4227
2,8821
2,8812
2,9126999999999996
2,8796999999999997
3,1722
2,8817
2,8823999999999996
3,1321
2,8871
2,9333
3,1812
2,883
2,9269000000000003
2,8793
2,879
3,0644
2,8807
2,8784
2,9156999999999997
3,332
3,3542
3,7678
3,1999
3,1266000000000003
3,9458999999999995
3,7139
3,1684
3,3802
2,9353000000000002
2,8815999999999997
3,0856999999999997
2,9055999999999997
2,8952999999999998
3,4285
3,1582
3,0993
4,2912
4,3165000000000004
3,1972
3,0494
3,1384
2,8808000000000002
3,0127
2,8800000000000003
2,8802
2,9102
3,0458
3,2434
2,8877
2,882
2,9122000000000003
2,8804
3,1593
3,068
2,926
2,971
3,2
3,2538
3,4415999999999998
2,8836
2,9223
2,882
3,1165
3,1361000000000003
2,8809
2,881
2,9207
3,1213
3,1660999999999997
2,8812
2,8804999999999996
2,9621
3,2548
3,0836
3,094
2,8832
2,9362
3,2532
2,8817999999999997
3,8583
2,8822
2,9332
2,8802
2,8785999999999996
3,4079
3,0487
2,8857000000000004
3,568
3,1005
3,2697999999999996
2,9884
3,0358
3,1896
3,061
3,3049
2,9762999999999997
2,9743
3,1978000000000004
2,9576
3,8804999999999996
2,887
2,9133
3,0791
2,8823999999999996
3,2339
3,1310000000000002
2,9593000000000003
3,3425
2,9189
3,336
3,0814000000000004
2,9115
3,0573
2,8830999999999998
3,0206
3,1319999999999997
2,9396999999999998
3,0989
3,0347999999999997
3,3914
3,1332999999999998
3,1061
3,2027
2,8815999999999997
2,9821999999999997
3,0829
3,0547999999999997
3,4788
2,9606
3,0412
3,1784
3,0995
3,136
2,9593000000000003
2,9855
3,1756
2,8827000000000003
3,2304
2,9115
2,8823
3,334
2,9551
3,1032
3,074
2,8793
3,0919
2,8799
3,1648
3,2301
2,8836999999999997
2,9774
3,0277
2,8807
3,2985
2,8815999999999997
2,9567
3,0848
2,8804999999999996
3,2066
2,9701
2,8811
3,7138
2,8829
3,0902999999999996
3,0985
2,9541
3,2424
3,1226000000000003
2,9279
3,3846000000000003
2,9575
3,0496999999999996
2,9438
2,9202999999999997
3,2044
2,9716
3,2767
2,8825000000000003
2,9123
3,226
3,089
3,6746
2,883
3,0616
3,1583
3,0528
3,0121
3,1406
2,8858
3,1895000000000002
3,0818999999999996
2,9224
3,2251
2,8806000000000003
3,1767000000000003
2,8832
3,1153
3,1131
2,9486999999999997
3,5704000000000002
2,9562999999999997
3,1445000000000003
3,0841000000000003
3,0642
3,3348
2,984
3,2443
3,6962
3,0675
3,229
3,0014
3,2348
3,1723
3,0614000000000003
3,3564
2,9945000000000004
3,1227
3,3108
2,9877
3,78
2,9591000000000003
2,9594
3,477
3,0657
3,3032999999999997
3,0641000000000003
4,2298
3,7444
3,1408
3,068
3,0686
3,3976
3,1494999999999997
3,0444
2,9646
2,8836
2,9192
3,2373
3,8448
5,6080000000000005
3,1846
3,2432
3,0655
2,8809
2,8808000000000002
2,9106
2,8849
3,9031000000000002
4,368399999999999
3,5795000000000003
2,9573
3,2093
2,9954
2,8811
2,8809
2,922
2,881
3,3091
2,8813
2,8802
2,9261999999999997
2,8804
2,9795
3,1803
2,8809
2,9271000000000003
2,8811
3,1201
3,6835999999999998
2,8858
2,8822
2,936
2,8814
3,1175
2,8800000000000003
2,8804
3,1175
2,9911
3,0103
3,2529
2,8981
2,9665
3,1853
2,8813
3,3600000000000003
2,991
3,0193
3,4542
2,8844
3,8779
3,0003
3,1576
3,2274000000000003
2,9566000000000003
3,0834
3,0841000000000003
3,0166
3,1565
3,0019
2,9600999999999997
3,1102
2,9919000000000002
3,1965000000000003
2,8807
2,9295
3,3338
2,898
3,6362
2,8878
2,9231000000000003
3,1654999999999998
3,0506
3,3416
2,9997000000000003
3,0213
3,1097
3,1524
3,3663
2,9989
3,0289
3,3019999999999996
3,1254
3,1151
3,0368999999999997
2,9289
3,2182999999999997
2,8836
4,412400000000001
2,9987
3,0209
2,9584
2,956
3,1872
2,901
2,9776
2,8821
3,3942
3,8127999999999997
2,886
2,9855
2,8815
2,8807
2,9983
3,2258
2,8817999999999997
3,8273
3,3133
3,5311
4,107
3,8552
3,3455999999999997
3,0286000000000004
3,2466
2,9554
3,5898000000000003
3,2642
3,1672
3,4979999999999998
4,455500000000001
3,4555
3,2051
3,2144
3,4057
2,9676
2,9553000000000003
2,9541
3,0116
3,5534999999999997
2,9304
2,8825000000000003
2,882
3,1199
2,9256
3,3868
3,219
2,8829
3,1419
2,884
3,3674999999999997
2,932
2,8813
3,1763
3,1118
3,0038
3,2209
2,8811
2,8804
3,3197
2,8883
3,2241
2,883
2,8817
2,9817
2,8804999999999996
3,0035000000000003
2,9228
2,8825000000000003
3,0399
2,8817
2,8800000000000003
3,1307
2,8823
2,8813
3,5688999999999997
2,8817
2,97
2,9747
3,1351999999999998
3,0011
3,0429
2,92
3,0595000000000003
2,8812
3,0143
2,8804999999999996
2,8823999999999996
2,9254
3,0435000000000003
2,8795
2,9816000000000003
2,8793
2,9153000000000002
3,0146
2,8775
3,4599
2,8804999999999996
2,8799
3,1757999999999997
3,0660000000000003
2,9958
2,8817
2,8808000000000002
2,9301000000000004
3,0184
2,8807
2,9781999999999997
2,8817
2,9106
2,8793
2,9894000000000003
2,9827
2,8787000000000003
2,8793
2,9183
3,022
3,3597
3,0902
3,1105
2,9423
2,8836999999999997
3,0500000000000003
2,9800999999999997
2,8836
2,9232
2,8814
2,8819000000000004
3,1041
2,8804999999999996
2,882
2,9337999999999997
2,8806000000000003
3,1170999999999998
2,8836999999999997
2,8809
2,9377
2,8811
2,8879
3,7776
2,8864
2,9224
2,8814
2,8792
3,1224
2,8804999999999996
2,8802
2,9351999999999996
2,8804
2,8795
3,2401999999999997
2,8826
2,9363
2,8796
2,8785999999999996
2,9793
3,0404
2,8792
2,9166000000000003
3,0946
3,4278999999999997
3,0619
2,8813
2,9240999999999997
2,8809
2,9115
2,9261999999999997
2,9908
2,9323
2,8808000000000002
2,881
3,0122
3,027
2,8800000000000003
2,911
2,8793
3,0559
2,8789000000000002
3,041
3,1468999999999996
2,8851
2,8827000000000003
3,5572999999999997
3,02
3,0443
2,881
2,9174
2,9984
2,8801
3,0455
2,9280999999999997
2,8792
3,2265
2,8815999999999997
2,8806000000000003
3,0966
2,8804999999999996
2,8798
3,0084999999999997
3,1153999999999997
3,0198
2,8819000000000004
2,8823
3,4459
2,8815
2,8804
3,0869999999999997
2,8823
2,9991000000000003
2,8806000000000003
2,8808000000000002
3,0872
2,8811
2,8790999999999998
2,9832
2,8794
2,9185
3,0302
3,0097
3,2278
2,8857000000000004
2,8828
3,1597
2,9092
3,3038999999999996
2,9816000000000003
2,8804999999999996
2,9325
3,0444999999999998
2,8801
2,9745000000000004
2,8817999999999997
2,9367
2,8794
3,0177
3,0679000000000003
3,1151
3,1128
2,9240999999999997
3,2774
2,9956
2,8804999999999996
2,8801
2,9137
2,8796
3,0421
3,6321
2,8817
2,9845
2,8792
3,0331
2,9181
3,1147
3,0112
2,8819000000000004
2,879
3,1007000000000002
2,8799
2,8804
3,3078
2,8867
3,0732
2,8838000000000004
2,883
3,4634
2,8826
2,8811
3,0363
2,8804
2,9692999999999996
2,8804
2,8785999999999996
3,0638
2,8794
2,8788
3,0078
2,8798
2,8788
3,0162999999999998
3,109
3,1019
2,8829
2,8817999999999997
2,9708
2,9335
2,8801
3,0115
3,0316
2,9682
3,0176
2,8796999999999997
3,4229
2,8812
2,8796
2,9383
3,0022
3,0859
2,8834
2,8804999999999996
3,148
3,0399
2,8815999999999997
3,0358
2,8811
2,9118999999999997
2,8789000000000002
3,0422000000000002
2,9858
2,8796
2,8790999999999998
2,9232
2,957
3,1542
3,1411
2,8811
2,9169
2,8809
3,0158
3,0913
3,1119
2,9391
3,0222
2,9757
3,025
2,8811
2,8796
2,9198000000000004
2,8811
3,1995999999999998
2,8828
2,8819000000000004
2,9229999999999996
2,8807
2,8788
3,4756
2,8803
2,9192
2,8796
3,3775
3,7997
2,8888999999999996
2,9267
2,8833
2,8815
3,2287000000000003
2,8836999999999997
2,8834
2,9239
2,8814
2,9213
3,0836
2,8804
2,9198000000000004
2,8793
2,8806000000000003
4,0091
3,3272000000000004
3,1538
3,076
4,6004000000000005
3,4238
3,1817
3,428
3,2452
3,1079
3,6435999999999997
4,1838999999999995
3,1191999999999998
3,1012
3,1061
3,088
3,0354
2,9810000000000003
2,8794
3,0726
2,9366000000000003
3,236
3,1415
2,8829
3,7109
2,8874999999999997
3,3485
2,8834
2,8801
2,9833
2,8813
3,1816
2,9829000000000003
2,8842
2,8829
3,0812999999999997
2,8811
3,1113999999999997
2,8812
2,8804
3,0014
2,8801
2,8804
3,0355
3,114
3,3922000000000003
2,9154
2,8815
3,0837999999999997
2,8807
2,8787000000000003
2,9884
2,881
3,0704000000000002
3,0431
2,8802
2,9145999999999996
2,8796999999999997
2,8796999999999997
3,2184000000000004
2,8796
2,9097
2,8793
2,8826
3,707
3,1986
2,9206000000000003
2,8815
2,8801
3,0888999999999998
3,0573
2,8795
2,9115
2,8802
2,8793
2,977
3,0433
2,9214
2,8802
2,8804
2,9748
2,9383
2,9579
2,9183999999999997
3,1005
3,2142
3,0623
3,0183
2,9231000000000003
2,8794
2,8790999999999998
2,9447
2,8803
3,0703
2,8802
2,8801
3,0614000000000003
2,8806000000000003
3,0018000000000002
2,9199
3,0259
2,9783
2,8795
2,8801
3,3218
2,887
2,8825000000000003
3,4489
2,8832
3,0578
2,8796999999999997
2,8815999999999997
2,9766
2,8808000000000002
2,8801
3,0809
2,8798
2,999
2,8795
2,8785999999999996
2,9143
3,0044
2,8790999999999998
2,9799
3,0988
2,8861
3,0778
2,8807
3,3826
2,9239
2,8796999999999997
2,9161
3,0302
2,8798
3,6311
2,8827000000000003
2,9115
3,7817
3,1486
2,887
2,883
2,9334000000000002
3,0161
3,0944000000000003
3,3499
2,8859
2,9274999999999998
2,8821
3,2468000000000004
3,4467
2,8827000000000003
2,8809
2,9303
3,2973
3,0171
2,8830999999999998
2,8807
2,92
2,8801
3,29
2,8952
2,8796
2,9218
2,8808000000000002
3,3787000000000003
3,3363
2,8846000000000003
2,9247
3,0263999999999998
2,8834
3,7574
2,883
2,8821
2,9301000000000004
2,8812
3,3443
2,8830999999999998
2,8815999999999997
2,9339
2,8807
2,8792
3,4327
2,8832
2,9396999999999998
3,1269
2,8854
3,5354
2,8823999999999996
2,9363
2,8814
2,881
3,4082
3,0928
2,8806000000000003
2,9367
2,8815999999999997
3,0462000000000002
3,1847
2,8826
2,9264
2,8803
3,0406
3,0122999999999998
3,0344
3,1669
2,8931999999999998
2,8815999999999997
3,0771
3,2139
3,1191999999999998
2,9229999999999996
2,8803
3,4296
2,9143
3,0315
2,9315
2,8799
2,8809
3,0972999999999997
3,0044
2,9106
2,8803
2,8798
3,8746
4,4716000000000005
3,2571000000000003
2,907
3,0488
2,8922000000000003
2,8798
3,0732
2,8792
2,8803
3,4486999999999997
3,0176
3,0682
2,8811
2,8804
2,9853
2,8785999999999996
2,8777
3,033
2,879
2,9604000000000004
3,114
2,886
3,0776000000000003
2,8814
2,8807
3,07
2,8793
2,8802
3,0824
2,8812
3,4816000000000003
2,8836
2,8799
3,0934999999999997
2,8792
3,0221
2,8807
2,8802
2,9347000000000003
3,0441000000000003
3,1140999999999996
3,0181999999999998
2,8838000000000004
2,8975
2,8815
3,1438
3,0179
2,8811
2,8812
3,4305999999999996
3,0236
2,9225000000000003
2,8817999999999997
2,882
3,0667
2,8802
3,0144
3,0486
2,8799
2,881
3,1319999999999997
3,0371
3,0305000000000004
2,8819000000000004
2,8796
2,9164
2,8813
3,0452
3,4046
2,8828
2,9251
2,8815
3,0184
3,0029000000000003
2,879
2,8787000000000003
2,9286999999999996
2,881
3,1313
3,0235000000000003
3,1145
2,9156
2,8804999999999996
2,9116
3,0044
2,8809
2,9155
2,8801
3,4282000000000004
3,9595000000000002
2,8851
2,9929
2,8817999999999997
2,8814
3,0841000000000003
2,8815999999999997
2,8806000000000003
3,0006
2,8807
2,9258
3,2996000000000003
2,8869
3,0814000000000004
2,8821
2,8812
3,041
2,908
3,5539
2,8961
2,8807
2,9101
3,0059
2,8792
3,5373
3,2318
3,1946000000000003
3,8138
4,355300000000001
3,2213
3,2471
3,7062000000000004
3,2961
3,0635
4,38
3,66
3,3736
3,1225
3,0373
3,0244999999999997
3,0416000000000003
2,9565
3,3132
2,8822
2,8823
2,9962
2,8819000000000004
3,1551
2,9305
2,8811
3,1203
3,1329000000000002
2,8867
3,0847
2,8828
3,0549
3,5271999999999997
2,8830999999999998
3,1494
2,9289
2,8830999999999998
3,2467
2,8828
3,109
3,2104999999999997
2,9892
3,238
2,9894000000000003
3,0778
3,2959
2,9787
3,4836
3,0818999999999996
3,7795
3,0543
2,9578
3,2453
2,9737
3,2153
3,6406
3,1015
3,1941
2,9570999999999996
3,3194
3,1489000000000003
3,112
3,1354
3,0587
3,1471
3,0726999999999998
3,1968
3,5090999999999997
2,8893
3,2462
3,2037
2,9769
3,1685
2,9562
3,1873
3,0957
3,3549
3,2808
2,8821
2,9335
2,8822
3,3795
2,8829
2,8815999999999997
2,9218
2,8833
2,9869
3,9294000000000002
2,8893
2,9282000000000004
2,8815
2,8795
3,2927
2,8812
2,8814
2,9122000000000003
3,0271
3,37
2,9179000000000004
2,8833
2,9280999999999997
2,8812
2,8817999999999997
3,3528
2,8806000000000003
2,9112999999999998
3,246
3,113
3,9741000000000004
2,8874
2,9148
3,1936
2,9595
3,6117
2,9613
2,9607
3,1702000000000004
2,9595
3,2695
3,3454
2,9348
3,1622
2,9177999999999997
3,321
3,1877
2,9585000000000004
3,165
3,1291
3,7359
3,0856999999999997
2,9594
3,199
2,9585000000000004
3,2934
3,0940999999999996
2,9228
3,1329000000000002
2,9562
3,2654
2,9614
3,0902
2,8819000000000004
2,8812
2,9418
2,8796999999999997
3,0433
2,9337999999999997
3,1087
2,8878
3,421
2,8842
3,0753
2,8832
2,883
3,1605000000000003
2,8835
3,0456
2,8821
2,8834
3,0553
3,0843
2,8823
3,4619
2,884
2,9708
3,0761
2,8855
3,5903
2,8874
2,8825000000000003
3,6437
2,8815
3,2604
2,9889
3,0044
3,1866
2,8854
2,9135
3,2864
2,8858
3,2406
2,9939
3,0428
3,5532
2,9901
3,3893
2,9882
3,1654999999999998
3,2972
2,9862
3,6378999999999997
2,9813
2,9709
3,3802
3,1305
3,215
3,2261
3,333
3,1643
3,2642
3,1135
2,9813
3,2457
2,9812
3,5342
3,0820000000000003
2,9836
3,4038
2,9924
3,7609000000000004
3,2455000000000003
3,0634
3,2687
3,0637
3,4476
3,1246
3,0665
3,2843
3,0654
3,4694000000000003
2,8861
2,8851
3,193
2,9848000000000003
3,415
2,8842999999999996
3,032
3,5675
2,8868
3,3083
3,3404
2,9065
3,1702000000000004
3,0641000000000003
3,1213
3,4078
2,9894000000000003
3,31
2,964
3,0602
3,589
3,0686
3,2693000000000003
2,9566000000000003
3,0447
3,6149
2,9908
3,4381
3,0703
3,2805999999999997
3,5509
3,0687
3,0674
2,9917
3,1326
3,0025999999999997
3,1621
2,9141000000000004
3,0354
3,0191
2,8842999999999996
3,2705
2,9132
2,8802
2,8813
3,094
2,9863
3,1814
2,8877
2,8899
3,4554
2,8823999999999996
3,0114
2,9175
2,8811
3,0248
2,8808000000000002
2,936
2,9784
2,8802
2,8812
2,9960999999999998
2,8804999999999996
3,0717000000000003
2,8804
2,882
3,0071
3,0962
2,8852
3,0112
2,8803
2,8800000000000003
3,5699
2,8836999999999997
4,0035
2,8893999999999997
2,9808999999999997
2,8835
2,8833
3,1108
2,9189
2,8838000000000004
2,9267999999999996
2,8830999999999998
2,8812
3,2751
2,8828
3,1449999999999996
2,8874
2,8838000000000004
4,1523
2,8859
2,9143
3,0399
2,99
3,5919
3,1451000000000002
2,9588
3,2213
2,9032
3,2469
3,0669
3,2422000000000004
3,5561
3,1475
3,4053999999999998
4,2343
4,6855
3,1982999999999997
3,5531
3,2476
3,9011
3,2491999999999996
3,1015
3,2647
3,9177999999999997
3,7681
3,0801000000000003
3,1581
3,0339
3,2889999999999997
3,1717
2,9819999999999998
3,4553000000000003
2,9549
3,318
3,3252
3,1633999999999998
3,2253999999999996
2,9567
3,175
3,2289
2,9551
2,9621
2,9583
3,1386000000000003
3,0532
2,8814
2,9346
2,8800000000000003
2,8813
3,1020000000000003
2,8800000000000003
2,8793
3,4454
2,8787000000000003
3,6382
3,3571
2,9743999999999997
3,2265
2,956
3,1816
3,1346
2,9436
3,2444
2,9602
3,2406
3,15
3,1526
3,1535
2,9475000000000002
3,3119
3,0994
2,9263000000000003
3,137
2,8815999999999997
3,7268000000000003
3,6422
2,9315
3,2096999999999998
2,9583
3,3055
3,1782999999999997
2,9261
3,2287000000000003
2,9018
3,1893999999999996
2,9568
3,1113
3,2391
2,8823
3,0593999999999997
2,9689
3,1243
3,2032
2,9229
3,6833
3,1292
3,0603000000000002
2,8827000000000003
2,8823999999999996
3,0396
2,8813
2,8811
3,0381
2,8823
2,8796
3,1942
2,8808000000000002
3,0479000000000003
3,0351000000000004
2,8814
3,0636
2,8804
2,8804999999999996
3,2561
2,8848
3,7728
2,8878
2,8821
3,2647
2,9261
3,0401
3,0726
2,9596
3,1922
3,0512
2,9461
3,1732
2,8807
3,0364
3,0795000000000003
2,8819000000000004
3,1584999999999996
2,9274999999999998
2,9649
3,3622
3,1486
3,7285
2,8845
2,9637000000000002
3,7313
3,0303999999999998
3,216
2,9568
2,9682
3,2328
3,1056999999999997
3,3583
2,8822
2,9232
3,2058
3,0631999999999997
3,7285999999999997
2,958
2,967
3,3028
3,3132
3,6651000000000002
2,9655
2,969
3,2623
3,1343
3,3038999999999996
2,8827000000000003
2,9282000000000004
3,2845
2,956
3,4524999999999997
3,0157000000000003
3,1370999999999998
2,9547000000000003
2,9202999999999997
3,1343
2,8815
2,8807
3,4896
3,1409
3,0786
2,9598
2,8819000000000004
3,4907
2,8812
2,9334000000000002
3,0643
2,8825000000000003
3,0446
2,9697
2,8834
3,3899
2,8830999999999998
2,9448
3,1101
2,8803
3,1909
3,0741
3,0096
3,513
2,9556
3,1799
3,2206
3,1197999999999997
3,2367
2,8826
3,6611000000000002
3,0415
2,9221999999999997
3,1984
3,0725000000000002
3,2680000000000002
2,9640999999999997
3,0376000000000003
3,2319
2,8808000000000002
3,6553000000000004
3,9119999999999995
3,2639
3,5058
2,9608
3,2586999999999997
2,9553000000000003
3,1313999999999997
3,2478
2,9555
3,4286999999999996
2,9634
3,1071
3,1982999999999997
2,9564
3,3498
2,9547000000000003
3,1367000000000003
3,2063
2,9524999999999997
3,292
2,9626
2,8815
3,6714
2,8879
3,1545
3,0831999999999997
2,8846000000000003
3,2812
2,8821
3,6503
2,9692
2,9561
3,3139
2,9295
3,0338000000000003
3,2386
2,9129
3,4263000000000003
2,9567
3,0460000000000003
3,0856
2,955
3,381
3,1299
3,0009
3,2374
2,9436
3,3178
3,1614
3,0944000000000003
3,2369
2,9553000000000003
3,2006
3,042
3,0753999999999997
3,2826999999999997
2,9556999999999998
2,9558
3,0462000000000002
3,0807
3,0578
2,8823
3,1662
2,8864
3,0317
3,088
2,8830999999999998
2,8813
2,9198000000000004
2,8807
3,2922
3,0824
2,8817999999999997
2,9337
2,8809
3,0303999999999998
2,9983
2,8799
2,9194999999999998
2,8800000000000003
2,8815999999999997
3,0553
3,323
2,8868
3,2382
2,8832
3,1191
3,5752
2,9123
3,3121
2,883
3,3590999999999998
3,6196
2,8849
3,3247
2,9567
2,9629
3,3518
2,8996999999999997
3,225
2,8808000000000002
2,9201
3,6812
2,8878
3,4543
2,9564
2,9687
3,2619
2,9562999999999997
3,5719
2,9578
2,9664
3,2733
3,1188000000000002
3,2161
2,972
2,9534000000000002
3,2567
3,0235000000000003
3,2022
3,4208
3,2107
4,747000000000001
4,5557
4,0781
3,1374
3,1689000000000003
3,3446000000000002
3,7556
3,283
3,387
3,2468000000000004
4,1339999999999995
3,2256
3,1111
3,2274000000000003
3,0334
3,519
3,0988
3,0412999999999997
3,2585
2,9574
3,7891
2,9635
3,1121
3,3491
2,9566000000000003
3,4080999999999997
2,9589
3,0302
3,1682
2,9555
3,1746
2,9160000000000004
3,1439
3,2006
2,9554
2,9788
3,4326
3,0545
3,2238
2,9558
3,4297
3,3692
3,0109999999999997
3,2567
2,9542
3,0393
3,3473
3,0434
3,2445999999999997
2,9566000000000003
3,2619
3,2133000000000003
2,9748
3,3712
2,9556
3,5198
3,4173
3,1178
3,2720000000000002
2,958
3,4333
3,1331
3,3482999999999996
3,2669
3,0561999999999996
3,2119
2,955
3,2824
3,184
2,9576
3,2117999999999998
2,9584
3,3194
3,2276000000000002
2,9568
3,2186
2,9562
3,4261
3,112
2,8804
3,367
2,8863
2,8812
3,7929
2,9587
3,0301
3,0755
2,8945
3,5575
2,8845
2,9228
3,1793
2,8813
3,8794
2,8823999999999996
2,9231000000000003
3,0244
2,8817
3,1023
3,1356
3,1721000000000004
2,8867
2,8811
2,9998
3,1124
2,8814
2,9209
2,8811
2,8817999999999997
3,0872
3,0385
2,9234999999999998
2,8811
2,8817999999999997
3,4467
3,2605999999999997
2,921
2,881
2,8806000000000003
2,9587
3,1031
3,1864
3,3445
2,8819000000000004
2,9896
3,1673
3,1868
3,2706
2,8828
2,9815
3,2064
3,0991
3,3422
3,068
3,2266
3,2251
3,0615
3,3102
2,9593000000000003
2,8800000000000003
3,7542999999999997
2,8848
3,715
2,8826
3,1002
3,1618000000000004
2,9565
3,4903999999999997
3,4713000000000003
3,22
3,0707999999999998
3,0643
3,5044
2,9595
3,7006
2,8832
2,9317
3,3129
2,8823999999999996
3,1317
3,3355
3,0718
3,5109
2,958
3,2675
2,9567
2,9786
3,4014
2,8836
2,9455
3,0933
2,8809
3,2028999999999996
3,1220000000000003
3,4511
3,2216
2,9605
3,3026
3,251
3,9505
5,7844999999999995
3,4209
3,1473999999999998
3,0036
3,1069
2,8809
3,1098
3,0622000000000003
2,9938000000000002
3,0982000000000003
2,8804999999999996
3,1151999999999997
2,939
3,4491
3,4708
2,957
3,2461
2,9553000000000003
3,2318
3,2169999999999996
3,1619
3,2908999999999997
3,0612
3,5235000000000003
3,1578
2,8827000000000003
3,2207999999999997
2,9852
3,134
2,9992
2,9535
2,9569
2,9532
2,9088
3,6665
2,8849
2,9118999999999997
2,8804
2,879
3,0872
3,3836999999999997
2,888
3,2809
2,8823
2,9891
3,258
3,0372
3,1961
2,884
3,0265
3,3440000000000003
2,8814
3,0534999999999997
3,0004
2,9535
3,7586
3,0393
3,0509999999999997
3,0625
3,1578
3,4252000000000002
3,2748
3,2504999999999997
2,9632
3,075
3,1841
3,1435999999999997
3,156
3,0115
2,9556
3,3583
3,1201
2,968
2,9548
2,9467999999999996
3,4614
2,9450000000000003
3,1835
3,0273000000000003
2,8826
3,2708
2,8861
3,2878
2,8828
2,881
3,0788
2,8796
2,9462
3,0393
2,8800000000000003
2,9605
2,9087
2,8812
3,0509999999999997
2,8801
2,8796999999999997
3,4232
2,8809
2,9202999999999997
3,2369999999999997
3,6213
3,1232
2,883
2,927
3,3975
2,8826
2,9941999999999998
2,8811
2,8812
3,141
2,8808000000000002
2,9219
3,0366
2,8822
3,5612
3,0788
2,8802
2,9361
2,8792
3,0136
3,4259999999999997
2,8863
2,9239
2,8825000000000003
2,8822
2,9589
3,2271
2,9255
2,8827000000000003
2,8806000000000003
3,0042
2,9743
3,0006
2,9191
2,8804
3,1766
3,0621
3,283
3,2315
2,8812
3,4147000000000003
3,3417999999999997
3,4840999999999998
3,3
4,3039000000000005
3,6185
3,0907
3,3301
2,9583
2,9552
3,3486000000000002
3,2996000000000003
3,3407
3,7084
4,296600000000001
3,3336
3,3086
3,2081000000000004
2,957
3,2712000000000003
3,2601
2,9619
3,7125
2,8999
3,2789
2,9566000000000003
2,9577
3,3621
2,8851
3,0033
3,2069
2,9556
3,3455999999999997
2,9385000000000003
3,4336
3,1743
3,0566
3,4426
2,9559
3,0614000000000003
3,3756
2,9616
3,1911
3,1843000000000004
3,0488999999999997
3,2295000000000003
2,9564
3,2957
3,2407
3,0328
3,2069
2,9562999999999997
3,2783
3,1186
3,1821
3,564
2,955
3,2666
3,1037
3,003
3,4880000000000004
2,9061999999999997
3,3308
2,9568
3,3384
3,1691000000000003
2,9556
3,125
3,0463999999999998
3,3838000000000004
3,0974000000000004
2,9396
2,9959000000000002
3,0676
3,2872
3,6024
2,8828
3,1524
3,0688
3,274
3,3777
2,9615
3,1962
3,0578
2,8995
3,5867
2,8815999999999997
3,0006
2,9524999999999997
2,8817999999999997
3,3943
2,8830999999999998
3,6653
2,9637000000000002
2,9535
3,3813
2,9389
2,9789
3,1931
2,8815999999999997
3,689
3,0187999999999997
3,0498000000000003
3,1768
2,9555
3,2895
3,1121
3,0362
3,1245000000000003
2,9139999999999997
3,1368
3,0476
2,8806000000000003
3,6944999999999997
2,8811
2,9856000000000003
3,161
2,8814
3,3757
2,9556999999999998
3,307
3,0771
3,028
3,3037
2,8809
2,9122000000000003
3,2361
3,0654
3,0016000000000003
2,8827000000000003
2,9387
2,8814
2,8803
3,8776
2,8826
2,8909000000000002
2,9103000000000003
2,8808000000000002
2,9160000000000004
