6.95176e-310
6.95176e-310
134.022
120.994
106.733
112.393
101.754
90.4553
86.2239
91.348
81.9133
88.2474
87.8134
77.4359
89.6973
83.0695
75.2852
72.7705
84.0626
77.7662
73.8453
68.9625
74.3345
74.1973
73.641
71.6577
66.3582
74.8461
64.7753
68.8971
63.187
61.8118
71.4987
60.8412
66.0622
59.8873
65.5278
58.1758
61.7755
59.0538
62.0618
63.1913
64.2683
65.1793
60.1091
63.4586
63.9566
62.5364
62.515
60.1806
54.951
58.5035
61.7145
59.4746
58.501
60.5846
53.3013
57.0515
57.7513
67.9697
56.2789
58.8025
66.6691
65.1435
59.827
54.9705
49.4723
54.3806
56.9178
54.6279
60.7071
55.2569
57.7299
54.0921
52.5041
54.4995
50.6603
57.2933
59.0122
54.8551
51.2907
53.3008
54.7291
50.1556
53.1259
47.0665
46.5466
53.3202
46.7302
47.3989
55.5524
50.0076
50.8661
46.972
52.6687
49.5654
48.3165
55.1432
48.5435
52.179
46.0046
70.6367
74.0252
57.9887
52.0383
56.5802
50.2542
48.6917
52.4942
52.2514
51.0951
46.5587
49.8233
45.4695
46.1676
43.8004
48.5437
47.8224
49.868
46.0885
49.0987
46.2383
50.41
48.8635
47.9131
45.9846
42.8785
43.2287
47.3069
47.6024
50.5394
51.9149
50.3374
48.8731
47.4033
42.8437
46.7998
45.8537
47.4944
49.8145
49.9487
45.797
49.2991
46.9487
47.3263
46.3029
45.9233
44.942
50.6994
48.3576
44.0772
46.4909
47.4611
52.598
48.2957
43.4532
43.4685
43.856
55.4273
41.4173
46.8283
49.2049
44.5096
48.3506
44.7996
44.628
42.1607
46.7023
44.0293
44.3856
43.9328
44.7078
53.6678
57.9577
43.8302
54.4469
44.6373
45.902
45.2206
42.7329
48.5556
44.458
45.0688
46.0794
46.159
41.9869
46.3806
44.4647
44.3116
41.6481
46.0951
53.2186
43.2008
45.0018
44.72
54.2949
46.3061
46.3962
45.0617
42.5321
42.2829
42.7151
38.6365
44.0405
39.3901
58.9779
58.0489
58.9819
44.5463
42.9801
42.2128
43.8444
43.1289
41.7777
38.3689
41.5012
41.2299
38.9516
40.1586
40.5093
39.4946
41.314
38.2213
41.0971
40.254
37.791
37.5726
40.5076
39.5111
40.4338
41.4744
40.3392
42.4848
37.6139
40.105
41.7297
39.0191
41.109
40.1872
40.8923
37.332
39.7231
39.8243
37.4427
40.9268
37.9933
38.6186
44.8859
39.8391
38.3938
38.6138
36.3891
39.6069
36.1048
39.2528
38.5534
39.1456
40.9499
41.3067
40.4486
38.6495
38.2815
40.7525
38.5015
35.8593
40.0004
36.8329
40.0047
38.7243
37.7851
36.5454
38.8178
36.9117
38.884
41.4126
37.856
35.9034
37.8149
35.9843
37.6721
36.8355
38.2491
38.409
36.8403
37.3026
42.1572
35.2914
37.2852
34.7449
39.9419
39.1164
37.9246
39.248
35.3792
37.1943
38.266
37.7099
36.5285
35.7839
36.0774
36.3556
36.1416
40.6675
38.8244
37.9155
37.2879
37.0043
35.8564
37.8358
37.5447
37.7999
38.6348
35.6969
41.5787
37.0862
39.1967
41.5915
38.144
38.0005
37.1818
35.4093
37.4446
36.0816
37.9327
38.3925
36.6213
39.0838
38.5883
37.0644
41.9139
38.4924
37.4817
37.2841
34.7356
37.4387
34.3787
37.0321
34.5877
36.4654
36.7169
43.533
36.1751
37.042
38.4731
37.1919
35.9566
37.6617
37.9164
35.1557
33.3588
35.7939
39.003
36.8874
34.6566
36.5235
33.9892
37.0969
36.6454
34.4986
37.0484
34.6309
38.4707
36.5542
36.1658
35.5587
36.569
35.8817
33.9138
37.3228
39.7841
33.9485
35.9874
37.0768
36.0739
33.0329
35.7775
34.0711
34.81
33.4207
34.5426
36.5584
37.7432
34.3296
34.5591
36.9122
36.3151
36.429
36.4675
33.8651
36.4017
33.7943
37.2416
37.0523
35.9555
35.6539
36.9658
36.7159
36.0006
37.9917
35.2455
35.0462
35.7008
32.5105
35.3791
35.9804
35.4075
34.5489
33.924
34.3801
35.9108
33.7608
32.9292
34.7913
32.3411
34.9083
37.1834
35.6802
35.0924
35.0108
36.7417
32.5959
35.4438
33.9572
32.7615
35.1804
36.0553
35.1903
42.2096
36.6951
33.4436
36.8226
35.3239
36.0736
33.8702
36.0004
35.0691
33.6097
35.0085
36.9509
36.9242
32.9816
34.8181
34.694
34.7094
44.8172
35.8509
34.8426
34.591
32.8947
35.5554
32.9665
34.2241
33.8141
34.7959
34.895
34.4554
35.7104
34.5962
34.9178
36.745
32.8072
33.9305
33.7295
33.6052
31.997
34.5471
35.2309
33.6802
31.4415
33.1425
35.1239
34.226
32.0838
32.7686
35.4511
36.3786
35.5153
34.5731
35.2186
33.8918
31.776
33.1727
31.6175
33.2628
33.1746
31.0225
33.0194
35.5069
32.3284
35.6495
31.981
33.3372
31.9799
33.0427
32.3261
30.6556
32.5176
34.2475
35.01
32.9659
34.7151
32.8321
32.9284
32.7205
34.168
32.4095
35.3684
31.5603
33.6781
31.3018
33.0304
30.8725
33.2858
32.611
32.7136
32.1424
34.1474
31.9039
32.3102
36.8078
34.2685
31.9972
32.8341
31.4346
31.3107
34.0344
31.6795
34.192
33.6253
33.3848
31.4623
34.4272
32.5991
33.4799
33.8395
32.8457
32.9841
36.7283
32.2338
32.9944
31.6665
33.4405
32.4646
33.4768
33.0479
33.8203
31.2154
34.0121
33.144
31.5689
37.7264
32.968
32.5622
33.844
32.804
30.477
31.6171
30.9042
31.9856
32.6668
33.3871
35.1618
29.9629
31.5273
31.7466
31.1118
32.9961
30.8355
34.1738
34.7575
31.925
30.6172
32.7529
31.3007
32.7336
31.1721
32.1677
32.3704
33.4465
32.6874
32.9738
33.7501
38.2281
31.9276
32.9241
32.7117
32.7245
31.0236
33.2295
33.1099
32.7325
31.9021
29.9817
31.9254
30.6871
31.5663
31.305
31.469
32.31
32.1048
37.0875
32.1117
31.2803
30.6162
31.4351
33.1538
32.6825
31.2633
31.1694
31.7754
32.8092
31.194
32.0978
31.29
33.8661
31.1883
32.5781
31.1415
32.363
32.1673
33.4362
32.4548
32.845
31.6061
32.3048
31.4391
32.6463
32.5612
30.7289
31.3874
30.8482
28.8762
31.7463
33.8805
30.6601
32.0282
31.7955
33.6503
29.7442
31.8937
31.573
31.307
31.5976
31.3106
29.1238
30.3146
36.9315
31.8375
33.2346
30.882
33.0783
31.1134
32.5464
32.3763
31.7913
32.0578
31.6038
31.2954
32.4083
31.2655
31.4222
30.904
31.8038
31.146
30.9399
38.5218
29.8435
30.6129
30.8156
31.4171
31.3335
32.2041
32.885
31.8562
29.8261
30.9834
30.2118
32.6157
34.0324
35.7507
31.3015
30.1502
31.5069
30.0626
31.8326
32.5964
29.9148
32.2519
30.9035
30.6582
31.1478
30.4478
31.7395
31.7477
31.3927
31.8333
31.9964
29.849
35.9587
30.2432
31.5785
30.5989
30.2278
31.7494
32.0804
31.2666
30.2879
31.041
31.8986
31.7668
34.0012
37.7887
30.9744
31.8159
31.1908
30.9152
31.4428
31.2694
31.7719
31.257
33.249
33.0739
31.4261
29.0848
30.3153
30.7396
29.9098
30.6248
31.6839
30.4749
28.2871
34.8975
31.4048
31.2285
29.7477
30.7303
28.7363
29.5462
30.2179
31.1945
29.2907
31.074
31.9933
32.8713
32.584
32.969
29.5966
31.2861
31.3111
29.6655
29.567
30.6139
29.603
29.9737
31.248
29.5305
31.4411
29.8381
31.6546
29.5443
30.5675
30.0949
31.2674
30.9201
37.9506
31.3112
29.7805
30.0362
31.0012
29.1767
30.3547
29.0762
28.8681
30.1829
27.8929
30.6564
31.1476
28.5438
34.8651
32.6646
28.8591
29.8055
30.3897
30.3419
29.9829
30.8201
30.5384
29.4796
30.9315
30.7193
30.146
29.7068
30.3
30.1008
30.3347
30.8541
31.1432
30.1926
34.9511
30.971
29.8518
29.4238
30.3708
31.1414
31.0418
29.168
30.7821
28.9548
27.9934
29.6327
32.6146
29.5165
34.259
31.6717
29.9092
30.3555
30.2154
30.8231
29.4414
29.5968
29.1722
29.033
28.9601
29.0543
29.4551
30.8072
29.1904
28.6414
28.7753
30.4856
29.8597
29.4536
31.8414
32.0537
31.0948
29.3422
29.3707
29.0183
28.5125
29.0058
28.2394
30.3043
28.1962
30.0543
31.3465
31.4644
28.8223
35.6772
29.7786
31.4588
31.6541
29.7782
30.7253
29.3299
31.1316
31.7841
31.2728
30.5474
30.6722
29.5277
30.3223
29.5212
30.8972
29.1735
30.3633
29.969
36.5953
30.8621
30.2666
30.8262
31.5995
31.1885
28.4996
30.547
29.7353
30.3241
30.7774
31.7308
29.9235
29.4973
30.575
32.6752
31.2781
31.0533
30.5794
29.4053
30.8286
29.7442
29.9828
29.4375
31.4029
30.179
30.8622
30.6882
30.1175
29.3102
30.6558
29.4097
30.2713
28.8419
37.0197
30.6942
30.9377
31.1379
29.739
30.3098
29.8798
30.7018
30.7441
29.6632
30.8945
30.3285
29.7973
29.3843
30.5251
33.0666
30.7317
30.2249
29.575
30.8413
30.4527
30.0285
29.7497
30.4594
30.1812
29.5165
29.0453
30.8756
29.2927
30.0492
30.5154
31.073
29.3092
30.0384
36.0686
30.2819
28.5635
29.7672
31.2807
29.9439
28.9153
29.6813
29.2027
31.1159
30.2297
32.6873
30.9259
30.9278
35.717
29.5721
29.1808
32.3687
30.3187
29.3207
28.9549
28.0905
30.5977
29.7134
30.2684
29.3557
29.586
28.9107
30.336
28.6655
30.5632
30.1908
29.0205
29.6076
30.6475
31.6882
30.2177
29.7998
29.6056
28.567
30.2668
28.3111
30.3068
30.5804
31.0339
29.5543
29.7422
28.4214
28.6371
31.1922
30.3505
28.4681
29.4998
30.5688
28.877
28.6225
29.2194
30.1408
27.8479
28.9026
29.675
28.9125
29.692
27.957
30.8223
29.558
28.9106
28.8165
29.8671
28.7198
30.2588
28.9781
29.3224
28.7589
28.5947
28.8397
29.1326
28.6412
28.8348
28.1669
31.0794
28.4668
28.0868
29.0826
29.3603
32.1566
29.0893
28.3541
30.0328
29.2841
28.5402
29.4898
29.6677
28.3068
29.3127
28.305
29.8529
28.4803
29.7909
28.8146
29.0649
28.8168
29.157
27.9697
28.8093
33.9591
29.3714
28.7309
28.5536
27.5362
28.9566
27.6276
30.9145
28.3963
28.8181
31.5454
27.604
28.9033
27.3646
30.189
32.5329
29.0987
29.2531
29.0193
27.2534
28.2498
27.5998
28.7703
27.7722
28.5478
28.5642
28.3418
26.6537
28.4727
26.4888
27.7538
28.4296
27.7962
28.1969
28.1165
28.0844
31.2002
28.4056
27.7166
28.8626
27.9227
28.2044
27.837
29.2413
27.7968
29.1672
30.2936
27.3031
28.9637
27.0009
27.7308
29.1614
32.7427
28.1483
28.4162
28.9857
27.9217
27.4825
27.5529
28.4458
28.7551
27.7059
28.4186
28.3913
28.775
26.8343
27.4635
27.9671
28.9597
26.5902
28.4627
29.0009
27.6357
30.8116
28.9598
26.6516
27.4763
29.5007
28.2305
28.3683
28.6419
28.4042
29.4091
28.8439
29.4532
28.7888
27.6395
27.6803
29.4623
29.6971
28.5099
28.0338
29.2043
28.5658
27.8168
27.8744
28.2332
27.3516
27.4127
28.7666
27.5283
27.8713
28.3413
28.2725
26.6448
28.8797
28.4106
28.5446
27.6332
31.9646
28.1614
29.0209
28.6139
28.1925
27.3316
28.1103
28.2143
28.3055
31.5137
28.0022
27.7704
27.7729
28.5264
27.9074
28.7576
30.4164
26.5019
27.7441
26.554
28.9806
27.8464
28.5901
28.6006
27.2397
28.1541
27.1444
28.3486
27.7271
28.425
26.3469
28.5931
27.4402
28.3802
28.6159
27.3356
27.5781
31.5236
27.441
29.6354
29.0677
28.185
27.8634
27.5652
28.2804
30.6543
27.5567
27.9484
29.7576
26.8404
28.4914
28.695
31.7593
29.1762
27.8946
27.3788
28.6863
29.4824
27.029
27.4332
26.8
27.6988
27.3633
28.1677
27.1004
27.659
28.2353
28.2551
28.1547
26.7406
28.3579
27.9758
26.7579
28.5954
30.1766
26.4076
27.5805
27.5982
28.6822
28.5077
28.191
28.6095
28.311
28.1485
28.5755
27.9439
27.8542
28.0039
26.337
30.078
30.5421
27.9556
27.7812
26.2942
27.2367
26.7723
27.9638
26.9879
27.2225
27.4095
27.2496
26.8454
27.7352
28.2241
27.6661
28.3068
27.969
27.4606
28.0099
26.7385
28.9893
31.0414
27.9882
29.1523
28.5304
28.9905
27.3735
29.8886
28.5315
28.348
28.3248
27.8426
27.8204
27.9373
27.6195
26.8226
30.6055
31.2936
28.1885
27.5165
28.0974
26.4674
28.6429
28.4528
28.9088
26.4759
27.4264
27.1744
28.0806
27.4447
27.9792
27.0624
26.4555
26.6377
27.9422
27.1581
26.3795
29.9118
28.0711
27.5847
27.1924
26.8903
28.6554
30.5621
26.4704
27.4518
26.0507
26.3741
27.5388
27.476
27.3686
27.8044
26.4836
31.3655
29.2026
28.3172
27.6576
28.3085
26.4491
27.987
26.4731
28.1382
26.7316
26.9739
26.762
27.9281
26.289
27.4492
27.3749
27.6118
26.93
27.3729
26.3712
28.0615
27.0651
30.5437
27.0036
27.1874
26.0523
26.8841
28.6404
27.8722
27.1951
28.0029
26.5132
26.6199
27.1795
27.7985
27.3162
27.4254
26.7697
30.3281
27.2096
27.2279
27.9826
28.1697
28.9844
27.7645
28.2998
28.6206
28.6762
28.4387
27.9206
27.7312
26.3831
28.233
26.8143
27.7801
26.9033
27.7877
27.1229
27.6241
30.5837
26.1447
27.8124
27.4076
27.2326
28.6819
27.3691
28.0921
26.7213
27.7046
27.5547
25.9271
27.3765
27.2173
27.1397
25.981
31.7243
25.8059
27.0802
26.3046
26.7553
27.2474
26.745
26.6621
27.0046
26.2176
28.2389
27.3205
27.9307
27.3133
25.7188
26.5741
27.0782
26.8298
27.0403
28.1699
27.9314
31.7477
26.4173
28.2781
27.1262
26.9699
29.1538
27.639
27.1549
27.0919
27.703
27.7232
26.3096
27.6536
27.599
26.1342
27.405
31.731
29.1254
26.9207
27.4587
27.5019
27.1353
26.2912
27.2951
27.5764
26.6585
27.3837
26.6751
27.253
27.0792
26.3728
27.001
26.4513
27.0573
26.4393
27.0949
26.9035
27.1763
29.1349
28.3561
27.5975
27.5467
29.5698
26.6996
26.5896
26.9075
26.5839
26.9066
25.678
26.746
26.0318
26.2227
25.1659
26.0489
29.5415
27.4724
26.0884
26.9171
26.6274
26.5739
25.9135
27.0726
26.1093
26.7567
27.2122
25.4229
26.3989
25.652
27.128
26.5016
26.3189
26.7323
28.3641
25.3009
26.3025
26.6706
26.4797
29.4257
27.4963
25.9009
28.2091
26.8797
26.7786
27.0121
26.9247
26.9918
26.4214
27.3597
26.6109
26.2642
27.2202
25.4066
25.6392
31.6196
26.6094
26.8462
26.4747
27.0493
25.6963
26.1604
25.3039
27.0616
25.1609
25.2214
27.1866
26.7329
26.6161
27.1485
25.9124
27.1382
26.7858
26.1499
27.0044
26.2621
26.8813
26.9985
28.5262
26.4125
27.0807
27.3393
26.6809
27.7707
25.8115
27.3292
27.2272
26.4041
27.2246
25.9709
28.1423
27.1183
26.3291
29.4535
30.3626
26.6363
26.3806
27.8054
26.616
26.2509
27.0611
27.3268
27.2901
26.5939
25.9608
27.3608
26.3377
28.0417
27.8801
27.0711
26.6889
25.5964
26.2396
26.0062
26.3551
26.7678
31.4475
29.6109
27.2939
25.9803
26.863
26.0435
26.2312
26.7931
26.9524
26.195
27.0135
26.3654
27.0006
26.9827
27.4044
27.2664
29.4973
27.0828
25.836
25.1022
26.1199
25.7853
26.7159
26.225
27.2536
25.4705
26.429
25.9968
26.1942
25.8121
26.0325
26.143
26.9538
26.7027
27.0888
27.6023
27.6913
27.016
25.5626
29.782
26.8011
27.2939
26.3404
27.6358
26.1472
27.2608
27.1744
26.0222
26.5955
25.9163
26.7271
25.5386
26.6655
27.0836
26.521
28.6227
26.956
27.1402
27.0429
25.9746
27.1547
26.84
27.0241
26.2772
26.6552
27.2317
26.9896
27.9778
26.7164
27.0874
26.1222
25.6526
26.0931
27.8693
27.137
28.0523
26.01
32.9515
27.1315
27.1262
26.9553
27.2787
27.8247
27.12
27.2257
26.3554
26.8463
26.2327
27.012
26.4608
26.1769
26.6528
26.9046
28.7191
25.8786
26.5441
26.6983
27.305
27.8506
26.7669
26.9354
27.2094
26.2179
27.5712
27.0585
27.459
26.926
27.1636
26.9283
27.3674
28.0036
26.4872
26.7854
27.0054
26.7907
32.3665
27.1179
28.0288
25.8548
27.6855
25.79
25.692
26.6628
26.8967
26.7386
27.2507
26.7948
27.8178
26.4351
27.8093
27.2831
30.2164
26.623
27.6702
26.2241
27.3106
26.6815
27.3538
27.4825
27.339
26.6254
26.9539
28.1327
27.2804
26.0485
27.3053
27.0037
27.0616
25.9872
27.8946
26.1114
27.1079
29.0173
29.423
27.5496
27.2022
27.3824
26.5839
27.4112
26.152
26.253
27.1925
26.319
26.2508
25.5909
26.373
27.3659
26.4053
26.3341
32.18
27.0186
27.1453
25.9606
26.5216
27.16
26.5787
27.1571
26.7282
26.0007
27.4834
25.6228
26.0154
25.9316
27.2751
25.3972
26.0901
25.8251
25.844
26.1731
26.9494
28.4831
26.41
29.1033
27.9067
26.3339
26.8777
26.1713
26.963
26.7759
26.8203
25.9164
27.0113
26.3775
27.7663
27.5197
28.3072
26.0859
27.9271
29.6
27.0677
26.3058
26.4486
25.6985
26.511
27.3184
26.1537
27.6857
26.2935
26.1611
26.2265
25.4461
25.4198
27.0953
26.7296
26.9203
25.2343
26.0273
24.8103
29.232
25.2458
29.7485
28.3802
26.0271
25.6535
27.0141
27.6382
27.1295
27.0613
25.1755
25.4666
26.1404
26.0816
25.8411
26.0802
25.8424
27.0114
29.2759
28.1336
27.2522
25.1297
26.8715
26.0142
26.5834
25.5415
26.2075
25.0169
26.3587
24.7738
26.6067
26.523
25.9762
27.1315
25.7989
26.6367
26.0135
26.6537
28.401
26.5621
26.6739
29.9779
27.5797
25.1422
27.0554
26.913
25.3232
26.1481
26.9977
27.0149
26.0459
26.3283
26.3636
25.9382
27.6479
26.2643
25.6442
26.0744
29.0547
27.7657
26.7892
25.6267
27.4372
25.9042
27.1856
25.7812
26.9079
25.3116
24.9155
24.8505
25.6208
26.3948
25.7923
26.1697
25.2382
26.4021
28.621
27.173
26.6992
25.663
28.2768
28.4569
26.3499
25.4859
25.411
26.8244
26.1422
26.0565
26.8874
27.1812
26.1052
26.5422
25.8672
26.2296
25.3971
25.4306
25.8229
28.4832
24.7238
25.3755
26.9314
25.1104
25.7887
26.4854
26.1028
24.8079
25.0025
25.5134
25.4852
25.2772
25.9842
24.633
26.3232
26.9495
26.2015
27.6618
26.1226
25.951
26.016
26.5859
30.7078
27.7307
26.0301
26.6701
26.0188
25.0708
25.5986
25.9274
26.7
26.668
26.1539
26.0352
26.8279
26.3852
25.8583
25.9499
29.56
28.3016
24.979
25.6097
26.5435
26.4469
26.0442
25.8906
26.3215
26.0945
26.3036
26.388
26.3117
26.0358
24.9002
26.3495
25.803
26.9779
29.2738
27.0534
26.4299
27.8456
26.0778
27.4661
28.9104
26.0692
26.544
25.9747
24.8895
26.4162
25.7268
27.066
26.3709
27.0812
25.3986
25.5832
25.7561
26.4525
26.0293
27.0688
28.0116
27.5463
27.1071
25.93
26.6194
26.1535
26.1469
26.5442
25.9912
24.9457
25.7301
26.6874
25.8444
26.832
25.9012
25.5093
28.9974
26.5692
26.3203
26.0364
25.7782
25.5458
27.5661
28.2236
25.201
26.6224
24.7087
24.5919
25.6469
25.2185
25.9693
25.6785
24.465
25.9963
26.4058
26.6918
25.8126
25.2211
25.7114
28.4419
27.3549
27.5311
25.0465
25.9262
26.211
26.3013
25.7876
26.4137
25.0284
27.0283
25.1634
24.7453
26.4268
25.8954
25.3211
28.3434
26.4104
26.1111
26.6308
24.9936
27.0678
26.7069
27.1888
28.4031
26.1695
26.0413
26.4459
25.3521
26.2362
25.7508
26.3816
24.9948
25.8012
25.9985
26.4295
25.6675
25.6717
25.425
25.9152
28.7624
26.0924
26.3541
25.4581
26.4556
25.4067
26.3411
25.0999
26.2122
26.3033
26.5055
24.9979
25.8411
25.926
25.717
28.8293
26.7623
26.2716
25.9749
25.7699
25.7799
25.3321
25.5446
31.3085
25.9271
26.9628
25.6568
26.5457
26.5629
27.2471
25.9822
24.7092
26.3005
27.1256
25.8309
26.009
25.9779
25.4691
28.084
28.3408
26.5394
25.9203
26.756
26.289
27.047
26.27
27.17
27.331
26.1003
25.7418
27.0808
24.7322
26.965
28.5473
27.0282
26.5831
26.6599
27.1805
25.6253
26.8645
26.2816
25.7195
31.4516
26.0957
26.1101
25.1337
26.2093
25.0495
26.0202
25.9833
26.6966
26.4636
25.6223
25.7229
25.8137
25.5052
25.7977
26.131
29.0333
28.4441
25.5057
27.1913
25.5003
25.8545
25.7572
27.0973
26.149
24.7182
25.7619
26.364
25.5229
26.8728
25.6585
29.5939
25.3794
25.2071
26.711
26.0567
27.3777
26.4068
25.6653
27.4529
25.485
25.3249
25.5675
26.7287
25.9301
28.3875
26.2373
26.1509
25.7694
24.8067
26.1828
25.5036
26.0384
27.2042
26.4253
26.3444
27.7691
25.7121
25.987
26.2017
26.0667
24.8123
25.7377
24.955
25.4424
27.3309
26.831
26.0303
25.4967
25.8169
28.7128
26.8041
26.6484
25.9487
26.9724
26.5958
26.5192
26.5041
29.6649
26.3095
26.111
26.826
25.7425
26.8581
27.2252
26.6598
27.0842
25.6
26.1724
26.2696
26.2789
26.1329
26.4458
26.5636
28.0256
28.3816
26.4253
26.4806
27.3614
25.7921
26.2939
25.3577
25.808
25.9994
24.8333
26.2003
26.7144
26.4302
26.7985
26.1713
26.6167
25.185
25.7233
24.504
26.7268
25.2113
26.3823
29.9592
24.6835
24.6234
26.2496
25.7169
26.4772
26.1752
26.332
25.318
26.2199
26.1955
25.1859
26.2053
25.6463
25.746
25.0901
25.5201
28.0392
26.3505
25.8088
25.5609
26.049
25.6845
25.995
26.3936
26.5301
26.0574
24.8172
25.547
27.0581
27.9277
26.829
26.3487
27.0455
25.3383
26.9967
25.9176
25.6499
26.4004
25.3752
28.3701
24.9145
24.7569
25.7857
25.7423
27.1302
26.3356
25.2196
27.0493
26.6041
26.7297
24.6386
26.3878
25.8515
25.9253
25.3941
26.4644
28.8138
24.774
25.7686
25.1917
26.3775
26.556
26.5074
26.5591
26.39
26.5106
26.0128
26.061
29.7054
25.7745
27.5548
26.2586
25.7478
26.2151
27.5632
26.4097
27.496
26.7553
28.6496
26.0274
25.041
25.9864
26.9815
25.4493
25.7338
25.6864
26.2637
26.6412
27.5553
26.0696
26.078
25.0666
26.486
25.2424
25.9348
28.9971
26.2457
25.6118
25.8943
25.9903
26.8364
25.2964
25.3751
25.5128
27.0955
25.7464
27.912
26.9458
25.0398
26.3458
25.0306
26.3698
26.1861
25.6008
26.5766
25.0967
25.5773
27.1185
29.4235
24.403
25.1183
24.7343
25.7599
25.0584
25.2878
25.828
26.8928
26.0209
24.8295
26.2243
24.5221
25.4496
25.6669
24.5687
25.5062
30.3637
26.0598
25.6726
25.9474
25.9639
25.0455
25.5376
25.9106
25.9892
25.5376
25.7899
27.243
25.9656
26.7915
25.9882
26.5006
25.3101
26.0172
25.591
26.4447
25.2917
26.5698
25.7899
29.2414
25.507
24.9923
25.4868
25.1747
24.227
26.6624
26.2289
25.9894
26.1537
26.175
25.7574
24.4837
25.5851
25.3908
25.4992
25.6499
29.5753
25.9804
25.9609
25.6305
26.0209
25.3531
25.8395
25.6748
25.5941
25.9698
25.1506
26.6073
26.1386
25.7871
25.5633
27.0629
25.9157
25.9932
24.8268
25.0279
26.0277
25.2688
26.5928
27.4926
25.0005
25.6054
25.4476
25.279
24.9886
25.6444
25.0748
25.5275
25.6903
25.6449
25.3609
25.6506
25.269
25.9339
24.548
24.9758
27.4034
25.2092
25.3208
24.887
24.3572
25.8483
25.4818
25.8946
26.2968
25.4616
25.1196
26.0275
26.9624
25.4518
24.8365
26.3065
25.3706
25.9704
25.0544
24.568
25.489
25.4805
26.1211
28.3787
25.4619
25.9153
25.3856
25.979
26.4092
25.3026
25.0388
25.9847
24.8413
25.4185
24.7806
25.3044
25.9964
25.2593
26.0508
26.4239
29.1682
26.6252
26.2516
25.7502
26.2587
27.1566
25.8261
26.3103
25.9171
26.3407
25.9691
28.8487
26.9201
26.2646
26.1201
25.6414
25.3872
26.0064
26.2633
26.4527
25.1883
25.5479
30.1073
25.148
25.6604
25.9288
26.9095
26.0397
26.0375
25.9218
25.9732
25.0014
25.6908
25.867
25.7253
26.0252
25.1753
26.5468
26.4902
27.6192
29.2141
26.1663
25.0164
25.9333
25.6313
25.9236
26.6511
25.5961
25.6436
26.033
28.8342
26.0936
25.416
25.8622
26.417
25.3545
25.8312
26.2474
26.4032
26.4406
25.2534
27.9876
24.863
26.0841
26.0944
26.7204
25.6555
25.0806
25.7311
24.8584
25.4201
25.8941
25.9299
24.8515
25.2432
24.7436
25.2758
26.4425
26.4251
27.9572
27.2816
26.4561
26.1006
25.8648
25.9608
24.9223
24.4839
25.2331
25.3373
26.7028
25.8181
25.8357
24.615
25.989
26.0753
26.5585
25.8619
26.2689
25.878
26.2719
28.3402
28.5479
25.2312
26.583
26.1558
26.0245
26.3683
26.2299
26.7758
25.4573
25.4338
26.2924
26.6437
25.7135
25.9551
26.9016
25.9029
26.5254
26.1086
29.3556
25.3706
26.2459
26.4065
26.3224
25.6487
26.5491
25.2904
26.3321
28.3542
26.1816
26.4727
25.5845
26.9152
26.5996
27.0328
26.4331
25.9461
25.7979
25.8566
26.3761
28.281
26.0867
27.6616
26.3219
27.0932
25.793
27.0011
25.8151
26.2803
24.8804
25.9557
25.4789
25.9646
25.9086
25.4762
26.4628
26.423
26.7806
29.1466
27.5077
26.9595
26.1747
25.8291
25.8477
25.8949
26.1848
25.6234
27.8167
26.0843
26.4493
26.0672
25.9038
25.3622
27.3245
25.1283
26.0506
25.6818
26.1108
25.406
27.3695
26.6917
26.6555
25.9919
26.6352
26.1796
25.1615
26.1424
26.3567
25.2903
25.8968
24.7321
25.7601
25.399
25.3336
24.6419
24.8801
25.7369
26.0709
28.1011
25.3613
26.3266
25.6989
25.4261
25.7597
24.1185
24.8344
27.4411
25.7285
25.9396
25.1884
25.1729
25.6987
25.6611
25.6789
24.7744
25.3079
26.3206
25.0541
26.4336
30.4411
26.6205
25.6109
25.1678
25.177
26.3633
25.8353
25.7787
24.8523
25.6852
24.9594
23.9925
25.7061
24.7645
24.9934
25.7511
24.7171
24.8959
27.5133
27.9405
24.58
26.0552
25.002
25.0372
24.7639
25.5962
25.1981
27.5363
24.8315
26.3158
24.4759
25.4216
25.6828
25.4007
25.9867
24.7098
25.582
25.827
25.2685
25.5581
25.1187
29.5599
25.3479
26.2454
25.1399
25.5209
24.9421
24.7925
24.9008
25.7462
24.9196
25.205
24.5175
25.3149
25.1161
24.1471
25.2412
25.1753
24.7481
29.156
25.3751
25.3042
24.6627
25.4115
25.0795
24.6407
26.0715
27.0742
26.1042
25.3124
25.3736
25.1455
25.5091
25.8098
24.7916
24.4805
25.9716
24.7265
25.6319
25.7142
25.5106
25.4452
27.8511
25.7139
25.2432
25.2394
25.897
24.8525
25.6963
24.6988
24.6967
24.9646
25.0213
26.1679
25.127
25.3085
25.2897
24.6789
25.5631
25.1786
28.4288
24.5861
24.4555
26.0062
24.1741
26.2388
25.6748
26.4065
25.6033
24.8586
25.2518
24.2793
24.707
24.7346
24.9825
24.477
25.9873
24.9311
25.1401
24.4245
24.8292
24.449
26.5391
28.4076
25.6881
24.7525
25.9492
24.2736
24.9602
25.3207
24.7445
24.5561
25.0644
24.9329
25.42
25.4417
25.7008
24.9704
24.5431
24.7782
26.342
27.8465
25.4103
25.0664
25.2082
25.1307
25.3148
25.5619
26.9497
24.917
25.2255
24.4851
25.0562
24.9644
24.3809
24.5068
25.0466
25.892
25.6794
25.3116
25.0706
24.7896
24.9773
27.4428
27.5392
25.7165
25.708
25.4784
24.3151
24.8616
25.6607
24.6042
24.8889
25.2303
24.9459
25.8535
25.1637
25.2454
23.8799
25.1312
25.307
24.9591
28.4415
25.2306
24.0087
25.4626
24.9908
27.0829
25.1523
24.969
25.0597
25.039
24.7514
25.2055
23.8145
24.587
25.2311
24.5022
24.4924
24.4945
24.381
24.0372
24.2536
24.8907
24.8635
27.6034
24.6487
25.3036
25.13
25.4893
24.8759
25.2266
25.0915
26.0664
24.1814
24.2917
25.4734
24.8099
25.0992
24.6687
24.1839
25.6127
24.0031
28.0039
24.9056
25.3079
25.6704
24.7007
28.1055
25.0112
24.875
26.0732
24.2523
25.8971
24.2361
24.5671
25.7708
24.3551
27.8865
25.0043
24.8691
25.1893
23.9392
25.6977
23.9159
25.3305
27.8039
24.6225
24.4361
25.1583
24.5457
25.4046
25.7867
24.1027
24.9234
25.1996
25.5929
25.6215
24.741
25.0268
25.4262
25.2299
24.6921
24.4167
28.5951
25.4804
25.4329
24.4988
27.2486
25.077
25.2002
26.0458
24.979
25.7937
25.3722
24.7532
24.118
25.297
24.0337
24.2621
25.1198
23.9233
24.8258
24.1668
24.7776
25.1857
25.8947
27.9575
23.8927
26.4265
25.0575
24.6069
23.8739
25.6348
25.2244
25.1219
24.7684
24.6307
24.6566
25.0948
25.4144
25.4267
24.9217
25.1744
25.2611
28.0362
26.0581
24.8083
25.013
26.9224
24.0723
24.5538
24.4441
25.2097
25.2503
25.2904
26.5809
25.5783
24.7293
25.5837
25.1855
25.5687
23.9565
24.4059
24.8342
25.2988
24.431
27.9354
26.5739
25.8169
24.8862
24.7803
24.8678
24.9958
25.5939
23.9891
24.2735
24.4565
24.2128
24.2692
24.9087
25.0579
25.156
24.4951
25.2322
25.7411
27.7197
24.6079
24.3807
25.6925
24.5135
24.4399
25.1464
24.4775
24.7131
24.694
24.0644
24.7125
24.7931
24.4365
25.3521
24.6246
25.7388
24.6178
25.6607
25.5131
24.9274
25.1356
25.132
27.1109
25.0004
23.6473
24.3409
23.7106
24.6388
24.2612
25.0886
24.3646
25.466
24.7888
24.0075
23.8825
24.4634
24.64
23.8604
24.6811
24.6902
28.0818
24.5746
23.758
27.104
24.3387
24.3255
24.3381
24.2379
24.3031
24.849
24.7565
26.1931
25.042
25.2337
25.1322
23.9276
24.9533
23.895
24.7586
25.4159
24.2263
24.7469
25.9645
29.4166
24.6468
24.6362
24.3647
24.0451
24.2338
23.6971
24.9892
24.0242
25.7125
24.0954
25.1001
23.8383
24.9774
24.8001
24.566
24.5333
24.101
28.3664
24.366
24.5053
27.5059
24.8556
25.2579
24.318
24.9638
24.2829
24.8548
24.0484
25.4699
24.7847
24.9148
25.5338
24.8839
24.5434
23.7324
24.6016
25.1206
24.0702
23.7336
24.3716
25.3319
27.6829
24.7889
24.5651
23.6415
24.2802
24.612
24.9986
24.1246
24.97
23.9062
24.3893
23.6336
24.0009
25.3278
24.6719
24.8624
24.8709
25.8788
26.9159
25.1058
26.5487
24.291
24.5549
24.7354
24.3524
24.4923
24.7461
26.2899
24.1279
24.4253
23.3559
25.0568
23.716
25.5272
24.6785
24.3296
23.9924
24.998
24.1872
24.8009
24.2274
28.4989
26.1553
23.8405
24.5742
24.2385
24.0035
24.2264
24.4731
24.5117
24.3498
25.1222
24.1215
24.5011
24.9777
26.3005
24.3947
23.9194
25.0371
28.9094
26.3702
26.9351
25.0274
25.865
25.1963
24.2372
24.1109
24.4796
24.137
24.153
24.1801
24.9971
23.8357
24.5293
24.7433
24.6312
25.4224
24.0873
25.407
24.7681
24.1402
25.1255
28.4132
25.5718
23.6791
24.4554
24.4725
25.1132
23.7866
24.9086
25.0011
25.6201
24.6301
24.6884
24.5118
25.3672
23.5649
24.7293
24.742
24.6654
24.8491
27.0286
26.944
25.5337
26.3764
24.3206
24.2438
25.111
26.7961
24.3515
24.5612
23.9159
24.5653
24.144
24.7647
24.7817
25.1179
26.0022
24.0576
24.5679
25.0798
24.7818
25.1355
27.7903
24.7398
24.1646
24.0292
24.7193
24.6704
24.3899
24.9733
24.5149
24.7282
24.9042
25.2629
24.8754
24.0768
24.5897
24.5795
24.1866
24.3148
26.1349
27.0128
26.4644
23.9171
24.9285
24.6065
23.896
24.4138
24.5312
24.1234
25.1295
24.7022
24.2163
23.5847
24.364
25.6945
24.3788
24.4801
24.9847
24.318
24.5903
23.941
25.3076
27.742
24.2168
24.6712
24.4077
24.606
25.3052
24.3058
24.8787
24.8038
24.1456
25.1203
24.0033
23.9842
25.59
24.9885
24.398
25.3947
24.4408
25.0376
26.7801
27.5759
24.2866
24.4441
25.1763
23.8223
25.6221
23.9749
23.5509
24.3703
24.0775
24.0719
24.9941
24.3965
25.4392
24.5233
24.4937
24.6386
23.5235
24.5768
24.2783
25.0075
24.0621
28.2775
23.352
25.0269
23.2493
24.521
24.5491
24.3925
24.2621
24.7155
24.3547
25.4978
25.1051
24.917
24.2467
24.0602
24.8656
24.2788
24.086
23.8251
27.9524
25.1871
24.7011
24.5122
23.9709
24.6441
25.0718
23.5509
25.3845
23.2844
24.2738
24.7986
24.3489
24.8164
24.119
23.477
25.3381
24.5478
25.4525
24.2374
24.3282
23.8995
27.6984
25.8229
24.3567
24.5139
24.9093
24.0186
24.081
24.8081
24.3839
25.0044
25.1907
24.1902
24.7465
23.7791
24.1405
24.9838
25.3423
25.294
23.8191
27.8749
25.179
24.1141
24.7923
25.4654
24.1041
24.2564
23.7717
24.7427
24.5172
24.0228
25.1855
24.2914
23.6528
24.1624
23.6863
24.2313
23.8967
24.0906
24.9419
23.9671
24.4531
24.3465
29.0165
25.326
24.3518
23.6475
24.7103
24.1942
24.7563
23.7635
24.2733
24.6841
24.4006
24.0825
23.854
23.7295
25.0133
23.6341
23.6836
24.7634
24.0107
26.1981
26.2262
24.2155
24.6493
25.2253
24.3651
24.4593
24.4917
24.3892
25.5676
24.4633
25.1704
24.9813
24.0643
24.2892
24.0265
24.0075
23.8946
23.3988
24.1976
24.5959
24.1592
26.0488
27.4657
24.6783
24.0194
24.782
23.481
25.4087
24.5418
25.3659
24.9016
26.0855
24.682
25.7494
25.4914
24.9669
24.4541
25.1501
23.7123
25.3569
24.0949
27.137
24.6841
26.2779
24.5414
24.6794
24.0379
24.7022
24.3806
25.0015
23.9011
24.1438
24.0531
24.3662
23.8946
24.4163
24.0229
24.7499
23.9591
24.353
24.8298
25.3263
23.9579
27.0726
26.4483
24.651
24.361
25.0375
25.3143
24.6678
23.6567
24.4534
24.2251
24.4125
24.8182
23.7279
23.8123
24.9459
24.9406
24.1583
24.9574
24.6999
27.625
26.2397
24.2168
23.4952
24.461
23.4233
24.672
24.1898
25.3333
23.6717
24.0607
24.2224
24.7016
24.5684
24.6785
24.4189
24.0496
23.9909
23.9413
24.2976
24.5849
25.1509
25.0578
28.2313
24.4986
23.9701
24.8743
24.6073
24.7556
23.9393
25.1211
24.9341
24.3415
24.3461
24.1615
24.7129
24.8262
24.2134
24.5318
25.1811
24.7953
23.8067
27.8704
26.9444
24.0791
23.8483
24.2277
24.4772
25.3797
24.7929
26.0297
23.9709
24.4389
24.4177
24.405
24.7954
24.1869
23.9056
24.6209
24.6545
24.6604
24.5216
24.1168
23.9275
27.2872
25.4757
24.3801
24.2382
25.5952
24.5852
24.1451
24.9582
24.6179
24.8352
24.7967
23.8352
24.5897
25.5951
24.2389
24.0675
24.5151
25.2243
24.2525
25.4297
26.7349
26.9741
25.0668
24.3725
23.868
24.7728
24.3733
24.2901
24.9764
25.0508
24.2746
24.2508
24.8676
25.1268
24.1241
25.1444
24.0152
24.4482
24.8786
24.4099
24.1892
24.0447
27.6633
24.6982
24.0355
24
24.8861
24.8814
25.2775
25.1946
25.7619
23.9021
23.8784
25.4073
24.3326
24.6272
24.5152
24.0084
25.0671
24.0767
26.8061
25.3055
26.631
25.5623
25.0892
24.8162
25.2636
24.6309
24.5649
24.0832
24.1845
24.1851
24.3889
24.6189
24.3449
24.5719
24.3792
24.4511
24.2035
24.7184
24.4671
25.5517
24.0963
23.3876
27.7933
24.704
24.9035
24.3764
24.1092
25.0127
24.4513
24.8033
24.3549
25.7014
23.7579
25.2663
24.0141
24.7181
23.2841
24.005
24.4578
26.6268
24.5146
24.8715
28.521
25.6236
24.4267
24.8239
23.7339
24.1729
24.0927
24.846
23.9991
25.8293
24.1886
24.3849
24.112
25.3058
24.2382
23.8603
25.0167
24.4326
24.3649
24.499
24.3035
26.6184
26.6328
24.2792
24.5925
23.7679
24.0025
24.3735
23.7498
24.7665
24.2188
24.4706
25.4272
24.7311
23.9977
25.119
24.2684
26.6363
26.4006
24.3174
25.3192
24.6645
27.3208
24.6665
24.7524
25.2893
25.2505
24.6689
24.4018
24.3782
25.3777
23.7655
24.4665
24.8338
24.4668
25.4816
25.1838
24.3015
24.6552
24.531
25.075
24.6596
24.873
28.2699
25.6083
25.4955
24.5748
24.6107
25.3881
25.6706
25.0917
24.4769
25.1598
24.6807
24.8799
24.9905
24.066
24.9531
26.1805
27.6662
25.1554
25.0311
26.6655
26.6856
24.8849
23.5543
24.9625
24.8048
25.2524
25.684
25.2646
24.3391
25.6626
24.9135
25.3664
25.0813
25.1099
24.5348
24.6494
24.9569
24.9157
24.0456
25.3264
23.9482
28.0408
26.5518
24.5643
26.0395
26.1208
25.9076
25.2024
24.1551
24.8302
25.1462
23.9429
25.3
24.3307
26.5656
24.3247
26.8733
25.1003
24.9891
25.1808
29.5091
24.5137
24.4938
24.2142
25.5384
24.7936
25.0601
24.8389
24.9849
24.8709
25.314
24.9642
25.2149
25.2516
25.6574
24.8557
24.4215
25.1874
24.108
24.35
24.9615
24.6656
27.5597
27.3036
25.85
25.5052
24.5675
24.6198
25.0483
24.9549
24.0433
24.1903
24.9234
23.9969
24.8236
25.2918
27.1761
24.8272
24.1523
24.1454
24.9038
26.4954
24.6534
24.3643
24.5759
24.3251
24.3278
24.237
24.7089
24.0219
25.0042
24.1213
24.6262
25.34
25.247
24.6897
24.4765
24.4682
24.3233
23.5305
24.8377
24.7063
24.5851
26.1976
27.7754
25.1568
26.1772
25.2777
24.4545
24.6334
25.632
24.2984
23.9698
25.0023
24.5155
26.4234
24.2261
27.1232
24.6988
24.644
24.3886
24.5643
27.1976
24.8656
24.0423
24.0779
24.9001
24.5601
25.3972
24.9233
24.5801
23.9756
24.6947
24.7492
25.2835
24.1421
25.2644
24.1642
24.3136
25.1578
24.6845
24.9758
24.6628
25.3546
25.6203
27.1342
26.4842
23.484
24.6866
24.6274
24.5824
24.2586
25.7707
23.8657
25.4068
24.3044
24.5171
24.1129
27.0974
24.5559
25.1603
24.4068
24.3272
27.9175
24.4802
24.1351
24.5362
24.7728
24.6291
24.3638
25.3452
24.5109
25.1034
23.4929
24.2312
24.9029
24.2478
25.3154
25.0465
24.758
24.8394
23.4579
24.5649
24.5839
23.1985
24.9994
27.4682
26.7331
25.2669
23.7908
23.6034
24.0399
23.709
24.2386
24.4587
23.732
25.8169
23.6281
23.2603
25.5928
23.7139
23.9132
24.0273
24.0034
25.7039
26.1339
23.9038
23.849
24.0616
24.33
23.3287
24.147
23.2964
24.1308
23.7606
24.3711
23.0697
24.4818
23.1382
24.5087
24.6339
23.7778
24.3261
24.4751
23.0158
25.3599
23.4545
24.2955
23.8452
27.6414
23.6017
24.7271
23.6468
23.9458
23.5918
22.957
24.6064
24.2323
23.4412
24.1002
24.2141
25.2581
24.5508
23.5368
23.6346
24.0583
23.9539
27.3221
24.1954
24.371
23.9412
25.0849
23.7466
24.6395
24.0381
24.0478
23.8367
23.4215
24.3573
24.059
24.0209
24.0529
24.7987
24.0731
25.1322
23.9504
24.8533
24.7034
24.6826
24.8434
24.0307
28.5501
28.5695
24.6832
24.7711
24.9318
24.722
24.1756
24.9787
24.0886
24.9374
24.3295
25.4801
23.4271
24.3344
24.569
23.9808
24.973
27.0362
25.4148
23.854
24.1108
24.5221
24.0422
24.4989
24.7264
25.351
24.2931
24.4318
24.2122
25.1282
25.1871
24.7694
24.8275
24.4676
25.1888
24.5493
24.8146
24.4774
24.9942
23.8786
24.7562
28.0434
25.3749
23.6001
24.4222
24.012
25.067
24.5081
24.1692
24.196
24.5472
23.6646
27.2753
23.936
25.108
23.8469
24.5852
25.0168
24.7392
27.7687
23.9609
24.7738
24.7907
23.7767
24.5937
25.3835
24.5491
24.5676
24.2485
25.1749
24.093
25.5509
24.1106
24.0785
24.2588
24.2477
24.888
24.1131
23.9412
24.9041
24.5831
25.1069
25.4409
27.1965
24.5636
24.9229
24.1075
25.0517
23.7421
26.6578
23.601
25.0555
24.9644
27.4452
24.9082
24.6963
24.5792
24.8146
24.2431
24.3424
26.1366
26.412
24.0563
24.2991
24.4419
24.6897
23.9731
24.4382
23.841
24.3388
24.1151
24.3885
23.9733
24.5641
24.2522
24.662
24.4415
24.3811
24.6992
24.7421
25.2106
23.996
24.9204
24.8369
27.1389
26.8412
24.6951
25.8663
24.8367
24.9293
24.495
24.485
24.1368
24.7698
28.0601
24.504
23.7461
25.3068
24.0361
24.7003
25.5076
24.4653
27.5614
24.9569
24.5693
24.2468
24.8468
24.7213
24.7294
24.3026
25.0021
25.3524
24.6303
25.3115
24.5899
24.1933
24.8541
23.7446
24.9724
25.0209
24.786
25.2024
24.1109
24.9502
24.9063
25.0988
28.3603
24.9231
25.5152
25.7475
24.7106
25.5438
24.8893
25.2971
24.9048
26.2744
24.6131
24.92
24.6235
24.4484
24.4281
24.0394
25.5762
23.9279
27.6599
24.7149
24.1329
24.3894
24.2365
24.7405
25.2608
24.3518
24.9675
24.1453
24.309
25.4084
24.5625
24.5562
24.8102
24.9555
24.5166
24.3059
24.3768
24.5348
24.8441
24.3099
23.0666
24.9725
27.2851
23.8253
24.1311
24.8345
24.8175
24.7631
23.7407
24.5943
27.6214
25.1347
23.5778
23.6314
24.9899
23.7639
23.9045
23.8905
25.0132
28.1766
25.9075
24.3347
24.7846
23.8315
23.9175
24.6781
24.0773
24.5709
24.1667
23.8205
24.7094
24.4262
25.2461
24.0236
24.3606
24.5051
23.3149
24.262
24.2605
23.5103
23.6332
23.618
23.2583
26.8624
26.0837
26.1633
24.5918
24.1718
25.4438
25.5956
24.2549
27.6293
25.0047
24.4935
24.3658
23.7482
24.3359
23.8756
24.0918
24.2121
24.4622
29.4905
26.1724
24.6508
23.7956
25.1214
25.2371
24.1391
23.6149
24.3829
23.9292
24.6015
24.6759
23.9676
25.4839
23.8106
24.5161
23.8679
23.6224
24.4069
23.6326
24.4492
24.4405
23.8982
24.9632
26.6466
24.5621
24.3914
24.9346
24.8715
24.4851
24.6164
26.8284
24.6561
23.9977
25.2059
24.0495
23.8019
23.9026
24.0469
24.1655
24.113
23.8239
26.5323
26.2279
23.8586
24.537
23.6863
24.354
23.4699
24.1307
23.8596
24.7674
24.8064
24.0553
25.097
24.7531
24.301
23.6414
24.4531
23.4292
24.7664
23.821
23.4947
25.4351
24.8428
26.9911
27.5739
23.7107
24.8011
24.3465
23.7603
24.3729
24.1858
26.8469
25.013
24.9123
25.5829
24.5031
24.8934
23.889
24.6169
23.9518
24.415
23.7725
26.6217
26.4573
24.0641
24.5262
23.5417
23.9387
24.0737
24.0693
24.3824
24.5189
24.2915
24.9066
24.0326
24.6182
23.5123
23.6677
24.5876
23.9592
23.7777
24.4616
24.0317
24.182
24.5128
26.2683
26.3357
24.3449
25.2753
24.0762
24.1806
24.6754
26.2247
24.7095
24.7747
23.3663
24.7613
23.805
23.6385
24.2375
23.5008
23.9452
23.3334
24.3158
25.864
26.158
24.366
24.6372
23.3751
24.9333
24.0913
23.7396
25.361
24.1598
23.9873
23.7524
23.8342
24.5204
23.6021
23.5375
24.5926
24.2691
24.5087
24.1431
23.975
24.4336
25.0129
26.9803
28.5303
25.4844
24.3478
23.8246
24.1663
24.8831
25.284
23.9423
24.372
24.5976
23.7156
23.2595
23.6661
24.3232
23.4749
23.0643
24.0282
24.1166
28.7016
24.6415
23.7726
24.5579
24.7218
25.1701
25.2002
23.64
24.6836
24.3425
25.1378
24.3267
24.9199
23.862
24.8527
24.9055
23.9223
24.6299
24.4866
24.3061
25.1368
23.7497
24.1959
26.7002
24.3917
23.7676
23.6228
23.9722
24.318
24.0137
26.6969
24.2548
24.0167
24.9005
24.2229
24.2457
24.8912
23.783
24.3054
23.4797
24.3564
23.854
26.2515
24.353
23.8351
23.8985
23.6651
24.4805
24.1609
24.0984
23.7985
23.5066
23.7085
23.5013
24.044
24.1674
23.6838
23.7044
24.0781
23.9542
24.466
24.2244
25.1846
24.4002
23.9462
28.652
23.9078
23.7631
24.72
23.8877
23.6728
24.8478
25.5963
23.9562
24.1799
23.1723
23.576
24.2501
24.2477
23.5753
23.8914
24.8433
24.4473
23.5429
27.8365
24.1676
24.6775
24.3397
23.6695
23.8596
24.932
24.6488
23.6281
24.4143
23.9408
24.1747
23.7606
23.7803
23.8085
24.6894
23.8821
24.2523
24.8995
24.4581
24.2137
23.3371
24.6627
27.5214
24.0675
24.7107
23.9613
23.7044
23.1517
24.1259
26.7147
23.9399
24.7584
23.9707
23.3985
24.766
23.2571
24.8966
25.1675
24.2173
24.0498
24.7446
26.7525
25.3395
24.2417
24.1098
24.0561
24.5873
24.0527
23.8201
24.5333
24.3024
24.3601
24.2569
23.9605
24.7116
25.3733
25.0349
24.3691
24.9287
25.554
24.4335
24.4803
24.2343
27.216
26.5252
25.2097
24.0516
25.216
24.4654
24.4614
25.1288
25.8315
23.8364
24.809
24.3667
24.6969
24.3884
24.6239
24.6513
24.7702
24.794
24.7151
24.158
27.3168
24.6671
24.6093
24.4895
25.3361
24.4093
24.7058
25.1381
25.2544
24.5689
24.5216
24.1696
23.964
24.6189
28.2917
24.4641
23.4294
25.0331
24.2991
24.8658
24.2686
24.4711
27.0956
24.2977
23.8125
25.1133
24.308
24.599
26.9534
24.4446
24.3583
24.1996
23.6736
24.8244
25.0751
24.0807
24.9162
24.9539
24.9944
24.223
24.2862
30.2726
24.7125
24.0896
24.6587
24.6435
25.0494
24.9892
24.9008
24.0523
25.0037
24.4982
24.5644
24.0565
24.5996
25.5837
24.7057
25.5422
24.5066
25.23
24.7929
25.4083
24.3127
28.6443
24.5276
24.5934
25.2314
24.4975
25.6692
26.8427
24.561
24.5125
24.8819
24.9374
24.318
24.4221
23.9294
24.6509
24.9116
24.5106
23.7112
24.5512
24.8251
28.0325
23.9174
24.4128
24.0035
24.2608
24.6915
24.6714
24.0535
24.3989
24.0767
24.2284
24.741
24.4897
24.6004
24.2368
24.2661
24.0945
24.05
24.57
24.5402
25.0445
27.802
24.805
24.652
25.0917
25.0897
24.1176
26.1578
24.9272
24.3743
25.1158
24.3027
24.6193
25.0584
24.66
23.6714
24.7727
25.2758
24.9737
24.3576
24.7367
24.6251
26.6003
25.0923
24.5
24.539
24.8796
24.7325
24.2647
24.2845
24.5703
24.5907
24.5535
24.3476
24.8759
24.2734
26.4219
23.7437
25.4361
24.6138
24.5634
24.9605
27.6562
25.4705
24.5256
25.5036
25.5668
24.5668
27.1143
24.4308
24.5773
24.3786
24.3227
24.0593
24.5387
24.4748
24.7245
23.6247
24.0298
23.529
24.3952
23.9512
24.632
27.9484
24.09
24.2447
24.0993
24.2499
24.2145
25.2353
24.3883
24.7196
25.0076
24.8825
25.3367
25.153
24.0614
24.8547
24.747
24.8539
25.3725
24.7896
24.978
26.007
26.5491
24.0323
24.5236
24.7132
24.2506
26.388
23.6385
24.3879
24.4992
25.0509
23.8223
24.9216
24.6085
24.3024
25.1617
23.9593
24.5039
24.4128
24.5797
24.0731
25.0305
27.3411
24.2363
25.3866
24.7852
24.9983
25.0084
24.587
24.1152
24.4519
25.1116
25.1763
26.4547
24.9382
24.7354
24.0409
24.7724
24.0179
24.8436
25.0177
24.3755
26.9069
25.5579
24.2567
25.0239
24.0771
26.0646
24.49
24.4872
24.3818
24.1686
24.3075
23.7888
24.4848
24.3419
24.6513
23.6972
24.607
23.4923
23.8981
24.1221
24.6689
27.2899
24.5004
24.2874
25.3702
24.5849
25.0341
24.4486
24.9003
24.5036
23.6841
23.5181
24.7893
24.5577
23.6693
24.0225
23.883
24.5904
23.8635
24.2341
25.0234
24.0178
25.7006
26.7049
24.1912
24.187
24.7008
26.8253
24.4762
24.2884
25.2373
24.405
24.2045
24.2541
25.785
25.6036
25.6523
25.1649
25.2613
26.5515
26.6207
33.602
31.8575
33.2215
25.1233
25.5678
24.9241
25.6976
25.0861
24.5547
24.8231
24.185
27.5303
24.9023
26.0625
24.8847
23.5977
24.3533
23.433
23.4018
24.0032
24.7677
27.5198
26.4197
25.5328
24.2022
26.1524
25.1038
23.7378
24.1857
24.2627
25.7227
24.9305
24.8727
23.2627
23.5335
24.7323
22.9635
24.3768
23.6662
23.5306
24.2527
23.8016
25.9757
26.1066
23.8544
23.7899
24.7028
23.6777
23.8031
23.8114
23.1741
24.0405
23.543
22.9271
23.4446
24.0358
23.1139
24.1433
23.7331
23.8552
24.0476
23.6099
23.495
26.3798
26.1712
24.0545
23.7577
24.5556
25.6013
25.8594
24.6805
24.7253
25.4131
24.8141
24.4431
24.5187
24.0024
24.5319
22.946
23.43
23.0681
24.8731
24.221
24.443
26.8866
25.3831
24.8285
25.3733
23.4695
24.0807
23.7357
23.9774
25.2664
25.082
24.7575
24.8885
23.9985
24.2904
24.6532
25.0229
25.0142
26.135
23.9168
25.0901
24.6401
26.7401
24.1762
24.8079
24.6224
25.6633
27.2075
24.7417
24.5477
23.8244
24.8699
23.8566
24.2329
25.1261
24.4637
24.1351
23.7481
24.7449
24.1201
25.279
24.4934
24.2653
26.5292
26.0325
24.4587
25.5288
23.882
24.7105
24.4921
25.0342
24.2737
24.0496
25.8292
25.3389
24.1486
24.487
25.4636
24.544
25.0006
26.4165
25.1421
26.6006
26.1368
26.9087
23.6915
24.9932
24.289
27.2136
24.0296
24.5003
24.8885
24.9783
25.4633
24.8725
24.8796
29.7
29.3272
25.2319
29.6517
29.1372
25.7098
25.1549
24.8791
26.5853
25.471
24.7342
25.0805
24.9481
24.4074
25.6604
24.5681
24.6898
23.3437
23.6826
24.6019
24.2151
24.0087
24.6188
24.3685
24.3025
23.9551
24.2492
25.067
27.9129
23.9349
24.9444
24.5064
25.5043
23.8258
24.0361
25.1921
23.7886
23.9902
24.1833
23.86
24.4615
24.8425
23.5455
24.4231
24.217
24.2789
24.5032
23.781
23.762
26.5309
26.1902
24.4927
24.5274
24.0622
24.6995
24.532
23.9321
23.8381
23.3827
24.2714
24.2744
24.8215
24.8177
24.0833
24.6653
23.4113
23.6309
25.171
23.7443
25.0585
26.0648
24.0895
23.7246
24.2068
25.6372
24.8077
24.1057
24.7096
24.5153
24.0643
23.5814
23.9465
23.6012
23.5917
24.8191
23.7317
23.0163
24.0661
23.7444
24.3221
23.1838
25.7327
26.6643
23.4075
23.8379
23.3991
25.8304
25.5621
23.5347
23.4955
23.8072
23.2584
23.8345
23.3539
24.5013
23.5112
23.8887
23.4178
23.9543
24.6811
23.4727
23.7705
28.4059
23.8461
23.104
23.5766
24.4411
25.8388
24.6567
23.1104
24.5766
23.1818
24.0385
23.3095
23.7627
24.4439
24.4021
24.6128
24.3794
24.9173
24.3471
24.0958
23.8988
24.9815
26.3303
24.1357
24.3831
23.616
24.4367
23.4948
23.4983
24.7971
24.7124
25.2936
24.4757
24.1983
24.1614
24.0445
24.8
24.0051
23.2979
24.9193
24.322
24.9045
24.9722
27.4989
24.8546
24.1366
24.7587
26.7901
24.1829
24.3529
23.9084
24.2081
24.7907
23.7063
24.1019
24.2548
23.6121
24.7159
23.3084
23.7199
24.4293
23.8714
24.5269
26.6672
26.409
24.2399
23.5101
25.5485
24.5115
24.2145
24.1494
23.8556
24.2362
24.953
24.0625
23.7463
24.7573
24.412
24.095
24.1349
24.3393
24.2341
24.031
24.0391
23.866
29.0584
24.5094
25.2934
24.3158
25.6666
24.6922
24.2947
24.0996
23.6271
24.3436
23.824
23.7669
24.0079
24.1398
23.7756
24.8289
24.1362
24.4078
24.0227
23.6297
27.3664
25.1595
24.3755
24.0574
23.9107
24.2005
24.0567
24.2546
23.8662
23.9912
24.3658
23.6572
24.1381
24.6956
24.6555
25.1392
24.0547
23.7855
25.3644
24.2326
24.7758
24.1401
26.6688
26.1503
24.1284
25.1684
26.3156
24.1131
24.1054
24.102
24.0892
23.9362
24.0143
24.5135
24.4695
23.9363
25.0938
24.3669
25.0258
24.3624
24.2555
24.2104
26.0892
27.0409
25.9152
24.0197
24.6757
23.7454
25.0652
23.8733
24.4116
24.4882
24.2533
23.6116
24.233
23.9846
24.9408
23.6771
24.7765
24.584
23.7684
24.1833
24.4951
24.0428
26.8901
24.4334
24.1037
24.7071
26.394
23.9847
24.2253
24.8443
23.9754
24.563
23.7689
24.3569
23.4815
24.0599
23.7178
24.4424
23.9578
25.1458
23.6455
25.3872
24.3702
26.4256
25.3515
23.9324
23.1792
24.3171
23.4184
23.5582
23.9136
23.5614
23.5876
23.839
23.3919
23.8652
23.7058
23.9837
24.1441
24.237
23.5463
24.0121
23.6029
24.1844
23.9664
26.5335
24.4799
24.0166
24.6682
22.9987
24.1337
23.4447
23.7425
23.8217
23.8696
23.1022
24.0046
24.0534
24.5616
24.2273
23.6686
23.2595
24.0763
23.3371
23.437
26.5545
26.9678
24.0064
24.0121
24.9485
24.3184
24.0084
24.6494
23.6465
24.3015
24.8306
23.6288
24.2103
23.7854
24.0427
24.3274
24.587
23.9128
24.3647
24.0066
24.029
23.8803
26.7705
24.6412
23.7031
26.0277
23.8097
24.6292
24.32
24.5287
24.3171
23.7935
23.6365
24.6519
23.3707
24.1793
23.2869
23.533
24.2745
24.4154
22.8059
24.4962
23.5171
27.4458
23.6851
24.1909
24.3338
24.1202
24.1585
24.003
23.9716
24.4388
23.6921
24.0263
24.3496
23.9365
23.2119
24.1562
23.025
24.2316
23.5226
24.0686
23.8981
23.8436
27.4514
24.7432
23.8034
25.8041
23.8786
23.946
24.4058
22.9812
23.5056
24.2295
23.9046
24.3936
23.9612
23.545
24.4549
24.3312
24.113
23.628
23.7284
25.2967
23.6504
26.2381
25.5497
23.441
24.411
22.9655
24.2404
23.8128
24.1016
23.8243
25.0505
24.0824
24.5388
24.2724
24.0053
24.5547
23.9359
23.9688
23.9738
24.5089
23.9917
23.0634
26.0656
26.7632
24.4041
27.7825
23.52
23.6401
24.5968
23.8903
24.2837
24.4208
24.5053
24.5338
24.0337
24.2489
24.672
24.2224
24.233
24.9448
24.5392
24.7116
23.9013
27.9196
23.9695
24.6097
24.6989
24.1277
24.6506
25.1741
23.608
24.8269
24.0066
24.244
25.21
23.144
23.9321
24.0175
23.783
24.5939
23.4389
24.051
24.1022
24.3911
24.7388
26.51
26.9435
24.5422
23.8767
23.6834
24.3116
23.7417
24.3103
24.5941
23.2378
23.8106
23.112
23.5694
23.7111
23.3362
23.7509
23.3585
26.3381
24.1352
23.1881
26.2511
25.6224
23.3144
23.7971
23.8736
24.7487
24.2673
24.1963
24.274
24.3886
24.6864
23.7437
24.0602
24.6568
23.8308
25.2951
24.5867
24.0607
24.1588
24.6975
23.8112
24.8085
26.6728
26.7824
24.0651
23.5134
24.2826
23.3018
23.7037
23.5502
24.0467
24.1384
24.2631
23.9367
24.8095
23.7127
24.4737
23.7091
23.8624
24.1098
24.1529
23.6299
24.6399
27.0732
23.843
23.2145
24.361
24.0264
23.8884
23.5102
24.4248
23.7527
24.0595
23.8034
24.3554
24.6139
24.0897
23.4277
24.6981
23.6035
24.5696
23.7639
24.9167
24.3681
27.4592
26.7023
23.636
23.7267
24.5004
23.6612
23.8052
24.1346
23.7597
23.6972
24.0724
23.2091
24.8012
24.4224
24.2946
25.6263
23.7252
23.9815
23.9789
23.7638
25.0394
27.9544
24.7589
23.1374
23.422
23.9781
24.3525
23.0406
24.2909
23.1866
23.5145
24.6032
23.5949
25.1485
24.3445
23.3516
24.1367
23.7778
23.9897
24.7025
24.1048
23.8419
24.2565
27.8637
24.1711
23.7261
23.6963
23.4477
23.5007
24.1609
23.5118
23.2271
23.941
23.3796
23.3046
23.9066
23.7217
23.8103
23.2463
23.9871
23.976
23.956
24.2802
24.826
26.4554
24.2835
23.4734
24.1026
24.538
24.7381
23.9055
23.4651
24.7057
22.8173
24.1663
22.9634
24.1465
24.7879
23.9702
24.2187
24.0492
23.822
24.3822
23.8392
23.6405
24.6273
29.6159
23.4312
23.8638
23.5381
24.0093
23.4544
23.563
23.91
24.0892
24.1664
24.1202
23.8611
24.4848
24.9929
23.5251
23.3893
23.7498
24.4626
24.2357
24.3736
23.996
27.7416
23.8078
24.1002
23.4404
25.1477
24.0723
24.5435
24.7642
23.421
24.5937
23.5343
23.7872
23.2067
22.9719
24.7189
23.5048
24.1311
23.8256
23.9758
23.5395
24.4593
26.6162
24.9433
24.4707
25.0006
24.5262
22.9202
23.4009
23.2513
24.6876
23.5537
24.3445
24.2224
23.3749
24.2499
23.7932
24.1009
23.3693
23.4526
23.5344
23.361
23.9183
25.7347
26.7002
23.4913
24.3244
24.0488
24.8267
24.1188
24.2923
24.1121
23.6036
24.1772
23.595
23.7802
24.3063
23.9866
23.5056
24.6318
23.7121
24.3535
22.8561
23.6997
23.6387
28.0804
24.0242
24.7614
24.5687
24.1323
23.0937
24.7834
24.7705
23.849
23.9303
24.3712
24.8343
24.1873
23.2559
23.7109
24.4547
25.0932
24.3235
24.1253
23.3995
25.1045
27.5743
24.1142
24.0876
24.0087
24.1167
23.1852
23.4602
23.5918
23.2898
24.6198
24.5898
23.4157
24.0791
23.6118
23.3958
24.3506
24.8818
23.9416
23.7855
24.2672
24.0932
23.3619
27.6668
23.7633
24.9075
23.8626
24.0671
24.1294
24.1175
23.7123
23.8469
24.1904
23.3793
23.9335
23.8965
23.9011
23.9255
24.2363
23.317
23.3728
24.8553
23.2936
25.5134
26.1059
24.255
23.4864
23.3811
22.9405
23.8032
23.682
23.5988
24.7537
23.7412
23.6914
23.8643
23.5
24.6433
24.287
24.7971
23.8708
23.804
23.3362
23.8142
23.6923
27.1978
25.9598
24.5516
23.9723
24.0694
23.9205
24.3532
24.3301
24.6896
25.5158
24.518
23.7489
23.8834
24.9398
24.5451
24.0663
25.6927
24.0334
24.7544
24.5957
26.7018
27.0968
23.9079
24.1177
24.1905
24.1702
24.2549
23.37
24.7523
23.8118
24.3992
24.7054
23.7875
24.4284
24.4985
23.8234
24.8635
23.8192
24.153
24.471
24.6837
25.7092
27.5069
24.2444
25.0988
24.5192
24.4241
23.6331
23.9007
24.2693
24.0314
24.4564
24.046
24.4835
24.1499
24.6427
23.7219
24.8
24.3201
24.0993
23.609
24.6641
27.5257
24.9184
23.9898
23.8573
23.9667
24.2518
23.8842
24.1174
24.2467
24.4961
23.4656
25.0049
24.0073
23.2296
24.3344
23.029
24.8294
24.3391
24.6461
24.834
24.5808
27.2283
26.9115
26.4387
25.0064
24.0399
24.7502
24.5375
24.0573
25.8057
23.7304
24.1157
24.2317
23.9198
24.4527
24.3688
24.7886
24.2392
24.2154
23.9362
25.3097
23.5072
26.2794
27.027
25.0475
25.4895
24.7353
24.2471
24.0132
23.2645
24.7186
24.8965
25.1041
25.1832
24.1073
23.418
24.818
23.6147
24.3091
23.8624
24.0735
24.6802
26.6216
23.7667
25.6288
26.9579
24.0244
23.7402
23.699
24.0717
24.0217
24.3093
23.9302
23.4165
24.3512
23.8316
23.7158
23.9798
23.6026
23.2804
24.1834
24.3073
24.3531
24.2696
23.3874
28.6971
24.3544
24.461
23.6114
24.1148
23.9011
24.7573
23.9598
24.9338
23.6897
24.513
24.4145
24.2559
24.0129
23.3632
23.0075
23.2283
23.4433
24.6757
25.7163
24.5691
27.3815
26.6287
24.7677
23.8138
24.5968
26.5181
23.9325
24.6514
24.0976
23.8328
25.3601
24.217
24.6569
24.2959
24.0923
25.3284
24.2174
23.565
24.8068
24.1332
24.7974
28.476
25.1253
25.4792
24.4775
24.6999
23.1728
23.9913
24.1556
24.1193
23.0413
24.2809
23.7759
24.0742
23.6462
23.4427
24.5986
24.3736
24.188
27.3065
24.8719
24.4929
25.7213
27.0148
24.7194
24.621
24.5334
23.843
24.5444
24.8418
24.6891
24.1455
24.1013
23.7261
24.3003
24.1908
24.5207
24.4384
23.8522
24.0651
23.8204
24.1711
24.5749
27.4211
23.7135
23.1243
23.594
24.7194
24.3956
24.2339
24.3518
23.7317
23.5225
23.9303
22.7317
24.1983
24.0939
23.8471
24.4216
23.4959
24.6472
25.4532
24.294
24.3402
24.8892
27.1413
23.5992
25.4756
25.6624
24.2137
23.7896
24.657
24.3579
24.9088
24.4179
23.8964
24.4901
24.4375
24.5071
24.3166
23.551
24.2008
24.3936
25.285
25.016
26.9693
24.8861
24.1608
24.182
25.0473
24.2615
24.6099
23.3023
24.3432
23.9665
23.8436
23.9687
23.6852
24.2232
23.879
25.9876
23.9409
24.2633
26.4452
24.0188
24.4178
26.4074
25.0869
23.9444
23.2553
24.9342
24.0844
23.6063
23.8279
23.1901
24.8657
23.8395
22.8758
24.157
24.1462
23.9726
23.6738
24.4936
23.2332
24.2472
23.8241
23.815
25.5422
27.3737
24.1578
25.1922
24.4932
24.555
23.9841
23.6285
24.8968
24.4714
24.4462
23.7248
23.9448
24.1847
23.4553
23.6024
23.5057
23.0792
26.8103
24.2499
23.3012
24.5218
28.1579
25.7236
24.1784
23.525
24.5546
23.8046
24.1816
24.2072
23.853
23.4719
23.9841
24.3112
24.9993
24.2981
24.0958
24.2507
23.7941
23.9769
23.6939
24.0805
23.7823
28.6741
25.4258
23.3242
24.663
23.7095
24.0652
25.3663
24.1589
24.6731
24.8005
24.3556
25.0787
24.8937
24.4517
24.8001
24.1958
24.7308
25.4833
24.0581
24.3053
26.4019
27.7604
24.4065
24.2072
24.7456
24.3488
23.837
25.0629
24.7936
24.8374
24.6418
23.8802
24.7656
24.5694
25.1133
24.9989
25.591
24.0461
24.2885
23.6802
25.4717
25.4045
27.6345
24.7472
24.8259
24.5686
24.1764
25.015
24.4237
24.3613
24.7743
24.2473
24.3112
24.6148
23.7279
24.4005
24.5113
24.8941
25.5118
24.4362
25.1897
25.7848
26.5313
26.099
25.0483
25.6741
23.6568
24.4164
24.2179
24.5139
24.2201
25.114
24.2873
25.0741
24.8111
23.9084
24.4832
24.0965
24.5947
25.0419
23.9396
26.0886
24.7513
27.9428
23.9322
23.8283
24.5991
24.7477
24.0709
24.7139
24.5934
25.2848
24.7652
24.5069
24.7339
23.6042
24.5499
24.6099
26.3906
28.2177
25.8777
28.7223
28.642
29.6674
27.9925
28.678
26.6923
28.7279
27.9432
26.4664
23.9578
24.5075
24.6041
25.1201
23.8986
24.2369
24.0499
23.712
23.209
23.3468
23.6461
23.8078
23.6941
24.3382
26.9867
24.784
24.0076
23.5976
24.3645
24.0169
23.5417
24.2929
24.0705
23.9748
24.3851
24.1735
23.7523
24.9046
23.5495
24.8696
24.4314
23.7953
25.1819
23.6911
23.5662
26.4479
25.1816
24.3677
23.4739
24.906
24.6446
23.7487
23.3362
24.0906
23.7615
24.9996
24.5516
23.94
24.7123
23.5103
24.3185
23.4898
23.6
23.8433
24.2528
23.8661
26.6214
23.7159
24.4471
24.117
24.5479
24.6533
24.0842
24.154
24.2909
23.7357
24.3388
24.7663
24.7232
24.7211
24.4432
27.154
23.9657
23.3504
24.3636
24.2158
24.8613
26.6397
26.0143
24.0197
24.0942
24.8549
24.2343
24.7195
23.8428
24.8672
24.0655
24.1757
23.3694
24.4117
23.5582
23.7101
24.2456
24.3728
23.6975
23.8238
24.2271
23.8441
26.8132
23.6572
23.7318
23.6639
23.6477
24.3519
23.9052
23.8521
23.7074
23.7178
23.4812
23.1777
23.4225
24.0992
23.5485
25.9823
24.1868
25.6896
24.2361
23.4687
24.7842
24.2204
26.0553
24.6813
23.8952
23.1663
24.0643
23.6782
23.7895
23.824
23.5672
24.3883
23.7181
24.014
24.6079
24.0699
24.1232
23.55
23.2507
23.8869
23.3502
23.1672
24.2048
27.5066
23.684
23.7685
23.5272
24.0976
22.6149
23.1843
23.8368
24.1978
23.6537
22.6099
23.4352
23.9433
23.1715
26.7608
24.2028
23.0663
23.2962
24.1938
23.5774
23.7761
23.5415
25.2979
26.3152
24.3492
24.1787
23.0804
23.0228
23.3754
23.3804
23.1343
23.6594
23.829
23.3843
24.341
24.3674
24.7182
24.6829
23.5141
24.5467
24.3573
24.6045
26.356
25.6775
24.2089
23.8134
25.011
24.0071
24.2943
24.3853
24.4933
24.0362
24.2701
23.9137
24.0399
23.8757
26.5464
25.131
24.3838
24.0168
24.4469
23.8526
24.6719
24.4701
24.6414
27.3295
24.1427
23.9647
24.5106
24.3627
24.334
24.3297
23.552
24.2743
24.2003
24.3665
25.0355
23.636
24.7776
24.9353
24.0052
24.4097
24.4632
23.7716
28.6378
23.9626
24.5446
24.1527
24.0932
24.6807
23.763
23.7512
24.5054
24.649
24.3153
23.3936
23.7198
24.6559
26.3543
23.7246
23.8634
24.5679
23.9036
23.9526
23.9432
24.615
24.1059
28.4091
24.3485
24.0023
23.1742
24.1222
24.3941
23.4099
24.617
24.1113
23.4819
24.1745
23.4581
23.57
24.6328
23.9093
24.3461
24.2578
24.4003
24.2046
25.8669
27.6196
24.6146
24.275
24.3389
23.6117
23.3683
25.2203
24.5401
24.5081
23.6454
24.9633
24.314
25.1082
26.6267
23.5375
23.9449
24.9309
23.5778
23.6671
24.7802
24.5449
24.1568
26.0062
26.2083
24.3852
23.6142
23.6503
23.8977
23.8218
24.5949
23.9338
23.9301
23.6699
24.5441
23.9147
24.8343
25.1582
24.6491
24.5842
24.4886
24.7958
26.3248
26.0532
23.8034
24.1845
23.8851
24.768
24.0555
24.952
24.1504
24.4117
24.9489
24.1793
24.5668
25.129
25.9664
24.2497
25.1566
24.5566
23.4912
24.4412
25.0385
24.1601
24.123
27.0381
25.0418
24.1683
24.8324
24.2604
24.9621
24.1885
25.1444
24.3711
24.0727
24.2943
23.9656
24.4308
24.5674
24.075
23.8621
24.7532
24.0204
23.7129
28.4295
24.3805
24.7483
24.2256
24.106
24.9368
24.3224
24.6497
23.4184
24.0503
24.6074
25.728
24.4476
25.5854
24.3017
24.1437
23.5487
24.0729
23.903
24.0842
24.5014
23.9469
24.6676
27.4211
26.7055
24.6321
23.9589
24.0935
24.9102
24.3602
25.0149
24.2659
24.2522
24.5272
24.6187
24.4914
25.0361
25.3063
25.0426
24.7859
24.8291
25.0732
28.0654
24.7215
24.1891
24.1721
24.3033
24.4126
24.3393
25.402
23.9799
24.2154
23.8516
23.8048
26.5989
24.2973
23.2198
25.015
24.3289
23.524
23.5701
23.4207
24.4716
23.769
23.6602
26.2196
26.7661
24.2133
24.6805
23.356
24.4453
23.5266
23.993
24.2135
23.9062
24.767
24.3588
24.2495
24.1439
23.469
23.8054
24.467
24.7139
24.0306
25.7105
27.3814
24.4794
24.8046
24.068
23.6085
24.7738
23.6361
23.6474
25.3431
23.9277
24.1222
25.5377
23.5543
24.2969
24.2025
23.7159
23.7541
23.5206
24.6434
24.4498
24.4616
24.6926
24.6585
28.6592
24.2201
24.5819
24.5447
23.9325
23.7431
23.6544
24.2497
24.2675
23.5992
23.76
24.109
23.5094
23.9743
23.7116
23.7369
24.498
24.1463
24.3339
28.439
24.5574
25.1803
24.0931
24.1988
24.5876
23.8933
24.1658
23.1776
24.0887
25.1356
27.3725
24.6224
24.6863
24.4449
24.1119
23.864
24.9562
23.8318
24.5068
24.2565
24.4821
23.8463
26.684
26.2579
24.2137
24.0219
24.1042
23.9403
24.3536
23.5698
23.9919
24.3525
24.1378
23.9547
24.262
23.7272
24.2718
24.027
24.028
23.4151
24.7302
26.5718
26.381
23.6331
24.3748
23.8158
24.7144
22.8328
25.3162
23.4432
24.1509
23.5624
26.7965
23.9273
23.7476
24.0176
24.2317
23.1755
24.1186
24.7386
23.8011
24.9571
24.077
24.0959
24.1156
27.8883
24.516
23.8682
23.2467
24.4671
24.1236
23.7764
24.0474
23.7953
24.3382
23.9532
23.6543
23.2298
23.7286
23.9288
23.7724
24.0955
23.3765
24.2103
28.0003
23.7109
23.1578
23.7214
24.7556
24.4227
23.6739
23.2291
23.4078
23.0536
26.4446
23.1172
23.403
24.3618
23.5172
23.7937
23.2101
23.4462
23.4056
24.2228
23.8123
23.9102
23.7029
24.1189
25.7142
24.4642
24.8505
24.2582
24.4761
23.9532
23.6497
23.9163
24.5395
23.5952
23.9043
24.0614
24.0157
24.5563
23.9391
23.8033
24.1135
23.7216
25.8639
26.3356
22.8964
23.5681
23.9704
25.7405
24.3242
24.5232
24.2166
23.5654
25.2659
24.2395
24.0565
24.8161
24.5135
25.1788
24.3654
24.4697
23.7781
24.187
23.7177
23.2806
23.5928
23.7098
24.0165
26.4486
24.0885
23.418
24.1159
23.4889
24.9154
24.2433
24.1791
23.8325
24.8923
24.2468
24.6219
23.4683
24.0767
23.2585
24.0384
23.8046
23.8362
26.365
23.9652
23.4784
23.5547
22.9856
23.8719
23.5092
23.2032
24.5077
25.1678
24.9403
23.5885
23.2264
23.7899
23.8825
23.8667
23.0768
24.0548
23.3279
23.8631
23.777
24.1559
24.537
24.2945
25.7072
26.6412
24.0695
24.4384
24.2777
24.3811
24.3035
24.0486
24.5587
23.5773
23.9661
24.1234
23.5343
23.6534
23.592
23.806
22.7955
24.3844
25.1999
25.2397
23.6028
24.7436
23.8719
23.7757
23.8025
24.0136
24.5269
25.0521
24.0435
25.6929
24.5921
24.3149
24.8478
24.9109
23.6098
24.6977
23.2318
24.2113
24.5844
24.0442
24.6053
24.0601
23.4728
26.3393
24.8452
23.4924
24.5418
24.0093
24.5415
24.9369
24.0861
25.0773
24.0087
23.8658
23.8766
23.936
23.2611
24.7066
23.802
23.8829
24.3517
26.6302
24.7206
23.8921
23.8418
23.5476
23.6093
24.4089
23.9938
23.0086
24.4316
25.4623
23.8983
23.9603
23.8892
25.4711
24.7962
23.4898
23.9711
23.4208
23.8041
24.2009
23.274
24.1778
23.5334
23.9392
27.3488
23.5274
24.7847
23.8038
24.0142
24.6893
23.8014
23.7662
24.3389
24.1187
24.2797
23.6069
23.7867
23.8219
23.5755
23.6981
23.7186
27.552
25.9696
24.0224
23.7366
24.2759
24.4104
24.0814
24.0913
24.1617
24.2229
24.9535
24.0838
24.2652
24.1966
24.6738
23.7304
23.8622
23.9851
24.5763
23.5705
24.2253
23.7082
24.3353
23.7225
24.2125
24.1374
27.4185
24.0808
23.955
23.6927
24.7474
23.7348
24.0636
24.2984
23.7737
24.5659
24.403
23.7733
24.8512
24.213
24.5579
23.9402
27.8791
24.8063
24.0405
23.4297
24.4138
24.0973
23.8603
24.0929
23.915
23.7344
27.91
24.0922
24.2073
24.535
24.1839
23.4522
24.4432
24.4953
24.555
24.5991
23.5482
24.4469
23.8883
24.2843
24.1311
24.6385
28.1401
24.3971
23.2401
24.1148
24.3502
23.6335
24.3059
23.4256
23.7104
24.7162
24.2491
24.5354
24.0464
24.6151
24.3115
23.5166
27.9275
26.2694
23.3843
23.0028
23.2829
23.7379
22.3975
24.3302
23.881
23.264
24.7424
24.4667
23.927
24.1911
23.5694
24.113
23.9609
23.3831
23.3038
23.661
23.8198
24.7582
23.4083
23.3636
24.4018
24.0191
24.0868
25.9287
24.8102
23.8527
23.7873
23.6431
23.4964
23.3353
23.952
23.549
23.0051
23.8166
23.5463
22.9177
23.3122
23.3227
24.2123
23.4014
26.9328
23.8822
23.3895
24.2247
23.9195
23.2573
24.408
23.6828
27.0634
23.7379
23.7556
23.79
23.3565
23.1812
24.2255
23.1874
24.4042
23.8512
23.2185
24.4492
24.2285
23.1094
23.866
22.9095
23.7632
23.3855
24.9116
26.7089
23.3624
24.1402
23.5994
23.68
23.7412
23.613
22.8692
24.7418
23.3288
23.9809
24.1653
23.6924
25.3169
23.971
23.8472
27.1708
24.0348
24.0792
23.5667
23.8881
23.9036
23.3799
26.4008
23.8263
24.3497
24.0713
23.048
23.7096
23.951
23.7579
23.025
24.4296
23.2273
23.4855
23.743
23.3975
23.7903
23.8598
23.6507
23.9867
23.8934
25.7487
25.3198
23.2635
23.8981
23.1105
23.2592
24.5004
23.5662
23.672
24.0922
23.0262
23.6569
23.6254
24.4393
23.5643
23.4372
23.7377
26.9889
24.773
24.2866
24.0241
24.1613
23.4053
23.9642
26.6452
23.5303
24.4737
23.9419
23.7597
24.4719
24.0356
23.9463
23.7959
22.8983
24.2395
23.7631
23.2442
23.1135
23.5366
23.9656
23.3992
23.2663
23.7625
25.1329
26.7729
23.8553
24.0421
23.6803
24.0251
22.9498
23.9741
23.2295
24.1942
23.2054
25.6251
24.417
24.0023
23.5239
24.1389
26.4061
25.576
23.8738
23.7863
23.76
23.3925
23.2463
24.7619
24.4352
23.8303
24.367
23.4364
23.081
24.5797
23.2835
23.2054
23.6371
23.6463
23.5497
24.3329
23.4023
22.7786
23.9708
24.6663
24.4951
24.0434
24.2119
25.1716
27.1177
23.9983
23.256
24.2503
23.6372
23.6956
23.9371
23.5169
24.1845
23.2268
22.8097
23.9969
23.588
23.4628
23.467
25.5423
26.3512
23.673
23.3332
24.5116
22.8841
25.7844
24.0514
23.3806
23.8262
24.8432
23.5087
23.9019
23.2574
23.6755
23.3836
23.4908
23.0979
24.3444
23.5695
24.3191
23.1118
24.4741
23.7556
24.209
24.0352
24.1263
25.5546
25.1379
24.1184
23.2089
24.2868
23.578
24.2274
23.5097
23.7102
25.3557
23.8887
23.6207
24.6309
23.9609
23.805
24.3666
26.6465
24.8374
23.98
24.039
24.1886
25.8402
23.8011
24.8123
24.338
24.1249
24.373
23.7922
23.4324
24.4581
23.5586
24.0827
24.5331
23.5619
24.2717
23.7313
23.6287
24.2306
24.2532
24.5781
24.4457
23.4747
24.6932
27.4737
23.764
24.0689
23.9499
24.2982
24.3079
23.783
24.6378
23.828
24.4517
24.4156
24.7308
23.9156
23.7298
24.3343
24.3152
27.6363
23.4967
24.3122
23.6748
26.4996
24.131
24.4609
23.6747
24.28
23.3603
23.5344
24.3845
24.1595
24.3531
24.3548
23.6464
24.263
24.0995
23.5869
23.9628
24.6538
24.1174
24.8682
24.0134
23.7404
23.4236
27.1275
23.7593
24.0129
24.0362
24.264
23.8328
24.1845
24.3427
24.7752
24.2161
22.9286
23.8399
23.3843
23.7102
24.529
23.9092
25.6206
25.7724
23.9676
23.8645
25.6927
23.8689
22.9131
23.38
23.3986
23.3081
23.6149
24.192
23.4547
23.7317
24.173
23.1349
24.1248
23.4436
23.5244
24.0842
23.1137
23.2921
23.9652
23.0947
23.863
24.275
22.7453
25.875
26.057
23.444
24.2682
23.0438
23.1394
23.2916
23.7578
24.195
23.9788
23.1455
24.0075
23.5421
23.9097
22.7906
24.1798
25.0421
26.1694
24.4077
24.6499
25.2469
23.7921
23.9627
23.4935
23.4488
23.0655
23.9228
23.154
24.0157
24.0187
23.5999
23.7219
23.3713
23.5793
22.5375
23.3386
24.2424
23.9503
24.1821
24.0735
23.9412
24.4677
24.2354
27.5299
24.2825
23.3431
23.8602
22.5393
24.7131
24.0344
23.9656
23.6197
23.146
24.5577
24.153
24.1664
24.518
24.4406
23.8564
27.2925
24.2301
23.6119
24.3509
27.0582
24.5611
24.2505
24.5951
24.3472
24.4953
23.5518
23.4072
23.4356
24.1867
23.0654
23.412
23.9815
23.3169
23.7575
23.7737
23.7343
23.4778
23.695
24.5316
24.8357
24.3449
23.1878
28.7418
24.2045
24.2213
23.9877
25.0291
23.9716
23.623
23.0535
24.8597
23.8925
23.9858
23.6986
23.537
24.6633
24.325
24.4045
27.057
24.0601
24.1226
26.3508
23.3564
24.662
23.5104
23.3496
23.4594
23.239
24.0332
23.1943
23.362
24.0331
23.0898
23.8185
22.7807
23.7879
24.889
24.0509
24.9321
24.9194
23.8502
23.448
23.5396
23.3746
23.8912
26.9865
24.6454
24.4292
23.7673
23.1627
22.9785
23.4182
24.1167
23.5785
23.5548
23.3749
23.8501
23.115
23.6083
23.2456
24.9828
27.0918
23.8489
25.2803
25.993
24.0547
23.3709
24.192
24.4409
24.1364
23.316
24.0608
22.9446
23.4305
24.0697
23.0696
24.3758
24.0509
23.0865
24.6046
23.948
24.2012
23.463
24.3555
23.7061
23.9908
23.4042
24.3069
26.9187
24.3252
23.4969
23.668
24.0414
23.9382
22.9733
24.1344
22.8007
23.7573
22.5981
22.8126
24.1381
23.9469
24.3968
24.8173
26.7807
24.093
23.1683
26.1681
24.0117
22.9862
23.3481
23.6897
23.3823
24.6698
24.0229
24.1633
23.6734
23.248
22.753
25.1393
23.5153
24.5537
22.94
23.4275
24.5914
23.6865
23.1502
24.0919
23.0184
23.4656
23.073
27.551
23.9481
24.0933
23.9815
24.3104
23.1771
24.549
23.8341
23.5805
23.828
23.7579
24.1796
23.4576
23.8843
23.635
23.9568
27.8725
23.4637
25.6132
22.8179
23.564
23.7449
23.7292
24.7412
23.5097
25.053
24.7442
23.9186
23.57
23.7013
23.7161
24.068
24.1435
23.3359
23.6424
23.3916
22.9002
23.4855
23.3378
23.6094
23.6652
23.327
23.4976
27.1099
24.5335
23.4351
23.0974
23.458
23.789
23.1622
23.5608
23.6037
23.4414
23.9
24.1427
23.5794
23.3927
23.2692
24.0857
27.4186
24.2918
27.2737
23.737
24.2385
24.8085
23.8404
24.7681
24.3518
24.324
24.6819
23.8056
24.5078
23.9488
24.238
24.3153
24.5953
24.0576
24.0727
23.775
24.3762
24.4148
23.7839
24.7037
24.1482
24.941
24.5831
28.4639
24.003
24.5215
24.8839
23.405
24.7817
24.1577
24.433
23.0325
23.5831
23.6729
23.9863
24.3032
24.1578
23.9379
28.6609
24.4553
26.0154
24.0145
23.7078
23.9707
24.503
24.3453
24.0976
23.8903
23.9067
24.5658
24.2835
23.7179
24.7079
23.9512
23.307
25.1393
23.5879
23.6385
23.9207
24.4463
24.8741
24.9518
23.7797
24.3185
23.6975
27.2959
24.0273
24.6025
23.5075
24.8918
23.7572
23.7266
24.3781
24.5248
23.6117
24.0848
23.4755
23.927
23.4455
24.4658
24.4989
26.5557
27.1507
23.8695
24.177
24.2158
25.0441
23.8446
23.7981
24.1422
23.8423
24.0087
24.0455
24.822
24.2424
24.2355
23.3348
23.6466
24.8214
23.7741
23.9899
24.5293
24.3216
25.0568
24.5674
23.9752
24.3485
27.9588
24.7187
23.8538
23.9002
24.3133
23.9158
24.7137
24.469
24.1798
24.5278
24.4802
23.725
25.1482
24.6489
24.5745
26.1128
29.1007
24.3506
24.4915
24.7054
24.6563
24.1505
24.746
24.0717
23.6686
23.8877
24.4333
24.507
24.6389
24.3486
24.2165
24.145
23.8741
24.197
24.1608
24.467
23.9201
24.0999
24.1666
24.2923
23.751
23.0328
26.9656
24.7376
23.9132
23.1252
23.6258
23.6021
24.7965
23.8561
23.1874
24.7155
23.2933
23.4103
23.9791
23.5641
23.576
23.7301
27.4302
25.1241
24.6427
23.9984
23.8998
23.3677
23.6387
23.5324
24.3522
23.4956
23.3406
23.246
23.2564
23.7429
24.3267
23.837
23.9839
22.7037
24.2337
23.6144
23.4856
25.1358
23.5367
23.9034
24.4149
25.9884
23.8895
27.0147
25.7622
24.7187
23.4834
24.5282
23.4339
24.1927
23.8882
23.7825
24.1429
25.0305
24.4082
23.6335
24.1826
24.7727
26.5794
27.4558
23.7839
24.1613
24.5357
24.0653
23.9765
23.9356
24.2767
23.9177
24.4513
24.2953
24.0411
24.4226
23.3105
23.3705
24.6431
24.6294
24.1918
24.3097
23.9711
24.1883
24.1023
23.435
24.4126
24.1884
23.8744
24.0353
26.0552
24.141
23.8764
24.1752
24.6563
23.7892
24.4602
23.9913
23.5961
23.762
23.7713
24.1423
23.6824
23.6771
26.8947
27.0316
24.2462
24.1589
23.6943
24.6798
24.8754
23.5874
24.1839
23.8115
24.481
23.6309
24.11
24.4896
23.4461
23.8037
24.4004
23.8628
24.4291
24.3922
25.2586
24.6314
23.8761
24.065
24.6068
23.4505
24.2544
23.3806
27.7516
25.1253
23.5316
24.1642
23.9074
24.1302
24.4049
24.4017
23.8699
24.5291
23.7389
24.2957
24.7332
24.3849
26.6784
25.5089
25.8901
23.5093
23.866
24.692
23.2033
24.2556
23.9351
23.9843
23.8821
24.4174
24.0807
24.4183
24.4153
23.3125
24.201
23.5029
23.8418
23.8088
23.454
23.8249
23.9332
23.7555
23.9265
23.781
23.744
23.9268
27.3789
24.8268
23.4011
23.1802
24.6333
23.2091
24.3777
23.6208
24.285
24.3282
24.2158
25.0438
24.3526
24.3559
26.086
23.7281
26.1655
26.7903
23.8756
23.9744
24.0998
25.1968
24.2382
23.8483
23.723
23.7736
25.4898
24.2077
24.4556
24.5758
24.1637
24.1591
24.9606
24.081
24.375
24.1704
24.1018
24.4172
24.7725
23.666
24.8925
24.1382
26.2353
26.0286
23.928
24.492
24.0848
24.3645
23.4137
24.2914
24.0742
24.1603
23.3249
24.1804
24.7881
24.9919
27.196
26.1058
26.9682
27.6612
23.8874
25.2427
24.3953
25.3787
27.4917
29.636
25.8944
31.359
26.0817
25.7219
24.4157
25.6065
25.0146
24.5626
25.3145
24.6975
25.4618
24.7493
24.4688
25.3454
24.7612
25.0311
25.5042
26.8855
26.4907
24.8687
25.8151
24.6282
25.0006
24.6388
25.0866
24.037
24.8567
25.0533
24.1459
24.6014
26.2644
24.1811
25.5374
25.4252
27.108
24.6136
25.0461
24.8622
24.0356
24.6983
24.6988
24.4414
24.0868
25.1181
25.0742
24.6668
26.4168
24.3883
25.1956
24.0889
25.2935
25.199
24.6154
24.5546
24.6525
24.6164
25.3887
25.4213
25.4231
27.102
24.9788
24.1041
25.2834
24.7793
24.5116
24.1985
25.0302
24.6115
24.9166
24.1364
24.2028
27.393
24.0891
24.8338
24.9694
27.5396
24.981
24.9003
25.0236
25.2744
24.5627
23.9759
24.2475
24.6425
24.9783
25.5064
25.406
24.3753
24.7065
25.228
24.8802
24.463
24.5041
23.8335
24.9761
23.3067
24.3141
24.9792
24.7968
25.2862
26.9929
23.9975
24.7445
25.0234
24.5398
23.9667
24.2415
24.2529
24.7852
24.8489
24.2968
24.6312
27.1932
24.3585
23.8986
23.7165
23.9662
26.3955
24.4279
24.0352
24.7227
23.9128
23.985
23.6059
24.2446
23.1209
24.4631
23.2597
26.2005
23.5936
23.6518
24.3952
23.5936
24.1128
23.9203
22.7687
23.5049
23.263
22.7978
24.243
24.3879
24.2404
26.6206
26.8217
23.4509
24.0919
23.869
24.0302
24.0828
23.9617
24.3985
23.9529
24.2441
24.8387
26.8444
24.8119
24.1946
24.4785
24.6353
25.4879
27.5184
24.7981
24.6737
25.2579
23.3725
24.5416
23.9791
23.2425
23.7179
24.5602
24.4459
24.8336
24.3159
24.9144
24.9372
24.8423
24.8109
24.8517
24.8203
25.2533
24.8651
24.0499
25.1288
23.5658
24.2747
26.6007
24.7261
24.2684
23.878
24.1359
24.2577
24.5405
23.9172
23.7228
23.8894
24.3819
25.0332
23.5722
24.7742
24.274
24.332
24.775
26.5385
25.2342
24.4459
23.5874
24.1808
24.5791
24.5769
24.2218
24.7321
23.2986
23.7443
22.7269
24.6071
24.0093
24.0762
23.2681
23.6245
24.5279
23.4505
24.8109
23.1617
23.0897
24.0088
23.4887
23.6598
26.1179
26.0742
24.5291
23.4843
22.9748
23.5257
23.2716
24.1398
24.0262
23.0069
23.4729
25.8155
24.1726
24.0732
23.3596
24.0955
24.2304
24.5163
26.5998
23.5449
23.2305
24.2293
23.557
23.5105
23.6541
23.4167
23.9862
23.5719
23.9587
24.4181
24.0183
23.9142
24.0802
24.6877
24.6861
24.0067
24.5406
24.4775
24.5353
25.4174
25.1365
25.412
25.3156
26.8469
24.9914
24.6882
24.7949
24.5268
25.1492
24.9879
23.8312
24.7994
24.7404
26.9366
25.1571
24.5518
23.6678
23.6338
24.8181
25.818
26.0031
24.049
24.236
23.779
24.9518
25.1495
24.926
25.2159
25.256
24.5542
25.0627
24.7166
24.1741
24.0374
23.8676
24.4438
25.411
24.472
25.0867
23.8567
24.3026
24.1153
24.232
24.4224
25.8509
26.3835
24.0462
24.0215
25.5496
25.4409
25.5433
24.1051
25.8416
24.4449
27.4181
24.6564
25.0043
24.8675
25.8189
24.5229
24.7854
27.1503
24.4864
24.1308
23.8088
24.0621
24.2973
24.5522
23.5996
24.8762
24.5469
24.7353
25.0942
24.31
25.511
25.458
24.3832
24.5067
25.0901
24.1622
24.6747
23.8181
23.8816
24.6907
23.4761
23.446
25.4391
26.559
23.9451
23.1462
23.5238
24.6911
23.7769
23.4521
23.8703
26.9908
24.7423
24.3116
25.2209
24.3829
24.5566
24.4003
24.2008
25.9429
26.3346
24.4986
25.2932
25.2928
24.2528
24.4489
23.9022
24.5269
23.0393
23.2884
24.5922
24.2001
24.2301
24.3978
24.4218
24.9163
24.5148
24.3846
25.6668
25.5762
24.5125
24.1777
24.6324
24.687
25.0376
28.2985
23.5594
23.8708
24.0262
24.1396
23.9529
25.5804
26.1957
24.4704
24.4076
24.4687
23.9387
24.4642
25.3734
25.0545
24.5305
28.3679
25.8213
24.6807
24.2474
23.8826
24.2886
23.7874
23.4917
24.0632
23.9224
24.8462
24.674
25.0326
24.404
24.5789
24.6145
24.3074
24.6283
24.2999
24.5288
23.9653
24.2762
24.7308
25.0383
24.3964
25.0131
25.9914
24.0693
24.1595
24.1211
25.6088
25.0746
24.5176
26.2112
24.9251
23.9457
23.6938
24.6628
23.8189
23.4461
23.5661
24.2268
24.3606
27.9624
24.4914
25.5703
24.861
24.7077
25.6679
25.0833
24.9615
24.56
24.4817
23.5206
23.5108
24.4185
24.033
24.7744
24.0043
24.307
24.9726
24.3251
24.0635
23.4667
24.1974
24.0436
23.6196
23.922
28.1231
24.467
24.6209
24.3829
24.5121
24.4758
24.0511
25.9465
24.2223
25.1972
23.2587
24.2664
24.0968
24.0392
23.5717
24.6685
23.3567
27.7794
23.4697
23.3271
24.0174
23.5695
23.9579
23.2779
23.6274
24.2992
23.3594
23.002
23.2054
24.0311
24.2641
23.481
23.8089
23.9658
23.4209
22.9776
23.4947
23.3817
24.1777
23.3034
23.7349
23.3318
25.7323
26.9713
24.4004
24.7582
24.8158
24.9092
24.6413
25.4075
24.2767
23.8615
22.8291
23.4409
23.8123
23.1905
22.863
24.2966
23.66
27.3641
26.8843
25.0571
24.9826
24.5008
24.2355
24.0528
24.8646
24.7597
23.989
23.3026
23.6874
22.9208
23.898
22.9838
24.8162
23.8839
23.2381
23.0974
24.2856
24.7315
24.6112
25.0063
23.8794
24.46
25.1278
28.2433
24.4611
23.5233
23.4772
23.9987
23.9376
26.2114
24.2986
24.0115
23.2577
23.2685
23.7431
23.9339
24.6958
23.6418
23.6289
23.3834
27.2436
24.225
23.6049
23.1054
23.401
23.5308
24.0063
23.6952
23.5389
23.18
24.0672
23.8623
23.9824
23.3742
23.819
23.4883
23.185
23.7625
23.2661
23.8485
23.2426
23.7502
23.232
23.5406
23.6696
23.6221
25.1135
25.9552
24.2445
24.2761
23.7224
26.6115
23.5935
23.3757
24.4876
22.9735
23.2731
23.9617
23.4713
23.1716
25.2968
24.1553
24.3594
26.5848
23.5198
23.4045
23.3073
23.8354
23.5114
23.9681
23.2377
23.9592
24.1708
23.8617
23.4047
24.4831
23.4984
23.8292
23.7755
23.1192
23.9477
23.2292
24.0768
23.4746
23.38
23.8735
23.5518
23.3804
23.1928
23.0521
26.8503
23.909
23.274
24.5439
25.2902
23.5149
24.1623
23.7615
23.0778
24.3089
23.2762
24.1313
23.2829
23.5321
23.8237
22.649
25.5183
25.3276
23.936
24.4701
23.3587
23.745
23.9866
23.4798
23.4935
24.406
23.4187
24.1669
23.4807
24.1914
24.3525
22.825
23.279
24.1884
23.9047
23.3322
23.1749
22.8915
23.5888
23.6148
22.7041
24.0122
23.6564
24.895
25.222
23.6679
23.5475
26.281
23.5765
24.4382
23.3517
22.8635
23.2416
24.4192
24.3787
22.7727
22.9289
24.6771
24.0451
25.1081
26.6799
24.2216
23.4159
23.3239
23.3346
24.1615
23.355
23.0384
23.2576
23.5628
23.5752
23.875
22.8345
24.1958
23.8647
22.9442
23.8765
23.3488
24.0124
24.1723
22.6744
24.1499
22.4123
22.7768
23.5694
23.0465
22.6113
26.6958
23.6945
23.4319
26.4553
23.1903
24.1719
23.7273
23.2297
23.1613
23.7858
23.8272
22.448
23.8685
24.417
23.7187
23.4297
27.9603
23.5632
23.3953
23.2787
24.1876
23.622
23.7905
24.1985
24.1066
22.8225
24.6312
24.0502
24.1451
24.4186
23.4543
24.6374
24.2492
23.6296
24.9388
24.7251
23.8993
24.1297
23.8186
23.4956
23.952
24.21
28.5403
25.8954
23.548
26.347
23.4754
25.3828
24.6904
23.9116
24.2647
26.4453
24.7991
23.7939
23.4451
24.5737
24.5631
24.534
25.2478
26.386
24.2539
24.6938
23.8314
24.7539
24.4889
24.6063
23.4708
23.2062
24.0361
24.4227
24.1579
24.386
23.5114
23.5131
24.182
23.9373
24.3253
24.6642
23.7928
24.8104
23.3976
23.4267
24.0439
24.599
24.4893
26.6833
25.4272
24.0739
24.5465
24.1012
23.5462
24.5141
24.1813
24.5313
23.5975
23.8597
23.785
24.2161
24.2357
23.9723
23.8312
28.2722
23.7366
23.2265
24.3598
24.6896
24.6624
24.3567
23.5609
24.582
23.8326
23.9412
25.2681
23.551
24.3763
24.7891
23.3264
24.321
23.3006
23.9789
24.2655
23.9182
24.3186
23.8668
24.1037
24.1402
23.7553
25.7869
26.8937
23.4642
24.4795
24.1279
23.9305
23.8428
25.6517
24.5036
23.7192
24.1529
23.9284
24.193
24.7246
24.4622
23.6734
24.5271
26.7309
23.8117
23.2978
24.0008
24.4934
23.304
23.6934
24.2237
23.6766
23.0295
23.2706
23.9769
24.3869
23.243
23.9917
23.742
24.035
23.502
23.5817
23.6508
24.3476
23.8869
24.3142
24.0376
24.3344
23.9938
28.3034
26.1293
24.353
23.4004
24.2367
23.6776
23.6853
24.1724
24.1046
23.9382
24.7509
24.2963
24.1342
24.8876
23.7169
24.402
27.218
24.4662
24.5107
24.7721
24.7373
24.2558
23.334
24.6187
23.8656
24.43
23.6598
23.7285
24.1592
24.3735
23.2676
24.6065
23.2085
24.2343
24.2136
24.0232
23.6491
22.7305
22.7657
23.8782
23.3432
22.9687
25.7856
27.9368
25.2852
23.5818
23.8137
25.953
24.2213
23.7132
23.5395
24.4901
23.401
23.3962
24.0552
23.285
23.9066
23.4159
23.5223
26.9213
23.1106
23.5946
22.8954
23.6717
24.3376
23.5015
23.0646
23.8332
23.2009
24.2237
23.3349
23.803
24.6251
23.8657
23.7194
24.455
23.8263
24.3277
23.3337
23.4708
23.6437
23.8288
23.1003
23.254
24.8543
23.5045
26.286
23.7602
23.4675
23.0552
27.0784
23.9572
24.0059
23.2606
23.6137
24.0255
24.3372
23.5345
23.4193
24.3632
23.8702
24.7234
26.1213
23.474
22.9262
23.553
24.6546
23.7211
23.8297
24.3883
23.4005
23.7426
23.9338
23.776
24.3296
23.6165
23.9863
24.4161
24.1457
24.1873
23.644
23.0335
25.0329
24.1207
23.8531
23.7949
25.9966
23.9804
26.7374
25.5839
24.6106
24.7421
24.0752
23.9862
23.7845
24.4154
24.3296
24.0605
23.2948
24.3424
24.2556
23.9305
23.4492
25.0465
26.4436
24.3441
24.1925
24.12
23.9915
24.3779
23.8321
24.0093
24.6782
24.6579
23.0116
24.1466
24.3224
24.1395
24.5255
24.4687
23.2813
23.956
24.0392
24.6864
24.3062
24.2887
24.4752
24.1443
25.79
24.6964
23.7369
27.6773
23.9248
23.8476
23.65
23.201
23.3555
23.3342
23.6804
23.8346
23.2771
23.8982
23.672
23.8821
23.7838
23.6382
23.2135
26.3899
22.7179
23.5054
23.4004
23.1825
23.904
23.429
24.062
24.0543
22.6875
23.5344
22.9718
22.8805
23.1867
23.5877
22.8906
24.4467
23.8513
23.5352
23.4316
23.8249
23.8707
23.6483
23.8202
26.6352
23.1159
23.485
27.2937
23.4891
23.8893
22.8271
23.1856
24.0661
22.9965
23.3154
23.6758
23.4743
23.873
24.0814
22.9595
24.3232
23.6278
23.5801
27.5204
23.5258
23.9954
23.6709
23.7249
22.8314
23.7565
23.8439
23.6913
23.6489
22.833
23.6703
23.7713
22.4532
24.0345
23.9432
24.174
23.5755
23.3832
23.8867
22.8364
24.088
24.2511
23.2993
25.5992
24.1635
24.165
26.464
26.2733
23.7465
24.4228
23.9969
24.0075
24.046
24.0045
24.0172
22.8507
23.8914
24.0455
23.9001
23.8808
23.3604
25.0718
26.1158
23.9688
24.2389
23.9998
23.457
24.258
24.5166
24.8126
24.146
24.1145
24.5429
23.1895
23.7314
23.4584
23.8727
23.9522
23.8393
23.0975
23.2364
23.1811
23.7039
22.564
23.3644
24.4127
24.3371
25.4864
23.6396
26.7645
23.9898
25.1454
24.8798
24.0524
23.9943
24.3152
24.4563
23.5601
23.3213
23.2513
24.9178
23.4389
23.4889
23.5432
28.0408
24.6563
24.1821
24.7875
24.5712
24.9181
24.4408
24.8177
24.7386
24.8685
24.7835
24.5841
23.8497
25.5821
24.3029
24.8337
24.3245
24.2224
24.557
23.9327
24.4047
24.1864
25.7175
25.0431
26.3545
23.9648
26.4446
26.7152
23.8968
25.0233
24.0046
24.6059
24.6008
24.4576
24.2859
24.0913
25.1832
24.3232
24.4967
24.3641
24.4958
24.642
27.6097
24.5501
24.2057
24.5462
24.9919
24.6934
24.6922
24.6971
24.4554
24.9379
24.545
24.0971
24.799
24.2264
24.2918
24.4695
24.3159
24.2349
24.2881
24.9632
24.502
24.2967
24.1325
26.4694
24.2837
23.4862
25.8575
26.554
23.1527
23.4938
23.5962
24.179
23.8694
24.6471
24.0912
24.1215
23.5385
23.3407
23.724
23.3432
24.0036
24.2626
25.1518
26.018
23.6633
24.7122
24.5708
24.841
24.6693
24.9315
24.3599
24.3856
23.1235
23.2483
23.4577
24.6244
23.9714
23.6733
24.4629
24.053
23.2066
23.8082
23.5469
23.5457
22.8101
26.2645
23.4895
23.5647
23.2741
26.0757
27.0708
24.2511
24.4062
23.2969
23.1506
23.6129
23.3147
23.5243
24.6402
24.2789
24.1346
24.4077
24.5809
24.4391
24.1789
26.5255
24.3782
25.18
24.6036
23.8287
23.7069
23.9328
23.0932
24.2914
23.2548
24.9006
24.5265
24.4544
24.6429
25.0252
24.6259
24.2315
23.9863
23.8757
24.0394
24.2264
26.6176
26.0306
24.7956
24.4457
25.0148
24.6692
27.1202
24.3925
24.7345
24.191
24.9017
24.9606
24.4953
25.0538
24.9561
24.1983
23.4069
25.0355
23.1316
23.3568
23.4184
27.4197
24.0383
23.39
23.1842
23.6199
23.5387
23.8523
23.6972
23.6645
23.1281
24.4874
23.3405
23.4842
22.8658
23.6366
23.3533
23.1758
23.401
23.9525
23.4485
22.8125
23.6241
27.2638
24.5012
24.6852
24.072
24.0453
24.3847
27.2953
23.1789
23.7951
23.0856
23.688
23.4716
24.1017
23.3241
24.5795
23.6371
23.5141
24.3241
23.4176
23.4582
24.9185
26.1999
26.0027
24.3322
24.3981
24.2974
24.2946
24.6079
24.0427
23.9117
23.8548
24.1128
24.3259
24.8792
24.6403
25.1469
24.1472
23.3757
23.6882
25.1019
26.5698
26.1499
24.3991
25.2
25.2663
25.0871
24.336
24.5648
26.9428
26.9966
24.4248
24.5412
24.2393
24.312
23.8068
23.7471
24.0317
23.9736
23.5067
24.1066
24.3554
24.4338
25.3146
27.9042
24.1525
24.4178
23.3983
24.0722
24.288
24.3581
23.7051
23.9196
23.7527
23.6957
24.1591
24.5188
23.7856
25.8755
24.751
24.173
24.5599
25.1683
24.9406
25.5637
24.0441
24.7331
24.851
25.3204
24.3756
24.7372
27.185
25.8734
25.9702
24.3438
24.1447
24.9799
24.2106
24.9093
24.8482
24.413
24.5745
25.1121
24.6528
24.9786
24.5663
26.8461
25.6444
23.4826
24.3618
23.5682
23.796
24.4332
23.6902
24.3652
23.8382
23.6029
24.104
23.6883
23.9024
23.5828
24.3418
25.8283
23.7468
24.7415
23.8522
26.6353
23.6964
23.6676
24.2334
23.8155
23.8286
24.2464
27.6099
24.1658
23.8718
23.9193
24.1325
23.9568
24.3621
24.5724
23.9418
23.7543
24.194
23.92
24.3612
23.7785
23.826
24.1539
27.2284
24.0213
24.281
24.0007
24.7179
24.0702
23.9148
24.3826
24.0604
23.8155
23.576
23.6657
24.5014
24.3466
24.0883
24.7589
23.9546
23.7326
24.5323
26.6108
23.9748
23.8392
23.4687
24.4187
24.0691
25.5448
23.553
27.0372
23.8764
24.5959
23.4804
23.8848
23.6944
24.4792
23.5753
23.6724
24.4765
23.7451
24.0919
24.2514
23.7405
24.4099
27.3723
24.1743
24.4249
23.9515
24.4968
24.0462
23.778
24.7952
23.9596
24.3198
24.1352
23.7733
23.7723
24.3871
25.1962
24.1594
23.8484
24.0845
24.1661
26.1643
23.6022
24.6532
23.8106
24.4597
23.9773
23.9329
24.3955
27.0154
24.0616
24.0153
24.4465
23.7075
23.7504
23.7929
23.8254
24.3342
23.9448
24.1158
24.0807
23.5183
24.0713
23.7533
28.9128
24.3379
24.3995
24.0043
24.6652
23.7328
24.072
24.1949
24.0762
24.2167
24.4827
24.4564
24.0477
24.3296
24.1777
23.9433
23.7547
24.2728
23.9457
26.4435
23.7875
24.0855
24.7427
23.708
23.7882
24.0424
23.8537
26.7793
24.0102
24.3876
24.0084
23.5935
24.2584
24.4006
23.8133
24.2378
27.4644
24.337
24.5492
24.4661
24.891
23.6185
26.9738
26.6253
24.7159
23.7332
