62,417699999999996
32,2183
29,865099999999998
29,594700000000003
30,0015
29,6874
24,7523
25,6605
24,119600000000002
21,9746
19,700100000000003
14,8439
14,3948
13,0536
13,7871
13,7941
13,0473
13,4807
12,7025
14,4818
14,727799999999998
15,553
13,3187
13,1755
10,8857
11,5587
10,5439
9,9285
10,7606
10,7938
10,229000000000001
11,3299
10,1227
10,4339
9,777299999999999
9,0562
9,5992
9,1889
10,6547
9,741299999999999
9,3605
9,3618
9,0129
9,4522
9,7111
9,1371
8,7782
8,7279
9,0455
8,2388
8,5547
8,2339
7,949400000000001
7,1014
8,2527
7,4185
7,8117
7,5965
8,7777
6,9901
7,378
7,720000000000001
6,9783
8,1123
7,3624
7,098199999999999
7,6324000000000005
7,5395
6,2836
7,995199999999999
6,8031999999999995
6,1918
7,451700000000001
6,6408
6,731199999999999
7,4581
7,5223
6,561
6,6939
6,6856
5,9967
6,926
8,6935
7,789
7,0872
6,5851
6,8006
7,090800000000001
6,8604
6,4495000000000005
7,2048
6,0643
6,0476
7,1479
5,9486
6,9958
6,9193
6,1934
6,522799999999999
6,6261
6,4389
5,6904
6,520899999999999
6,9902999999999995
6,2021999999999995
6,5809
6,226500000000001
5,2789
7,0425
6,301
6,3838
7,7089
5,508
7,3757
6,8072
6,1562
5,9553
5,4956
6,5097000000000005
5,6772
6,1804
5,7024
5,4831
6,5135000000000005
5,9924
5,0401
5,9965
6,4493
5,4536999999999995
6,7143999999999995
5,1692
5,2088
6,171
5,0136
5,3137
6,1370000000000005
5,0091
5,052700000000001
5,9677999999999995
5,1109
5,7602
5,8329
5,3555
5,0595
6,1358999999999995
5,532
4,928100000000001
6,3586
5,3867
4,8417
5,833900000000001
4,4888
4,6042000000000005
4,3275
4,655600000000001
4,6091999999999995
4,2447
4,1852
5,4578
4,2139999999999995
4,2246999999999995
4,8857
4,5582
4,673
4,7057
5,1044
4,2356
5,077
4,9406
4,2876
5,096299999999999
4,2321
4,8186
5,5372
3,9645
4,6853
4,4516
4,3171
3,9644
5,3427
4,2565
4,2347
5,0165
3,8452
4,8811
4,171
4,5196000000000005
4,3905
4,1672
4,0725
4,2678
4,3901
3,8554
3,7452
4,3446
3,8874999999999997
3,6795
4,4342
4,125400000000001
3,7111
4,1446
3,7797
3,9958
3,8977
3,5415
3,8030999999999997
4,415
3,6202
3,5507
4,012499999999999
3,5752
4,0202
3,9856
4,2135
3,5144
4,1322
3,4450000000000003
3,5625999999999998
4,0344
3,9356
3,4278999999999997
3,9537
3,431
3,3907999999999996
4,2958
3,4364999999999997
3,5691
3,7802000000000002
3,927
3,4511
4,724500000000001
3,4933
3,9578
3,6607
3,4682
3,3468999999999998
3,7851
3,7486
3,5218
3,7679
3,4347000000000003
3,8964999999999996
3,9446000000000003
4,1569
3,4133
4,2817
3,5294
4,2164
3,8747
3,4640999999999997
3,8068
3,787
3,3703000000000003
3,3851
4,2013
3,7659
3,3758999999999997
3,6738
3,375
3,8617
3,771
3,3605
3,4086
3,9382
3,8999
3,2142999999999997
4,3252999999999995
3,6048999999999998
3,4469000000000003
3,5945
3,3024
3,2288
4,4789
3,2784
3,3364000000000003
3,6422
3,3154999999999997
3,8158
3,684
3,3686
3,3044
4,8972
3,3438
3,3079
3,7555
3,6223
3,5008
3,8201
3,2954
3,3305000000000002
4,2343
3,3479
5,8154
4,7561
3,608
3,9579999999999997
3,8615
3,5972
4,2649
3,4954
3,1525
3,1567000000000003
3,5612999999999997
3,6744
3,3426
3,4123
3,1543
3,8273
3,6234
3,128
3,072
4,0219000000000005
3,5808
3,0271999999999997
3,4799
3,1369000000000002
3,0322999999999998
3,7813999999999997
3,0856999999999997
3,0793
3,6178
3,0281000000000002
3,4838
3,3706
3,0866000000000002
3,2432
3,4252000000000002
3,5734
3,2767
3,6678
3,2702999999999998
3,0831999999999997
3,8907999999999996
3,0515999999999996
3,3066
3,3453
3,0696
3,5500000000000003
3,5209
3,1564
3,0823
3,4155
3,4632
3,0662
3,6266
3,0933
3,0557000000000003
3,5683
3,1878
3,6272
3,826
3,6987
3,3644
4,223400000000001
4,5825
3,5704000000000002
3,4250000000000003
3,0081
2,8677
3,2001999999999997
2,8718
3,3148
3,3122999999999996
2,9827999999999997
4,0149
3,4492
3,4583
2,948
3,25
3,1624000000000003
2,8849
4,3638
2,9045
2,9565
3,7750000000000004
3,2003
3,4505999999999997
3,1999
3,2986
3,055
4,1309
3,54
2,8198
3,3923
2,8233
3,5065999999999997
3,2866000000000004
2,749
3,4399
2,9516
3,6702000000000004
2,7401999999999997
3,0300000000000002
3,0985
2,7528
3,7121
3,1061
2,7094
3,3292
2,6857
2,895
3,7854
2,6669
3,2572
3,0232
3,1223
3,0374
2,8782
3,0049
2,5919
3,0236
3,333
2,8692
3,3022
2,813
2,7986999999999997
3,8616
3,2985
3,081
3,0527
3,3292
3,3106
3,3508999999999998
2,6621
2,6008
3,2483
2,6196
3,0456
3,2781
2,6525
2,6042
3,1763
2,5665
3,0803
3,733
2,5757000000000003
3,1618000000000004
2,7023
3,1151999999999997
2,7393
2,8209
3,2144
2,6267
2,7247
3,1628
2,4587
2,7845
2,7532
2,4762
2,6744
3,0878
2,499
2,7228
3,0692
2,5216000000000003
3,4659999999999997
2,4173
2,4445
3,3472
2,4751
2,4309000000000003
3,6215
2,4636
2,5738
3,1279
2,3590999999999998
2,6873
3,2445
2,3733
2,6265
2,6039000000000003
2,4128000000000003
2,4408
3,1082
2,4471
3,0788
2,7447
2,4724
2,4856000000000003
3,4152
2,5465
2,6599000000000004
3,006
2,6261
2,6470000000000002
3,3524000000000003
3,6659
2,6647
3,2998
2,7346
3,2967999999999997
3,6158
2,6641999999999997
2,7715
3,5756
3,0833000000000004
2,6429
2,786
2,5657
3,1797
2,9221
3,4381
2,6079
2,8341
2,9683
2,5631999999999997
3,136
3,5456
2,5156
3,1124
3,3476999999999997
2,5734999999999997
4,7806999999999995
2,5848999999999998
2,967
2,7834000000000003
2,4703
3,0969
2,7392
2,4467
2,7453
2,6327
2,3790999999999998
3,0221
2,8164000000000002
2,3533
2,7082
2,5641000000000003
2,3378
3,484
2,7273
2,3103
2,6339
2,4901
2,277
2,7154000000000003
3,0214
2,2598000000000003
2,6876
2,4901
2,2766
2,5976
2,985
2,2542999999999997
2,6981
2,4685
2,2668
2,6848
2,9818000000000002
2,3401
2,6443
2,5904000000000003
2,3495999999999997
3,5206
3,1906
2,2967999999999997
2,7308
2,5416000000000003
2,278
2,7294
2,6510000000000002
2,4704
2,6682
2,544
2,2938
2,7897
2,6581
2,7390000000000003
2,7985
2,5585999999999998
2,3388
2,8538
2,5944000000000003
2,7769
2,7191
2,606
2,3156000000000003
3,0554
2,6633999999999998
2,7523
2,8855999999999997
2,5046999999999997
2,2888
3,437
2,5718
2,8720999999999997
2,33
2,5612999999999997
2,696
2,2717
2,5859
2,9610000000000003
2,3063
2,5693
2,7727
2,3513
2,5551
2,699
2,7045
2,4711999999999996
2,8946
2,4789
2,5647
2,6382
3,0492000000000004
2,7205
2,5661
2,179
2,5864
2,5949
2,6586000000000003
2,4392
2,6273
2,1812
2,5162
2,2129
2,8364000000000003
2,9508
2,286
3,1158
3,2361999999999997
2,6519
2,5185
2,5982000000000003
3,669
2,3896
2,9472
2,8712
2,6131
2,8435
2,202
2,1953
2,4204
2,3532
2,2767999999999997
2,5519000000000003
2,1525
2,2927
2,4989
2,1789
2,5482
2,5055
2,1764
2,2208
2,5088
2,3041
2,2534
3,016
2,9692
2,2781
2,6251
2,2304999999999997
2,1860999999999997
2,5513
2,6897
2,1335
2,4454
2,1481999999999997
2,2045
2,4533
2,4093999999999998
2,4402999999999997
2,5368
2,2203
2,1411
2,3554
2,2106
2,3325
2,7438
2,1723
2,1803
3,2357
2,1466
2,0820000000000003
3,3815
2,079
2,0993
2,5775
2,4253
2,0370000000000004
2,2234
2,8457
2,0538000000000003
2,4577
2,2134
2,5902
2,1054
3,4732000000000003
2,065
2,1694
3,3474
2,0736
2,1321
3,539
2,0332000000000003
1,9562999999999997
2,3257999999999996
1,918
1,9196
2,2176
3,0833000000000004
2,5058
2,5284999999999997
1,9439
2,0393
2,3914
2,6388000000000003
2,3327999999999998
2,1725999999999996
2,6742
2,437
2,6894
2,2382
3,3636
2,4864
2,7314000000000003
2,6852
1,9780000000000002
2,16
2,0286000000000004
2,1709
2,306
2,4576
1,8534000000000002
1,8481
2,5244
1,899
2,2254
2,3113
2,2856
1,7863
1,9304000000000001
2,3019999999999996
2,1916
1,8437
2,0434
2,3595
1,8439
2,2425
1,8508
2,1933
1,8348
1,9273
2,3508999999999998
2,6406
1,8602
1,9023
2,3892
1,9246999999999999
2,331
2,1329000000000002
2,3562000000000003
1,8533
1,9153
2,5368
2,1838
1,8626999999999998
1,8847
2,6767000000000003
1,8635
2,2748
2,2084
1,8014999999999999
1,7901
1,8427
2,8672
2,4207
1,7998
1,7750000000000001
2,4141000000000004
1,8002
2,2317
1,8546
2,8144
1,8071000000000002
1,8726
3,0934999999999997
2,1181
1,8254000000000001
2,0130999999999997
2,7271
1,8809
2,2205
2,3159
1,8185
1,8251000000000002
1,9054
2,0972
2,5854
1,867
1,9032
2,0184
1,9266
2,3865000000000003
2,3144
1,8905
2,3026
1,9962
2,5204
2,2746
1,9661000000000002
2,215
1,8343
1,9994
2,7733
2,4960999999999998
1,8639
1,8427
1,9263
2,4148
2,1651000000000002
2,3138
2,1096
1,8228
1,7923
2,218
1,8278
1,7929
1,7930000000000001
2,1182000000000003
2,3651
2,2232
1,8324
1,8977
2,2835
1,8527
2,2744000000000004
2,3259000000000003
2,6085000000000003
1,8164
1,9217
2,4336
2,1183
1,7857
2,126
2,3846000000000003
1,7953000000000001
2,1635999999999997
1,8126
2,3211
1,7945
1,8764
2,6166
2,2049000000000003
1,7776999999999998
1,7676
2,2639
1,8006
2,1954000000000002
1,7839
2,2518
1,79
1,8632
2,0289
2,5988
1,7343
1,7615
1,6676
2,2107
2,2388
1,6325999999999998
1,7371999999999999
1,9162000000000001
1,7409999999999999
1,9994
2,0049
2,8032
1,9594
1,6716
1,7033
2,4715000000000003
1,7715999999999998
1,7048
1,7068
2,7702999999999998
2,2883
2,0362
2,079
1,6869999999999998
1,6804000000000001
1,667
2,271
2,8096
1,7252999999999998
2,233
1,8066
1,9236
1,9602
2,0404
1,6476
1,8719
1,9172
2,3505000000000003
1,6383
1,6672
1,6781000000000001
1,7572
2,5471999999999997
2,0013
2,085
1,6627
1,719
1,6834
2,0743
1,6726
1,7309
1,6324
1,7922
2,278
2,3825000000000003
1,6229
1,7294
1,5523
1,6930999999999998
2,0359000000000003
1,573
1,7691000000000001
2,2357
2,2391
1,9009
1,9829999999999999
1,9497
1,6508
1,6811
1,8165
3,3698
1,6742000000000001
1,6957
1,6556
2,0924
1,9848999999999999
2,1486
2,0201
2,3028
1,7973
1,7792000000000001
2,1031
2,1868
1,6844
1,6724
1,7448
2,5959
2,0048000000000004
1,6417000000000002
1,6749
1,7434
1,6443
2,0606999999999998
1,6303999999999998
1,6248
2,0597
1,6900000000000002
1,9202
2,0184
2,572
2,3693999999999997
1,9938
2,3811999999999998
2,2009
1,6023999999999998
1,6126
2,0151000000000003
1,8502
1,9372
1,9903999999999997
1,9511
2,0239
1,6474
1,6408
2,4948
1,7175999999999998
1,7296
1,6764
1,9266999999999999
2,8566
1,9666000000000001
1,6387
3,006
1,9349
1,6534
2,5012
1,7569000000000001
2,1069
1,6469
2,2733
1,9796000000000002
1,9916
1,675
2,0698000000000003
1,7085
2,1668
2,1170999999999998
2,6516
1,6875
1,6811
1,7748
2,2710999999999997
2,463
2,5453
2,0619
1,7561
1,7313
2,2594
2,0509999999999997
1,6638
1,6374
2,0465
2,5887000000000002
2,0402
1,6416
1,666
1,8695000000000002
2,0154
2,0489
2,0999
2,2084
1,8975000000000002
1,7395
1,8997
2,5132000000000003
1,6753
1,6822
1,8239
2,8673
2,0650999999999997
1,6615
1,649
2,5907999999999998
1,7321000000000002
1,8928
2,6567000000000003
1,6411
1,6195000000000002
1,5894
1,8211
2,4253
1,6528
1,6617
1,8971
2,0146
1,9448
2,0043
1,6607
1,7686
1,7129999999999999
1,7796999999999998
2,1954000000000002
2,5818
1,7501
1,7277
1,8084
1,9992
2,0161
1,7097
1,7506
2,6433
1,9092
2,126
1,9802000000000002
1,7805
1,7381
1,7862
2,4806
2,4596
1,718
1,7358
2,0141999999999998
1,7449
2,1896
1,8159999999999998
2,2634
2,5023
2,4194
2,6306
2,0604
1,7626
1,7942
2,7494
2,6157
2,4317
2,5167
2,0233
1,9
1,8500999999999999
2,8799
2,4616
1,7388
2,238
1,7577999999999998
1,7817
2,2796000000000003
2,4417000000000004
1,9243000000000001
2,2633
2,2491999999999996
2,0598
2,0952
1,7863
2,5354
1,7998999999999998
1,9638
2,6998
2,1605000000000003
1,7285
1,7242
2,4061
2,0784000000000002
2,2643
2,2314000000000003
2,1350000000000002
1,6921
1,7122000000000002
2,5469999999999997
1,7756
1,7535999999999998
1,9994
2,4499999999999997
1,9818000000000002
2,0847
1,7344000000000002
2,0820000000000003
1,6599
1,6915
2,1963
2,1681
1,7058
1,6965999999999999
1,7266
2,2481
1,9692999999999998
1,6577
1,6704
1,9298
1,8689
2,1671
1,71
1,7034
2,1681999999999997
1,7133
1,89
1,939
1,9604000000000001
1,5807
1,6056
1,6027
2,1462
1,5997
1,607
1,6036
1,656
2,1029999999999998
2,1129000000000002
1,6486999999999998
1,6608
1,8678
1,6359000000000001
2,1003
1,6702
1,7052
1,9512
1,9234
1,8922999999999999
2,1302
1,6693
1,6551
1,6663999999999999
1,6596
2,2016
2,0677
1,6943
1,6887
2,397
1,8986
1,9957
1,6027
1,7352999999999998
1,7654999999999998
2,0332000000000003
2,0847
1,7427
1,5920999999999998
1,5876
1,5943
1,8028
1,9575
1,6708999999999998
1,966
1,6183
1,7507
2,0979
1,5953
1,578
1,5867
1,6836
1,8297999999999999
2,2689
1,5449000000000002
2,0724
1,7795
1,7378
2,1919999999999997
1,7021
1,6476
1,7523
2,2045
2,2095000000000002
2,7447
1,9232
2,7561
2,0155
1,7598
2,2485
1,5937
1,5361
1,4522000000000002
1,486
1,6752
1,7836
1,414
1,4067
1,464
1,814
1,9979
1,4748999999999999
1,4691
1,4644
1,4809999999999999
1,6406
1,7439
1,4632
1,5079
1,9457
1,4959
1,9405
1,4893
1,5162
1,5854000000000001
1,5139
1,7225000000000001
1,807
1,4568
2,3792
1,5016999999999998
1,484
1,9488
1,532
1,5096
1,4143000000000001
1,4712
1,6829
1,8783
1,6794
1,4526999999999999
1,4765
1,4652999999999998
1,9753
1,4729999999999999
1,5369
1,5265
1,5554
2,2728
1,9742000000000002
1,4852999999999998
1,4462
1,4886000000000001
1,5184
1,8400999999999998
1,4983
1,5168
1,4951
1,7373
1,9707999999999999
1,907
1,5117
1,7185
1,5207
1,5139
1,9957
1,5983
2,469
1,7155
1,5772
1,7209
1,8175000000000001
1,4514
1,4392
1,4505
1,5185000000000002
2,0141999999999998
1,7335
1,488
1,5035999999999998
1,5791
1,6975
1,8469
1,4983
1,4801
1,5742
1,4583000000000002
2,1773000000000002
1,5158
1,5299
1,5567
1,5698999999999999
1,7125000000000001
1,8228
1,4465999999999999
1,5252
1,4074
1,5460999999999998
2,0263
1,415
1,4018
1,3861999999999999
1,4273
1,582
1,7033
1,9534
1,3146
1,3268
1,7189
1,8112
1,4266999999999999
1,3759
1,3552
1,4416
1,5976
1,8143
1,3552
1,3502
1,4861
1,5617999999999999
1,9208
1,3908
1,4562
1,3883999999999999
1,6338
1,8131
1,8074000000000001
1,424
1,3992
1,7523
1,4957
1,8576000000000001
1,3951
1,4285
1,4518
1,7509
1,7958
1,8275
1,5018
1,8412000000000002
1,4678
1,4534
1,9511
1,5368000000000002
2,1543
1,4888
1,5254999999999999
1,718
2,1629
1,5150000000000001
1,4707
1,4303000000000001
1,4712
2,1197999999999997
1,5069000000000001
1,5093999999999999
1,5024000000000002
1,5652000000000001
2,0236
1,9099
1,4843
1,4883
1,4421
1,5912000000000002
1,918
1,4886000000000001
1,4809
1,4970999999999999
1,9355
1,8041
1,8755
1,5314
1,6267
1,5338
1,5494
1,9219
1,5022
1,6582000000000001
1,9
1,5989000000000002
1,7077
2,5721
1,5154
1,4505
1,5705
1,4282
1,9951999999999999
1,8034999999999999
1,4652999999999998
1,4776
1,7466000000000002
1,786
1,9471
1,5077
1,5511
1,5548
1,572
2,3945
1,623
1,8320999999999998
1,6183
1,6263
1,8088
1,9417
1,6542
1,5987
1,9136
1,5128
2,0821
1,5479
1,5509
1,5215999999999998
1,6065999999999998
1,8565
1,9304999999999999
1,7313
1,7405000000000002
1,7317
1,8867
2,0306
1,5734
1,5417
1,6791
1,6328
1,9104
2,1137
1,6916
1,5932
1,6038999999999999
1,6063
2,0696999999999997
1,6547
1,5897000000000001
1,6075
1,9951999999999999
1,9317
1,9514
1,5768
1,5978999999999999
1,6126999999999998
1,6764
2,1654
1,5443
1,8722
1,6872
1,6137000000000001
1,7444
1,9063
1,5342
1,5245
1,5365000000000002
1,5273999999999999
2,0309
2,5805
1,5122
1,5224
1,5456999999999999
1,7054
1,8839
1,4710999999999999
1,4759
1,462
1,7891000000000001
2,0244
1,5238
1,4977
1,4938
1,5585
1,7057
1,8821
1,5242
1,5361
1,9944
1,621
2,0140000000000002
1,5946999999999998
1,5986
1,5793000000000001
1,6399
1,8018
1,9102
1,9168
1,5916000000000001
1,5469
1,5506
1,9530999999999998
1,4919
1,4794
1,5289
1,575
2,4875000000000003
2,2481
1,5164
1,5056
1,5654
1,4702000000000002
1,9128
1,4909000000000001
1,4785
1,6113
1,85
1,9538
1,7748
1,4677
1,4502
1,435
1,444
1,8475
1,4897999999999998
1,6523
1,5553
1,7001
1,6509999999999998
1,8417999999999999
1,3772
1,3733
1,4018
1,3979000000000001
1,8844
1,5162
1,3967999999999998
1,6514
1,387
1,6004
1,7754999999999999
1,3252
1,3484
1,3107
1,359
2,3841
1,393
1,5936
1,5256
1,4009
1,5537
1,6129
1,306
1,2895
1,2973999999999999
1,3332000000000002
1,7312
1,3328
1,5126
1,516
1,3935
1,6020999999999999
1,7453
1,3783999999999998
1,4226
1,3741
1,7641
1,8447
1,3925999999999998
1,7063
1,452
1,4131
1,6607
1,7544
1,4558
1,5104
1,4131
1,3836
1,8715
1,6228
1,7744
1,3985
1,4407
1,689
1,8003
2,3604
1,3874
1,361
1,3435000000000001
2,3601
1,3488
1,3143
1,3121999999999998
1,3755
1,5625
1,6963
1,2945
1,3225
1,3117999999999999
1,3512000000000002
2,2372
1,4128
1,3635
1,3683
1,4356
1,8357
1,7357
1,4208
1,3860000000000001
1,3809
1,5693000000000001
1,9269
1,4166999999999998
1,3944
1,3876
1,7535
1,5805
1,7569000000000001
1,408
1,4039
1,9113
1,8018
1,8626999999999998
1,4504
1,4675999999999998
1,5614
1,3628
1,5549
1,6704
1,3922999999999999
1,5159
1,828
1,4384000000000001
1,9284000000000001
1,6245
1,5343
1,4748999999999999
1,4296
1,6055
1,8921000000000001
1,8544
1,845
1,7924
1,8727
1,8362999999999998
1,4374
1,3687
1,3981
1,5372000000000001
1,8182999999999998
2,5152
1,5815
1,5532
1,6095
1,3625
1,8042
1,3608
1,4155000000000002
1,3581
1,3957
2,1369000000000002
1,7271999999999998
1,9810999999999999
1,3948
1,3783
1,4098
1,7135
1,3281
1,3106
1,2859
1,6158
1,6026
1,9735999999999998
1,3572
1,4065
1,3899
1,3474
1,8412000000000002
1,3502
1,3611
1,4628
1,7321000000000002
1,7771
1,7583
1,3598
1,3217999999999999
1,3111
1,2917
1,6988999999999999
1,3132000000000001
1,2986
1,4388
1,6417000000000002
1,7032
1,7429
1,3919
1,3708
1,3929
1,3408
1,6983
1,3298999999999999
1,3187
1,4497
1,6817
1,7663
1,6179000000000001
1,4519
1,3103
1,3412000000000002
1,3445
1,6983
1,3883999999999999
1,3672
1,6546
1,709
2,0374999999999996
2,2781
1,2829
1,3767
1,2252999999999998
1,2583
1,6108
1,2399
1,2677
1,699
1,3332000000000002
1,4758
1,6869
1,2753
1,3153
1,2746000000000002
1,3027
1,7203
1,2562
1,2609
1,5298
1,3973
1,4479
1,6103
1,2696999999999998
1,2912
1,2672
1,2482000000000002
1,6802
1,2542
1,2516
1,7769000000000001
1,724
1,4369999999999998
1,5887
1,2917
1,2432
1,2114999999999998
1,2072
1,5607
1,2078
1,1752
1,3417999999999999
1,4314
1,7321000000000002
1,5112
1,2107999999999999
1,1944
1,1963
1,1803
1,6287
1,2481
1,267
1,2802
1,4147
1,7768
1,7704000000000002
1,3336999999999999
1,3068000000000002
1,3800999999999999
1,3261
2,0238
1,3338
1,3345
1,4427
1,3288
1,9009999999999998
1,6628999999999998
1,2692
1,7724
1,5829
1,5556999999999999
2,0216000000000003
1,6676
1,4318
1,3316000000000001
1,5845
1,5777
1,5836
1,3731
1,2695
1,2962
1,2675
1,6348999999999998
1,251
1,3152000000000001
1,2387
1,3058
1,9151
1,5506
1,4231999999999998
1,3214
1,3254
1,3374000000000001
1,7995999999999999
1,3332000000000002
1,2802
1,2963
1,3327
1,8747
1,7824
1,3698
1,3339
1,3641
1,3428
1,7422
1,4093
1,3204
1,3507
1,3857
1,9171
2,6416
1,5478
1,5558
1,5783
1,6559000000000001
2,0571
1,4781
1,8177
1,5751000000000002
1,5507
2,3031
2,2706
1,6781000000000001
2,4314
1,5067
1,4074
1,7922
1,449
1,3128
1,2861
1,3419
1,5228
1,6363
1,3216
1,2881
1,3119
1,3071000000000002
1,6772
1,6965999999999999
1,3338
1,3112
1,3508
1,5403
1,7249999999999999
1,5003
1,2957999999999998
1,2826
1,2927
1,6712
1,6704999999999999
1,3002
1,3209
1,3518000000000001
1,5252
1,8795000000000002
1,3292
1,3010000000000002
1,3328
1,3436
1,8736
1,6835
1,3798000000000001
1,3073
1,3761999999999999
1,5401
2,0515
1,3645
1,3539999999999999
1,3259999999999998
1,3588
2,0062
1,5361
1,3539999999999999
1,3485
1,3397000000000001
1,6551
1,6961000000000002
1,3517
1,3431
1,3496000000000001
1,4391
1,8687
1,5642
1,3528
1,3675
1,7325000000000002
1,8204
1,7588000000000001
1,36
1,3416000000000001
1,4099
1,2764
2,0556
1,3229
1,2715
1,2795
1,391
1,5168
1,5783
1,2911000000000001
1,2679
1,3439999999999999
1,2738999999999998
1,8484
1,546
1,3229
1,4207
1,3445
1,5238
1,7007999999999999
1,3409
1,3581999999999999
1,3629
1,3623
2,0107
1,5904
1,3618000000000001
1,4331
1,4179
1,5939999999999999
1,7607
1,3596000000000001
2,0513
1,4081000000000001
1,454
2,2139
1,4456
1,3894
1,3687
1,3977
1,5928
1,8554000000000002
1,4652999999999998
1,4033
1,3929
1,6438
1,9708999999999999
1,4466999999999999
1,4567
1,4466999999999999
1,4744000000000002
1,9368
1,7964
1,4581
1,3948999999999998
1,6698
1,5389
1,9002
1,4616
1,5332
1,5025
1,797
1,7956999999999999
1,8801
1,5065
2,0772
1,5842
1,514
1,9880000000000002
1,5386
2,2139
1,5639
1,6180999999999999
1,7677999999999998
2,2907
1,5690000000000002
1,5734
1,5894
1,5897000000000001
2,1862
1,5961
1,6028
1,6449
1,9282
1,9575
1,9970999999999999
1,5832000000000002
1,5772
1,6361999999999999
1,5795
2,0156
1,5639
1,7819
2,0197000000000003
1,6182
1,7302000000000002
1,9805000000000001
1,4828000000000001
1,4687000000000001
1,4682
1,4922
1,9569
1,6588
1,5668
1,4112
1,4943
2,1116
2,0071
1,3780000000000001
1,3719999999999999
1,3656
1,3864999999999998
1,9732999999999998
1,6023999999999998
1,3925999999999998
1,4031
1,6781000000000001
1,6686999999999999
1,8114999999999999
1,4462
1,4665
1,4541
1,4436
2,3094
1,6846
1,6339
1,5263
1,454
1,6280999999999999
1,7271
1,5115
1,3767
1,3859000000000001
1,8087000000000002
1,9021000000000001
1,5308
1,4181000000000001
1,4606000000000001
1,4821
1,6726
2,4752
1,4159000000000002
1,5315999999999999
1,6292
1,4831
1,8267
1,4263
1,432
1,4093
1,4452
1,8252
1,8741999999999999
1,5997999999999999
1,9567999999999999
1,5364
1,4906
1,9268
1,4719
1,5157
1,6799
1,5724999999999998
1,7843
2,1492
1,5524
1,5948
1,5185000000000002
1,5244
1,9066
1,6075
1,4897
1,4884
1,5601
2,0481000000000003
1,9612000000000003
1,4987
1,5314
1,4838
1,5112
2,5701
1,4661
1,4684
1,4464000000000001
1,8860999999999999
1,6961000000000002
1,9816999999999998
1,4405
1,4211
1,5483
1,3882
1,8503
1,4275
1,4523
1,8007
1,4691999999999998
1,6628999999999998
1,7784
1,3502
1,5917999999999999
1,3475
1,3860999999999999
1,8454000000000002
1,391
1,6178
1,5139
1,4783000000000002
1,6418
1,8366
1,5884
1,4642
1,4141
1,4448
1,8985
1,6535
1,625
1,4141
1,5143000000000002
1,6901
2,3996999999999997
1,5025
1,5309
1,4982000000000002
1,5399
2,4387
1,5499
1,5306
1,5562
1,6919000000000002
1,7828
1,9300000000000002
1,5724999999999998
1,6148
1,7129
1,7715999999999998
1,9456
1,5539
1,6737
1,5291000000000001
1,5749
1,7704000000000002
1,975
1,5785
1,9824
1,5663
1,5716
2,0965
1,7730000000000001
1,5747
1,5728
1,9513
2,0917000000000003
2,3487999999999998
1,5917999999999999
1,5949
1,5447
1,618
2,0704000000000002
1,6406
1,8558999999999999
1,6433000000000002
1,9063999999999999
1,9169
2,0561
1,6317
1,5946999999999998
1,5833
1,6179000000000001
2,2176
1,5865
1,8517
1,8213000000000001
1,7231
1,8936
1,9927000000000001
1,5662
1,8988
1,5809000000000002
1,6048
2,231
1,7233999999999998
1,5604
1,5807
1,6675
1,8331
2,6044
1,6039999999999999
1,5928
1,8388
1,8044
2,0961
1,6382
1,6272
1,6313
2,2304999999999997
1,859
2,0476
2,1729000000000003
1,5804
1,5904
1,5816000000000001
2,0711000000000004
1,5962999999999998
1,5471000000000001
1,5695999999999999
1,6402999999999999
2,2748999999999997
1,9935
1,5932
1,6413
1,7851
1,6205
2,0347
1,5688
1,5923999999999998
1,9799000000000002
1,6341999999999999
1,8392
1,9607999999999999
2,1521
1,8063
1,5955
1,5556999999999999
2,0537
2,17
1,5834
1,502
1,5246000000000002
1,6785
1,788
1,4619
1,4580000000000002
1,4625000000000001
1,6582000000000001
2,2772
1,536
1,5658
1,6273
1,6142999999999998
1,7573
1,8841999999999999
1,4906
1,7737
1,7082
1,6005
1,9708999999999999
1,5744
1,517
1,5353
1,5728
1,7637
2,5582000000000003
2,143
1,7339
1,8136999999999999
2,2035
1,9635
1,4565
1,7390999999999999
1,6022
1,5228
2,0944000000000003
1,7315
1,4031
1,4009
1,4218
1,3972
1,8878
1,4451
1,4671
1,4372
1,7474999999999998
1,829
1,9096
1,4674
1,5066000000000002
1,4607
1,4647
2,2993
1,4521
1,4316000000000002
1,8371
1,4746
1,6896
1,7761
1,4021000000000001
1,4274
1,374
2,0084999999999997
1,8423
1,4244999999999999
1,8181
1,5234999999999999
1,4373
1,6226
1,7815
1,4112
1,5632000000000001
1,3814000000000002
1,3529
1,7496
1,4939
1,6258
1,3065
1,3001
1,4802000000000002
1,5769
1,2751
1,3438
1,269
1,2975
1,7581
1,3661999999999999
1,6775
1,3388
1,3687
1,5654
1,7239
1,3416000000000001
1,4324
1,3523
1,3551
1,9708999999999999
1,5282
1,5797
1,3893
1,4089
1,6044
1,7661
1,8225
1,2953999999999999
1,282
1,2623
1,6215
1,3967999999999998
1,4537
1,2834
1,2817
1,4521
1,7149
1,2885
1,2659
1,2698
1,3059
1,7306000000000001
1,3568
1,5412
1,2321
1,2483
1,4336
1,6077000000000001
1,5514999999999999
1,2671
1,2467
1,2212
1,6562000000000001
1,2894
1,3442
1,4905000000000002
1,1846
1,3761999999999999
1,502
1,2903
1,1979
1,1857
1,2795
1,657
1,2246
1,2962
1,3694
1,4691
1,4616
1,6340000000000001
1,6883
1,4896
1,2412
1,2955
1,712
1,2999
1,2568
1,4063999999999999
1,6324
1,4939
1,6919000000000002
1,4032
1,3215
1,3148000000000002
1,3439
1,7473
1,3573000000000002
1,3258
1,6634
1,6103999999999998
1,5521
1,8082
1,3616
1,3812
1,3295
1,3343
1,8149
1,3131
1,3205
1,5081
1,498
1,5337
1,7855
1,3052000000000001
1,3126
1,3602
1,3583
1,8408
1,3764
1,3623999999999998
1,6119
1,463
2,1816999999999998
1,7136
1,261
1,2852000000000001
1,2945
1,3081
1,724
1,3655
1,3049
1,6946999999999999
1,4917
1,6081999999999999
1,7956999999999999
1,3961
1,4584000000000001
1,4074
1,4047
1,7903
1,4053
1,6037
1,658
1,5041
1,6561
1,7827
1,3977
1,4727
1,3698
1,3796
1,8133
1,4913999999999998
2,1119
1,7012
1,5662
1,7726
1,976
1,5715
1,5787
1,5334999999999999
1,4369999999999998
2,6656
1,9567999999999999
2,2947
2,1705
2,3379
1,8831
1,8764999999999998
1,4441
1,5473
1,2738999999999998
1,2784
1,6757
1,2734
1,3006
1,2503
1,2546
1,4374
1,5146000000000002
1,2381
1,7862
1,4481
1,292
1,7053
1,3285
1,3679000000000001
1,3215
1,3227
1,5058
1,5763
1,2821
1,4919
1,7502
1,3654
1,7654
1,3148000000000002
1,3941
1,3265
1,3819
1,5603
1,6800000000000002
1,9262000000000001
1,5752
1,3667
1,3147
1,6763
1,3091000000000002
1,2584
1,2875
1,2779
1,4688999999999999
1,5825
1,4061
1,4041
1,6378
1,2745
1,6868
1,3534
1,2261
1,1856
1,2087
1,4139000000000002
1,4735
1,3290000000000002
1,1850999999999998
1,3492
1,5015
1,7193
1,5206
1,3046
1,3163
1,346
1,5173
1,6447
1,3738000000000001
1,2727000000000002
1,3438
1,7154
1,7343
1,2258
1,206
1,2327
1,2764
1,501
1,5857
1,7422
1,3335000000000001
1,3105
1,6302
1,7366000000000001
1,3634000000000002
1,2999
1,3094999999999999
1,3133000000000001
1,5219
1,764
1,4704
1,5138
1,5663
1,8873
1,9593000000000003
1,2846000000000002
1,3159
1,2979
1,3403
1,6695
1,5815
1,2747
1,2756
1,3571
1,7132
1,7469000000000001
1,2684
1,2644
1,2525
1,3076999999999999
1,7197
1,555
1,2827
1,2998
1,3376
1,6334
1,7711999999999999
1,3836
1,3821
1,3449
1,4131
1,7390999999999999
1,7259
1,3844
1,3855
1,4752999999999998
1,6906
1,7406
1,3228
1,3145
1,4798
1,4411999999999998
1,4591999999999998
1,5481
1,1968
1,2248999999999999
1,2837
1,5102
1,6798
1,2827
1,3245
1,2979999999999998
1,6639000000000002
1,8214
1,5962
1,2780999999999998
1,2467
1,2903
1,5617
1,7273
1,2809
1,2039
1,2138
1,357
1,4434
1,6165
1,2825
1,279
1,2927
1,4316000000000002
2,1281
1,2717
1,2504
1,2329
1,3816
1,4312
1,5451
1,1942000000000002
1,1801
1,1683
1,1742000000000001
1,8369
1,3902
1,1949
1,2152
1,285
1,7429999999999999
1,6152
1,2310999999999999
1,2647
1,2582
1,1941
1,5195
1,5473
1,1817
1,1328
1,1697000000000002
1,664
1,4469999999999998
1,1412
1,1068
1,1200999999999999
1,0997999999999999
1,5039
1,0908
1,1781000000000001
1,5158
1,1911999999999998
1,3504999999999998
1,6755
1,1179000000000001
1,1245
1,1473
1,2077
1,4124999999999999
1,0716
1,0459
1,0654
1,1155
1,6791
1,338
1,3915
1,0672
1,129
1,0906
1,5434999999999999
1,1188
1,089
1,1413
1,1264
1,331
1,7251
1,3691
1,27
1,2084000000000001
1,1616
1,5395
1,1303
1,1421000000000001
1,1226
1,175
1,3217999999999999
1,3924
1,0884
1,4116
1,2125000000000001
1,8010000000000002
1,5783
1,1248
1,1225
1,1485
1,1455
1,3024
1,3885
1,0861
1,1036
1,2112
1,5964
1,6566
1,1483999999999999
1,1406999999999998
1,1378
1,1597
1,4483
1,4616
1,1029
1,1348
1,1714
1,1824999999999999
1,824
1,339
1,1471
1,1537
1,1247
1,3278999999999999
1,4759
1,199
1,1388
1,1443
1,1865
1,5876
1,1731999999999998
1,6674
1,2097
1,1765
1,3625
1,5054
1,1845
1,2377
1,1095
1,1183
1,6832
1,1058999999999999
1,0932
1,6336
1,4052
1,3523999999999998
1,4585
1,1411
1,141
1,1354
1,1279000000000001
1,5053
1,1531
1,1858000000000002
1,1962
1,3079999999999998
1,7214
1,5292000000000001
1,1452
1,1684
1,1721
1,0865
1,436
1,0829
1,0703
1,0836000000000001
1,1154
1,459
1,6360999999999999
1,3558000000000001
1,2304
1,221
1,2271999999999998
1,7524000000000002
1,185
1,2141000000000002
1,2156
1,1812
1,3936
1,5804
1,2960999999999998
1,3997
1,1567999999999998
1,1557
1,6321
1,1844
1,1577
1,1618
1,2216
1,3933
1,5590000000000002
1,7828
1,3262
1,4253
1,2076
1,6132
1,2712
1,1181999999999999
1,106
1,116
1,3034
1,3741999999999999
1,1448999999999998
1,0862999999999998
1,0958
1,2598
1,8428
1,1594000000000002
1,1004
1,1461
1,1661
1,3576000000000001
1,5046
1,1267
1,1382
1,3594
1,3229
1,6079
1,5381
1,1489
1,0604
1,0748000000000002
1,2777
1,377
1,0816000000000001
1,0469
1,0629000000000002
1,202
1,5069000000000001
1,1409
1,202
1,3839
1,1974
1,3888
1,4832
1,0953
1,1413
1,1666999999999998
1,1598
2,0487
1,3824
1,1157000000000001
1,1440000000000001
1,32
1,4986000000000002
1,3902
1,0405
1,0575999999999999
1,0396999999999998
1,0504
1,4398
1,1192000000000002
1,2315
1,1058999999999999
1,1083
1,3067
1,6035000000000001
1,2897
1,1378
0,9958
0,9909000000000001
1,3944999999999999
1,0062
1,0044
1,0107
1,6004
1,5486
1,375
1,0202
1,3190000000000002
1,2947
0,9864999999999999
1,3885
1,0112
1,0201
1,031
1,0656
1,5537999999999998
1,3832
1,0827
1,0607
1,0795
1,0731
2,0079
1,1713
1,1296
1,156
1,1751
1,3443
2,0237
1,0813000000000001
1,0507
1,0637999999999999
1,0725
1,4667000000000001
1,5154
1,1759
1,0539
1,0629000000000002
1,2483
1,3703999999999998
1,2696
1,0672
1,0893000000000002
1,101
1,492
1,1479000000000001
1,1799
1,7185
1,4316000000000002
1,4376
1,5292999999999999
1,189
1,2426
1,1128
1,1011
1,4710999999999999
1,1302
1,1180999999999999
1,1315
1,4093
1,9868
1,595
1,1778
1,2172
1,2558
1,1863
1,6222999999999999
1,2277
1,2291999999999998
1,2217
1,4867000000000001
1,5991
1,5935000000000001
1,2233
1,1924
1,2093
1,2105
1,6345999999999998
1,2049
1,1915
1,1483
1,3445
1,9218
1,9276
1,4124999999999999
1,3311
1,3914000000000002
1,2159
1,5173999999999999
1,1266
1,1221
1,1332
1,2696999999999998
1,3192
1,6089
1,5973000000000002
1,2082
1,2363000000000002
1,2535
1,6469
1,2293
1,1965000000000001
1,1019
1,1252
1,4202
1,3834
1,0965
1,3264
1,2390999999999999
1,2651
1,535
1,1159
1,1257000000000001
1,1129
1,1096000000000001
1,3048
1,6463
1,1237000000000001
1,1118000000000001
1,1419
1,4053
1,665
1,1954
1,1307
1,1514
1,1644999999999999
1,3282999999999998
1,4699
1,2703
1,1293
1,1139
1,1379000000000001
1,7268
1,3002
1,1971
1,1491
1,1514
1,3538000000000001
1,4836
1,1184
1,1078999999999999
1,174
1,1178
1,504
1,1166
1,2666000000000002
1,296
1,1602999999999999
1,2137
1,3219
1,0099
1,0147000000000002
1,0212
1,0106
1,7363000000000002
1,0163
1,0266
1,0939
1,0646
1,4687999999999999
1,5977999999999999
1,0635
1,0938
1,1111
1,0944
1,5716
1,1795
1,062
1,1036
1,1166
1,2553
1,4737
1,3548
1,2662
1,1463
1,1369
1,5324
1,1159
1,0974
1,2767
0,9877
1,1827
1,2771
1,0086
0,9939
1,0415999999999999
1,3918
1,5463
1,0694000000000001
1,0925
1,2429999999999999
1,1189
1,4322
1,4407999999999999
1,072
1,0814
1,0797
1,0583
1,5409
1,244
1,2039
1,0782
1,0602
1,2795
1,4668
1,4524
1,0679999999999998
1,0663999999999998
1,0653
1,4844000000000002
1,0752
1,1708
1,2829
1,2261
1,2332
1,3359999999999999
1,0345
1,1258
1,0121
1,0049
1,3932
1,0146
1,0058999999999998
1,019
1,0823
1,2081
1,5605
1,116
1,0537
1,0781
1,0961
1,6102
1,0792
1,055
1,0862999999999998
1,0663999999999998
1,2669000000000001
1,4984
1,0923
1,1356000000000002
1,4176
1,0724
1,4809999999999999
1,1640000000000001
1,3294
1,2811000000000001
1,2563
1,6173
1,7130999999999998
1,0632000000000001
1,0134
0,9852000000000001
1,2027999999999999
1,5677
0,9896
0,9898000000000001
1,3583
1,1222
1,1933
1,2993
0,9901000000000001
0,9928999999999999
0,9823
1,0424
1,381
1,0288000000000002
1,2352
1,251
1,0202
1,3056
1,3010000000000002
1,0051
1,1226
0,9758
0,9687
1,3538999999999999
1,0267
1,0292999999999999
1,0472000000000001
1,0634
1,4448
1,6784000000000001
1,2114
1,0682
1,0707
1,0317
1,3657000000000001
0,9853999999999999
0,9771999999999998
0,9985
1,0053
1,1953
1,2988
0,9741
1,2268
1,199
1,2158
1,4827
1,0885999999999998
1,0614000000000001
1,0853
1,0983
1,2198
1,3612
1,0151
1,0061
1,0186
1,0142
1,7548
1,2815999999999999
1,2629
1,0222
1,0311000000000001
1,2087
1,3303
1,0257
1,1403999999999999
1,0093999999999999
1,0234
1,5192999999999999
1,0778999999999999
1,2245
1,4237
1,1092
1,3163
1,5041
1,1214
1,1313
1,1125
1,2572
1,5142
1,1056
1,1119999999999999
1,0966
1,1987
1,7046
1,416
1,0373999999999999
1,0759
1,0966
1,1019999999999999
1,8319
1,4005999999999998
1,2703
1,2175
1,238
1,5487000000000002
1,9392
1,3584
1,1502999999999999
1,121
1,1618
2,1283
1,2747
1,2812999999999999
1,8061
1,2205
1,9285999999999999
2,121
1,1296
1,2171
1,0128
1,0486
1,479
1,0233
1,0085000000000002
1,0074999999999998
1,0082
1,2133999999999998
1,3256999999999999
1,153
1,3002
1,0078
1,027
1,3886
1,0661
1,1775
1,0338
1,0308
1,211
1,3502
1,0071999999999999
1,0541
1,0804
1,1275
1,8949
1,0314
1,0218
1,0452000000000001
1,1314
1,2424
1,3606
1,0787
1,1306
1,1018
1,1869
1,6419
1,306
1,6239
1,2124
1,2375
1,8758
1,6111
1,127
1,1027
1,0773
1,0777
1,4607
1,0933
1,0801999999999998
1,3787
1,2985
1,3339
1,6628999999999998
1,1118000000000001
1,1308
1,1378
1,1444999999999999
1,5252
1,2905
1,1119
1,1037
1,1541
1,6609
1,4685
1,1413
1,1286
1,141
1,1334
1,5398
1,1284999999999998
1,1137
1,4609
1,1427
1,4199
1,6972999999999998
1,2003000000000001
1,2206000000000001
1,1303999999999998
1,175
1,6202
1,1752
1,1589
1,1578000000000002
1,7593
1,4809999999999999
1,5597
1,4968
1,2455
1,2893
1,2359
1,665
1,2113
1,2352999999999998
1,2159
1,4616
1,4066
1,5330000000000001
1,4215
1,5126
1,2866
1,1341
1,4733
1,1076000000000001
1,0995
1,0903
1,1425999999999998
1,4223000000000001
1,4317
1,1926
1,181
1,2722
1,6122
1,6048
1,2198
1,1624
1,1803
1,1388
1,3484
1,4263
1,1467999999999998
1,1360999999999999
1,1684
1,1475000000000002
2,2247999999999997
1,3732
1,2218
1,2151
1,2532
1,3468
1,5656
1,0653
1,0606
1,0667
1,0607
1,4329
1,1969
1,4609
1,0688
1,0876
1,2767
1,4211
1,0867
1,1077000000000001
1,0609
1,09
1,4969000000000001
1,1765
1,3602
1,3623999999999998
1,5527
1,3631
1,5368000000000002
1,1458
1,1069
1,0994
1,0782999999999998
1,4635
1,1057000000000001
1,0988
1,0875
1,0977000000000001
1,5242
1,8863
1,1433
1,15
1,1406
1,2011999999999998
1,6044
1,171
1,091
1,1163
1,1517000000000002
1,3487
1,9866
1,5709
1,1962
1,1398000000000001
1,1311
1,5385
1,1139
1,0822
1,0965
1,1378
1,3197
2,1465
1,3729
1,3728
1,1805999999999999
1,1522999999999999
1,5572
1,204
1,0758
1,0608
1,1029
1,2966
1,3687
1,1877
1,1168
1,0994
1,3512000000000002
1,7918999999999998
1,2035
1,2416
1,1705
1,1978
1,3773
1,5292999999999999
1,1908
1,2994
1,139
1,1946999999999999
1,8523999999999998
1,3068000000000002
1,1875
1,135
1,1439
1,3369
1,42
1,1119
1,0933
1,1611
1,1115000000000002
1,5991
1,143
1,5719
1,2501
1,5727
1,7119
1,4251
1,0856999999999999
1,071
1,0751000000000002
1,0774000000000001
1,4345
1,0376999999999998
1,0368
1,0345
1,3641
1,3538999999999999
1,6051
1,1291
1,1032
1,1019999999999999
1,1551
1,5866
1,1542
1,101
1,1297
1,0908
1,2785
1,8269
1,2753
1,0356
1,0099
1,0143000000000002
1,4088
1,0196
0,9984
1,0595999999999999
0,9879000000000001
1,2168
1,3975000000000002
1,0917999999999999
1,2135
1,5537
1,1095
1,4865
1,1036
1,031
0,9771999999999998
1,0063
1,1975
1,314
0,9616
0,9692000000000001
0,9675
0,9863000000000001
1,5709
1,9078000000000002
1,0476999999999999
1,0773
1,0581
1,2563
1,4101000000000001
1,22
0,9955
1,0147000000000002
0,9947
1,3680999999999999
0,9836999999999999
0,966
1,2878
1,1078999999999999
1,1829
1,3912
0,9935
1,0510000000000002
1,1023
1,0165
1,441
1,0423
1,0242
1,0348
1,0745
1,2907000000000002
1,5601
1,0542
1,1804000000000001
1,018
1,0410000000000001
1,4627
1,13
1,0019
1,0713000000000001
1,0891
1,219
1,3684
1,0723
1,0937
1,3235000000000001
1,0901999999999998
1,5093
1,0493
1,1
1,6102
1,0864
1,2261
1,3169
0,9956999999999999
0,9873
1,0215999999999998
1,0223
1,678
1,1516
1,0936
1,0862999999999998
1,1089
1,3852
1,3854
1,0394
1,0252
1,0309
1,0396999999999998
1,5125
1,0402
1,0467
1,2648
1,1474
1,2335
1,4406
1,292
1,0006
1,0050000000000001
1,035
1,4213
1,0259
1,0209
1,0473999999999999
1,0235
1,194
1,851
1,0437
1,0514999999999999
1,1415
1,0542
1,4723
1,0652000000000001
1,0096
0,9666
1,0138
1,193
1,2477
0,9504
0,9499000000000001
1,3292
1,0179
1,4408999999999998
1,5996000000000001
1,0284
0,9833000000000001
1,0424
1,2157
1,3426
1,0224
1,0259
1,0131999999999999
1,0429
1,5951
1,1398000000000001
0,9783000000000001
1,3424
1,1678000000000002
1,1934
1,2178
0,8996
0,8989
0,9007000000000001
0,9232
1,3018999999999998
0,919
0,8961
0,888
1,0302
1,4143000000000001
1,5661
1,0115
0,9737
1,0022
1,001
1,3996
1,0172
1,0348
0,9501
0,9833999999999999
1,1433
1,2631999999999999
0,9729
1,2589000000000001
1,0333
0,9165
1,2918999999999998
0,9395
0,9351999999999999
0,9277000000000001
0,957
1,158
1,6386
1,3946
1,2529
0,9467
1,1542
1,7389000000000001
0,9585
0,9536
0,9592
0,9823
1,1712
1,2757999999999998
1,0816000000000001
0,9716
0,9736
0,9596
1,3454000000000002
0,9538
0,9825
1,3537
1,1522999999999999
1,2550000000000001
1,4053
1,0047000000000001
0,9783000000000001
1,0218
1,2523
1,2833
0,9337
0,9388000000000001
0,934
0,9626
1,1612
1,5909
1,1032
0,9481
0,9454
0,9757
1,3392
0,9848999999999999
1,0808
0,9721000000000001
0,9753000000000001
1,1739000000000002
1,2795
1,0214
1,0537
1,3002
1,5482
1,5626
1,1169
1,0334
1,0324
1,3751
1,3053
1,2725
0,9700000000000001
0,9462
1,0002
0,9589000000000001
1,348
1,1799
1,1605999999999999
0,944
0,9520000000000001
1,1758
1,2806
1,0840999999999998
0,9531999999999999
0,9607
0,9715
1,3303
0,9602999999999999
0,9905999999999999
0,967
0,9628
1,3136
1,5591
0,9790000000000001
1,008
1,0312999999999999
1,2329999999999999
1,7815999999999999
1,2301
1,2435
1,2355999999999998
1,2773999999999999
1,3433
1,6624999999999999
1,4301
1,3441
1,3707
1,2072999999999998
1,4205999999999999
1,0074999999999998
1,016
0,9824
1,0071999999999999
1,1574
1,9770999999999999
0,9539000000000001
1,2041
1,1604
1,0164
1,4162000000000001
1,077
1,0092
0,9744
1,0306
1,2194
1,2523
0,9445
1,2114999999999998
0,9459
0,9724999999999999
1,5026
1,3254
1,0668
0,9317000000000001
1,0227000000000002
1,1197
1,26
0,9023
0,9066000000000001
0,9064
0,9289
1,4155000000000002
1,0135
1,0121
0,9928
1,1032
1,5723
1,3735
1,0211000000000001
0,9626
1,0167
0,9378000000000001
1,2654999999999998
0,9194
1,06
1,0388000000000002
0,9579
1,1339
1,2396
0,9581999999999999
1,2493
1,1676
1,0701
1,4345
1,0202
1,004
1,0062
1,0167
1,2061000000000002
1,4525000000000001
1,1164
0,9224
0,9464
0,9221
1,4825000000000002
1,2405000000000002
1,0565
0,9051
0,9301
1,0967
1,2063
0,9083
0,9458
0,9790999999999999
0,9366
1,2921
1,0219
1,0024000000000002
1,0159
1,1338
1,5836
1,4413
0,971
0,9904000000000001
1,0164
0,9508
1,3106
1,0512
0,9308
0,9179
0,9393
1,1006
1,2165
0,9232
1,1067
1,1966999999999999
0,9879000000000001
1,4312
1,0171
1,0065
1,0244
1,0019
1,339
1,2114999999999998
0,9255
0,9529
0,9467
0,9076000000000001
1,2772000000000001
1,2049
1,0655000000000001
0,8994
0,9002
1,0839
1,2046
0,875
0,8769
1,4394
0,8772
1,2549
0,8771
0,8635
0,8573
0,866
1,1693
1,4936
0,9004
0,8613
0,8501
0,8649
1,2266
0,8669
0,9182
0,8484999999999999
0,8704000000000001
1,0602
1,1747999999999998
1,0219999999999998
0,8753
0,9141
1,0352000000000001
1,6395
1,0379
0,9424
0,9600000000000001
0,9875
1,181
1,361
0,9456
0,9538
0,9793000000000001
0,9787999999999999
1,4402
0,9840999999999999
1,0832000000000002
1,0965
1,3471
1,274
1,2387
0,9175
0,9150999999999999
0,9168
0,9380000000000001
1,3037
0,9552999999999999
0,9322999999999999
0,9237
0,9873
1,6902
1,4557
1,2144
1,1073000000000002
0,9674
0,9964999999999999
1,4813999999999998
0,9621999999999999
0,9222
0,9269999999999999
0,9684
1,1464999999999999
1,2453
0,9466
1,0177
0,9424
0,944
1,7925
1,0598999999999998
0,9913000000000001
1,0403
1,0761
1,2179
1,4043
0,9993999999999998
1,0167
1,0212999999999999
1,1266
1,4683000000000002
0,9908
1,0149
1,2121
1,1055
1,1749
1,4289
0,9954000000000001
1,0138
1,0275
0,9805
1,4037
0,969
1,2107999999999999
0,9964
1,0241
1,1988999999999999
1,625
1,1169
1,0318
1,0098
1,0193999999999999
1,3969
0,9914999999999999
1,0164
0,9742000000000001
1,0002
1,7722
1,3342
1,0778999999999999
0,9552999999999999
1,2394999999999998
1,0352000000000001
1,3817
0,9658
0,9982000000000001
0,9545
0,9864999999999999
1,1789999999999998
1,327
1,1615
0,9429
0,9734
0,9836
1,375
1,0861
1,1039
1,0507
0,9507
1,1251
1,2113
0,9280999999999999
0,8883
0,8865000000000001
0,9079
1,3718000000000001
0,9346
0,9313
0,9955
1,0044
1,1733
1,5774000000000001
1,0588
1,0023
0,98
0,9905999999999999
1,371
0,9257
0,9102
0,9537
0,9332
1,1336
1,2229999999999999
0,9178
0,9056
0,8994
1,4185999999999999
1,8004
0,9845999999999999
0,9708
0,9334
1,0039
1,1627
1,3688
0,9261999999999999
0,8951
0,8838
0,8947
1,2983
0,9353
1,1071
1,3110000000000002
0,9996
1,1144
1,2522
0,9297
0,9193
0,9303
1,0013
1,3359
0,9460999999999999
0,9202
0,9817999999999999
1,0776
1,2266
2,1125
1,1588
1,0916000000000001
1,1571
1,1337000000000002
1,6999
1,1586999999999998
1,0904
1,0679
1,1137
1,4485999999999999
1,753
1,0942
1,3027
1,1100999999999999
1,4174
1,9669
1,6992
1,6985
1,1058999999999999
1,1038000000000001
1,3207
1,3688
1,0005000000000002
0,9411
1,0363
0,9234
1,2947
0,9119
0,9062
0,907
0,9092
1,1456000000000002
1,2187999999999999
0,9322999999999999
0,9273
0,9458
1,0542
1,3441
1,0767
1,3573000000000002
0,9778
0,9132
1,1047
1,2465
0,9245
0,9043
0,8956
0,9049
1,2493
0,8906
0,9183
0,9973
0,9083
1,1563
1,5778999999999999
1,1149
1,0066000000000002
0,975
1,0393
1,4219
1,0223
0,9610000000000001
0,9428000000000001
0,9732999999999999
1,1973
1,3639
0,9097000000000001
0,9198999999999999
0,9173
1,1659000000000002
1,4714
0,9695
1,0909
1,021
1,0637
1,2327
1,3611
1,0131999999999999
1,0165
1,6292
1,1731
1,4481
1,1502999999999999
1,1901
1,0029
1,0003
1,21
1,3975000000000002
0,9285
0,9208999999999999
0,9251
0,9325
1,375
0,9301999999999999
0,9418
0,9228
0,9576
1,2558999999999998
1,5951
1,2144
1,0129
1,0016
1,0004
1,4146
1,0244
1,0028000000000001
1,218
1,0222
1,1755
1,3243
1,0289
1,1086
1,1957
1,0485
1,2918999999999998
0,9162
0,9264
0,9152
0,9563
1,1814
1,3328
0,9186
0,9107
0,9443
0,9909999999999999
1,4016
1,1397
1,4422
1,2165
0,9946
1,1312
1,3528
0,8926999999999999
0,8779
0,9264
0,8972
1,2648
0,9233
0,9201
0,9054
0,9346
1,2753
1,5292999999999999
0,962
1,0185000000000002
0,9785
1,0106
1,4024
0,9824
1,0588
0,9581999999999999
1,0349000000000002
1,2084000000000001
1,338
0,9462
0,9669
1,2687
1,1401000000000001
1,3246
0,9022
0,8886999999999999
0,9265
0,9369
1,131
1,2068
0,8972
0,9015
0,907
0,9507
1,3806999999999998
1,0206
1,2042000000000002
1,1302
0,9963000000000001
1,153
1,3309000000000002
0,9723
0,8931
0,875
0,8876
1,2754999999999999
0,893
0,8796
0,9008
0,9346
1,2561
1,7562
1,1457
0,933
0,9345
0,9379
1,4915
0,9829000000000001
0,9875
0,9639
0,9726999999999999
1,1638
1,2537
0,9282
1,0527
0,9418
1,0744
1,6669
0,9629000000000001
0,948
0,9474
1,0078
1,1540000000000001
1,2664
0,9652999999999999
0,9594999999999999
0,9594999999999999
0,9669
1,4986000000000002
1,2818
1,3209
1,1511
1,0404
1,27
1,4698
0,9594
0,9365
0,9525
1,0527
1,3265
0,9717
1,0459
0,9948999999999999
0,9858
1,3247
1,5783
1,0413
1,0322
1,1364999999999998
1,0077
1,4038
1,0177
1,0156
1,045
1,0426
1,7449
1,3631
1,0044
1,2516
1,1296
0,9813000000000001
1,3370000000000002
0,9432
0,9426
0,9359000000000001
0,9632
1,1382
1,2476
0,9453
1,0212999999999999
1,0112
1,0019
1,3667
1,2586
1,0621999999999998
0,9594
1,1151
1,1993
1,3188
0,9074000000000001
0,9193
0,9276
0,9391999999999999
1,3301
0,9176
0,9406
0,9086
0,9010999999999999
1,3991
1,4614999999999998
1,1993
0,9523999999999999
0,9763999999999999
0,9397
1,5166
0,9568
0,9583
0,9198999999999999
0,8815000000000001
1,0819
1,1744999999999999
0,8627
0,8616999999999999
1,0186
1,0690000000000002
1,3146
0,8833
0,8521
0,8502
0,8445
1,0492
1,1525
0,8487
0,8671
0,846
0,8402999999999999
1,289
0,953
0,9174
0,8943
1,1599
1,087
0,9636
0,9962000000000001
1,0196999999999998
1,2442
0,8241999999999999
0,8271
0,8311
0,9348
0,8373
1,2052
0,8391
0,8326
0,8503999999999999
0,8712000000000001
1,5685
1,0536
0,9135
0,9424
0,9407000000000001
1,0132999999999999
1,2776
0,9064
1,2992
0,9583
0,8350000000000001
1,2035
0,8503000000000001
0,8608
0,8646
0,8516
1,2628
1,3663
0,8482999999999999
0,8516
0,8384
0,8451
1,1972
0,8911
0,9113
0,8474
0,843
1,028
1,1161999999999999
0,8962
0,9169999999999999
0,8821
1,0085000000000002
1,2316
1,0036
1,3381
0,9201
0,9144
0,864
0,9424
1,2669000000000001
0,8034
0,7846
0,7857
0,8072
0,825
0,8703
0,9798000000000001
1,2271999999999998
1,1604
1,0177999999999998
0,9368
0,9264
1,3915
0,9356
1,0926
0,9105
0,9425
1,1127
1,1129
0,8348
0,8352999999999999
0,8473
0,8413999999999999
0,8506
1,5437999999999998
1,0049
0,8367
0,8507
0,8432999999999999
1,4866
1,1042
0,8048000000000001
0,8667
0,8515
0,8400000000000001
1,2976
0,8564
0,9483
0,8635999999999999
0,8677999999999999
1,0589
1,5468000000000002
0,885
0,9596
0,8949
0,9004
1,2017
0,9063
0,9031
0,9343
0,9009
0,898
1,1999
1,138
0,9167
0,9167
1,1167
1,4959
0,9237
0,9488
0,9858
0,929
1,0903
1,2249999999999999
0,9391999999999999
0,9343
0,9237
0,9218
1,4149
0,9219
0,9102
0,9785
1,2042000000000002
1,2143
1,237
0,9599
0,9017
0,8623
0,8735
1,25
0,9176
0,8845
0,884
1,161
1,2892
1,3229
1,0076
1,1962
1,0692
0,9775999999999999
1,338
0,9836999999999999
0,9364
0,9496
0,9095000000000001
1,1144
1,2184
1,1329
0,9268
0,9456
0,9179
1,4446
1,2454
1,1139
1,0253
1,0336
1,193
1,3567
0,9833000000000001
1,0089000000000001
0,9632
1,0668
1,4321
0,9562
0,9312
0,9177000000000001
1,0349000000000002
1,3944
1,2902
0,9158000000000001
0,9538
0,954
0,8949
1,3064
0,9039999999999999
1,0353
0,9126
1,4910999999999999
1,4537
1,3519999999999999
1,36
1,0993000000000002
0,9485
0,9479
1,426
0,9892
0,9483999999999999
0,9557
1,2445
1,2522
1,2663
0,9507
0,9656
0,9659
1,1251
1,7994
0,9765
0,9394
0,9560000000000001
1,0046
1,2197
1,2895
0,9696
0,9819
0,9843000000000001
1,0031
1,4037
1,0141
1,0024000000000002
1,3561999999999999
1,0729
1,2596
1,4237
1,0989
1,0767
1,1681000000000001
1,0709
1,4797
1,0803
1,0537
1,0192
1,0637
1,9534
1,6684
1,1417000000000002
1,0917
1,0884
1,0055
1,4477
1,0423
1,0509
1,02
1,0253
1,1888
1,4442000000000002
1,3535000000000001
1,4747000000000001
1,1038000000000001
1,1328
1,6666999999999998
1,1611
1,0196
1,0427
0,9803
1,1499
1,2557
0,9499000000000001
1,1815
0,9974000000000001
1,1183
1,4845
1,001
0,9719000000000001
0,9724999999999999
0,9757
1,1539
1,3625
1,0164
1,0068
1,048
1,0112999999999999
1,6054000000000002
1,3702
1,2128
1,2205
1,4885
1,3381999999999998
1,2944
0,9499000000000001
0,9732999999999999
0,9344
0,9495
1,4416
1,0648
0,9459
1,0868
1,5083
1,2273
1,3877
1,0790000000000002
1,002
1,0206
1
1,4137
0,9502999999999999
0,9259999999999999
1,2812
1,1232
1,1360000000000001
1,4228
1,1869999999999998
0,9127000000000001
0,9571000000000001
0,9650000000000001
1,3335000000000001
0,9231
0,9001
0,8964
0,9177000000000001
1,1383
1,3343
0,9411
1,0043
1,0206
1,0395999999999999
1,7895
0,9859000000000001
1,0463
1,0001
1,0261
1,1608
1,3499
0,9756
0,9890000000000001
1,0781
0,954
1,4002999999999999
0,9842
0,9758
1,1874
1,0851000000000002
1,3034
1,3600999999999999
0,9906999999999999
0,9847
0,9781
0,9864999999999999
1,3443
0,9169999999999999
0,9062
0,9448
0,9273
1,1286
1,2777
1,3675
1,2431
1,0669
0,898
1,2777
0,8884
0,8846999999999999
0,903
0,9021
1,177
1,2026000000000001
0,9779999999999999
0,9942
0,9969
0,9959999999999999
1,6899
0,9897
0,9817999999999999
0,9794
0,9919
1,1535
1,2483
0,9203
0,9642000000000001
0,9169
0,9328
1,2952000000000001
0,9383
0,9227000000000001
0,9882999999999998
1,3906
1,3146
1,382
1,0394
1,0309
0,988
1,0437
1,4221
0,9346
0,8992
0,9152
0,9248000000000001
1,0835000000000001
1,1963
1,0589
1,2752
1,0146
0,9156000000000001
1,2654
0,8749
0,8497
0,8478
0,8603999999999999
1,044
1,1715
0,8725999999999999
0,871
0,9372
0,9487
1,3536
1,7071
1,1004999999999998
0,9647
0,992
1,1339
1,3417
0,9897
0,8825000000000001
0,8798
0,8961
1,28
0,9518000000000001
0,9157
0,9324
0,9333
1,3145
1,5747
0,9713999999999999
0,9644
0,9875999999999999
0,9833000000000001
1,502
0,9939
0,9986999999999999
0,8848
0,9049
1,0673
1,196
0,8871
0,8865000000000001
1,0138
1,3062
1,3567
1,1096000000000001
0,9208999999999999
0,9787999999999999
0,9523999999999999
1,1096000000000001
1,1994
0,9441999999999999
0,9522
0,8961
0,9701
1,4728
1,0372999999999999
1,1638
1,2098
1,0233
1,2002
1,5771
1,2271999999999998
0,9425
0,9405
0,9420999999999999
1,3345
0,9470999999999999
0,9181
1,3247
1,1373
2,0667
1,8453
1,1695
1,4892
1,2616999999999998
0,9597
1,3924
1,0013999999999998
0,9339
1,0151999999999999
0,9138
1,0892
1,2158
1,1514
1,1502999999999999
0,9380999999999999
0,9263
1,3655
0,9240999999999999
0,9224
0,9108999999999999
0,9333
1,1329999999999998
1,2317
1,0219999999999998
0,993
1,0097
1,0491000000000001
1,7651
1,125
1,0223
1,1149
1,0312
1,2297
1,3835
0,9978999999999999
1,042
1,0095
1,5303
1,4247
0,9924999999999999
1,0343
1,1997
1,0865
1,1613
1,2528000000000001
0,9231
0,9141
0,9349000000000001
0,9108999999999999
1,3554000000000002
1,0939999999999999
1,0043
1,0028000000000001
1,0035
1,2091999999999998
1,441
1,1591
1,1253000000000002
0,9775
0,9420000000000001
1,524
0,9429
0,9361
0,9198999999999999
0,9214
1,2358
1,2396
0,9994999999999999
1,0027
1,0478
1,1381
1,8381
1,019
1,01
1,0303
1,0173999999999999
1,2247
1,3754
1,1327
1,0249
1,0025
1,0182
1,4224
1,0281
1,1107999999999998
1,1705999999999999
1,0181
1,1783
1,3312
0,9751
1,0006
1,0208000000000002
1,1245999999999998
1,3072
0,9282999999999999
0,9301
0,9142
0,9231
1,1061
1,3697
1,1339
0,9269000000000001
1,0122
0,9875999999999999
1,4155000000000002
0,9844999999999999
1,2828
1,2094
1,0104
1,1739000000000002
1,3495
0,9989
0,9961
1,113
1,2474999999999998
1,4364
0,9943000000000001
0,9884
1,0026
1,0050000000000001
1,5151
1,3674
0,9853999999999999
0,9520000000000001
1,0013
0,9654
1,4434
1,0971
1,0292999999999999
1,0097
0,9722
1,1424
1,3343
1,0985
1,2116
1,0395999999999999
0,9999
1,4882
1,0233
1,0215
1,0617
1,2129
1,6968
1,512
1,1739000000000002
1,0528
1,0388000000000002
1,2609
1,677
1,4733
1,0541
1,5411
1,6135
1,5612
1,5187
1,0322
0,9425
0,9375
0,9259999999999999
1,3266
0,9372
0,9211999999999999
0,915
0,9385
1,0875
1,244
0,8744
0,878
1,0701
1,1078999999999999
1,2767
0,91
0,9506
0,9111
0,9215
1,1296
1,1908999999999998
0,9565
0,9797
0,9890000000000001
1,1554
1,4417
1,0087
1,2442
1,1897
1,0258
1,1318000000000001
1,25
0,9455
0,9365
0,9896
0,9609
1,3290000000000002
0,9626
1,1286
1,012
1,0246000000000002
1,2023
1,5579
1,0378
1,0759
1,0112999999999999
1,0539
1,4552
0,9988
1,0205
1,0089000000000001
1,219
1,6777
1,4635
1,2932
1,2126000000000001
1,0953
1,0041
1,3542999999999998
0,973
1,0024000000000002
0,9814999999999999
0,9936
1,1823000000000001
1,6496
1,0172
1,0624
1,0285
1,062
1,8491
1,2201
1,0443
0,9651
1,0054
1,3904
1,2641
0,9557
1,0444
1,1360000000000001
0,9875999999999999
1,4488999999999999
1,045
1,0317
1,2725
1,2622
1,2082
1,3772
0,9969
1,0063
0,9554
0,9610000000000001
1,3904
0,9616
0,9748
0,9363
0,9535
1,1368
1,366
1,3815
1,0612
1,0418999999999998
1,0384
1,4287
1,0055
1,0226
1,0792
0,963
1,1443
1,2255
0,9278
0,9642000000000001
0,9257
1,3665
1,5996000000000001
0,9742000000000001
0,9775999999999999
1,0243
1,0231999999999999
1,1639000000000002
1,2785
0,9564
0,9637
0,9541000000000001
0,9623999999999999
1,4478
1,0282
1,27
1,3702
1,0508
1,2242
1,3545
1,0457999999999998
0,9408
0,9389
0,9364
1,3316000000000001
0,9694
0,9231
0,9174
0,9387
1,2689000000000001
1,5752
1,1367
1,0282
1,0302
1,0333
1,5528
1,0022
1,014
1,0359
0,9787999999999999
1,1775
1,2689000000000001
0,9740000000000001
1,8772000000000002
1,4525000000000001
1,0271
1,4401
0,9917000000000001
0,9978
0,9956999999999999
1,0143000000000002
1,1801
1,2984
0,9782000000000001
1,1273
1,0724
0,9992
1,6455
1,1440000000000001
1,0218
1,0032
1,0054
1,2574
1,3044
0,9947
0,985
0,975
0,9823
1,508
0,9848000000000001
0,9936999999999999
1,1257000000000001
1,3948
1,2188999999999999
1,4063999999999999
1,077
1,0064
0,9989
1,0287
1,4149
0,9801
0,9819
1,0613000000000001
0,9501
1,1586999999999998
1,3125
1,2924
0,9936
0,9380999999999999
0,9985
1,3240999999999998
0,9512999999999999
0,9234
0,9677
0,9374
1,1512
1,3609
1,385
0,9768000000000001
0,9879000000000001
1,1166
1,5974
1,0099
1,1157000000000001
0,9855
0,9959999999999999
1,2175
1,3651
0,9789
0,9896
1,1109
0,9881
1,3993
1,0037
1,0726
1,3377000000000001
1,099
1,2711000000000001
1,3725
1,0467
1,0499
1,0583
1,0961
1,4662
0,9847
0,9886999999999999
0,9882999999999998
1,0174999999999998
1,3168
1,8515000000000001
1,0436
1,0099
1,0123
0,9999
1,3946
1,0172
1,0103
1,0356
1,0103
1,1776
1,3981
1,1932
1,1901
1,6279000000000001
1,2773
1,4293
1,009
0,9468
0,9365
0,9679000000000001
1,1572
1,2503
0,9414
0,9395
0,9248999999999999
0,9252
1,4423000000000001
1,4488999999999999
1,0746
1,0118
1,002
1,1961000000000002
1,3654
1,037
1,0238
0,9397
0,9337
1,3056999999999999
0,9502999999999999
0,9237
0,9056
1,1155
1,4166
1,2243
0,9509
0,958
0,9025
0,8974
1,2682
0,9146
0,8928
0,8938
0,9449000000000001
1,1208
1,2976999999999999
0,9411
1,2187999999999999
1,0705
1,0383
1,3520999999999999
0,9584
0,9761000000000001
0,9687
1,0814
1,2021
1,3149
0,9827
0,9931
1,0067
1,0125
2,1385
1,1098
1,0176
1,0126
1,0176
1,2503
1,449
0,9848000000000001
1,008
0,9586
0,9489000000000001
1,3298999999999999
0,9263
0,9993999999999998
0,9282
1,0401
1,4161
1,2127
0,8981
0,8983
0,8783000000000001
0,9781
1,2508000000000001
0,8831000000000001
0,8738
0,8672000000000001
0,8729
1,0764
1,4652
0,9125
0,9460000000000001
1,4368
1,0617999999999999
1,3702
0,9618
0,9917000000000001
0,9460999999999999
0,8871
1,0739
1,1939
0,8754000000000001
0,8723
0,8738
1,0064
1,2729
0,9008
1,0533000000000001
1,0848
0,9990000000000001
1,1271
1,3783
0,9253
0,9405
0,9873
0,9844
1,2973
0,9083
0,919
1,1921
0,9912
1,1025
1,3557000000000001
1,0724
0,8727
0,8635
0,9321
1,2519
0,859
0,8527
0,8824
0,8982
1,0970000000000002
1,1257000000000001
0,9102
0,8611
0,8873000000000001
0,9522
0,9521
1,5713000000000001
1,0229
1,0173
0,9238999999999999
0,9610000000000001
1,427
0,9351
0,948
0,9468
0,9299
1,4142
1,3011
0,9498
0,9908
1,1184
1,042
1,5263
0,9794
0,9278
0,9285
0,9518000000000001
1,1081999999999999
1,2911000000000001
0,9351
1,0285
0,9225
0,9454
1,324
0,9192
1,0695999999999999
1,2423
1,0122
1,0995
1,1885000000000001
0,8641
0,8638
0,8763
0,8712000000000001
1,2378
1,3353
0,9254
1,17
1,2830000000000001
1,0831
1,8163
0,9726999999999999
0,9997
0,8658
0,9044
1,2432999999999998
0,874
0,8506
0,9682000000000001
0,8751
1,1018
1,1874
0,902
0,8924
0,9100999999999999
1,0542
1,8001
0,9439
0,9748
1,0034
0,9809
1,2014
1,3039
1,0861
0,8608
0,8523
0,8697
1,2283000000000002
0,8923
0,8644
0,8639
1,2777
1,2215
1,1488
0,8539
0,8314
0,8448
0,858
1,3265
0,8463999999999999
0,8603999999999999
0,8434999999999999
0,8498
1,0492
1,2769000000000001
0,9294
1,2508000000000001
1,5184
0,9953
1,4717
1,003
1,0139
1,0235999999999998
1,1368
1,0778999999999999
1,1879
0,8834
0,8751
0,8758
0,9026000000000001
1,2854999999999999
1,1558
1,1421000000000001
0,9916
1,0211000000000001
1,1540000000000001
1,3205
1,2095
0,993
1,0053
0,9072
1,2818
0,9225
0,9218
0,9282
0,9634
1,3868
1,5261
0,9266
0,9129
0,9211999999999999
1,0579
1,8266
1,2419
1,2095
1,1984000000000001
1,1741
1,3095999999999999
1,3339999999999999
1,1189
1,1826
1,0195
1,019
1,4400000000000002
1,5591
1,3752
0,9853
1,2795
1,3835
2,1157
1,0336
1,1036
1,4188
0,9541000000000001
1,323
0,941
0,9288000000000001
0,9362
0,9439
1,1078999999999999
1,2072999999999998
0,9353
0,9387
1,1842000000000001
0,8883
1,2759
0,8912
1,0792
1,0292999999999999
0,8775000000000001
1,0452000000000001
1,1553
0,8478
0,8793
0,8333
0,8431
1,1923000000000001
0,8722
0,8682
1,1163
0,9322
1,1153
1,315
1,1464999999999999
1,0703
0,9346
0,9942
1,3476
0,9276
0,903
0,8561000000000001
0,8626
1,0495999999999999
1,2705
0,8452000000000001
0,8579
0,8431
0,8442999999999999
1,2288
1,2363000000000002
0,9867000000000001
0,9236
0,8931
0,9084
1,0614999999999999
1,418
0,9326
0,954
0,8876
1,1797000000000002
1,0453000000000001
1,2238
0,8394999999999999
0,8599
0,9794999999999999
1,0745
1,3811
0,8722
0,8914
0,9084
0,8455999999999999
0,9265
1,1752
0,8869
0,9782000000000001
0,8576
0,8771
1,2614
0,9344
0,9268
1,0307000000000002
1,2004
1,2165
1,303
0,9227000000000001
0,9401999999999999
0,9285
0,8581
1,3897
0,9238000000000001
0,8428
0,8479
0,8894000000000001
1,0843
1,1463
0,8467
0,9771999999999998
1,0936
0,9359999999999999
1,3034999999999999
0,9325
0,9244
0,9125
0,9581999999999999
1,1903000000000001
1,2465
0,8572000000000001
0,8524
0,8429000000000001
0,8584
1,2299
0,878
1,2876999999999998
1,2656
0,8502
1,0347
1,1540000000000001
0,8458
0,844
0,8543
0,9228
1,2243
0,8616
0,8849
0,8573
0,9481999999999999
1,1302
1,6079
1,1822
1,0571000000000002
0,8878999999999999
0,9165
1,3325
0,9338000000000001
0,8774
0,8876999999999999
0,8671
1,0452000000000001
1,1425
0,8801
0,8358
0,843
0,8495
1,3565
1,1594000000000002
1,0254
0,9185000000000001
0,9297
1,0943
1,2979
0,9724
0,9279
0,9023
0,8638
1,2032
0,8467
0,8210999999999999
0,8305
0,9984
1,0296999999999998
1,4266999999999999
0,9519
0,8496
0,8392000000000001
0,8467
1,2249999999999999
0,897
0,8297
0,8459
0,8458
1,0536
1,1502000000000001
0,8630000000000001
0,9012
1,4836999999999998
0,9736
1,5858
1,0826
0,9501
0,955
0,9341
1,1759
1,1446
0,8371999999999999
0,8446
0,8225
0,9813000000000001
1,2072999999999998
0,9417
0,8404
0,8321
0,8534
1,3649
1,3551
0,9337
0,9266
0,9923
0,9305
1,3457000000000001
0,9703999999999999
0,9441
0,9858
0,9728
1,3146
1,4385999999999999
0,9507
1,0617
1,2293
0,9816
1,3158
0,9606
0,8963000000000001
0,8519000000000001
0,869
1,0262
1,1287
0,8402000000000001
0,8434
0,9674
0,8796
1,2997
0,9430000000000001
1,011
1,2408000000000001
1,0556
1,1554
1,2901
0,8511000000000001
0,824
0,8261
0,8156
0,7929
0,7862
0,8007
1,2251
0,9823
1,1447
0,7988
0,8486
0,9836999999999999
1,0534999999999999
0,8744
0,8616
0,7983
0,8028
0,8415
0,9369
1,201
0,8529
0,8467
0,9452
0,8412
0,8404
0,8066
1,1289
0,8701
0,8397
1,1819
1,0642
0,8537
1,1797000000000002
0,8562
0,8545
0,8278
0,8001
0,7919
0,8451
1,193
0,8241999999999999
0,8220000000000001
0,8634
0,873
0,8838
0,8976999999999999
1,0529000000000002
0,9839
0,8709
0,9855
1,2709
0,8868
0,9204
0,8775000000000001
0,8744999999999999
1,0948
0,9058
1,3761999999999999
1,1199000000000001
0,9093
1,0575999999999999
1,103
1,9088
1,4411
0,9116000000000001
0,9452
0,9027
1,0571000000000002
1,3
1,0434
0,8704000000000001
0,8541
0,8677
1,0388000000000002
1,1633
0,9047999999999999
0,8519000000000001
1,0977999999999999
1,0201
1,2308
0,8725
0,8744
0,8305
0,8396
1,0334999999999999
1,2149
0,8455999999999999
0,8556
0,8527
0,8663
1,3347
0,9560000000000001
1,0843
1,3129000000000002
1,024
1,1277
1,3323
0,9516
0,9293
0,8698999999999999
0,8622000000000001
1,2624
0,8742
0,852
0,8448
0,8496
1,0247
1,2838
0,9399000000000001
1,2565
1,0323
0,9959000000000001
1,3941
0,9713
1,0261
0,9639
0,9853999999999999
1,171
1,2068
0,8802
0,8794000000000001
0,8785000000000001
1,3076999999999999
1,5173
1,1179000000000001
0,9174
0,8792
0,8873000000000001
1,0787
1,3406
0,8556
0,8621
0,8417
0,8558
1,2643000000000002
0,8732
0,9179999999999999
1,0032999999999999
0,9462
1,3273
1,5907
0,9339
0,9472
0,9458
1,3406
1,5432
1,0688
1,0393
1,0345
1,0371
1,3369
1,6397
1,1064
1,099
1,0784
1,0501
1,5432
1,0945
0,9498
1,8026
1,1297
1,4166
1,929
1,185
0,9629000000000001
1,1126
1,113
1,2474
0,9479
0,9711000000000001
0,8474
0,8684
1,0777
1,1681000000000001
0,8516
0,8352
0,8352999999999999
0,8574
1,2406
0,8735999999999999
0,8489
0,9448
1,2137
1,1555
1,2585000000000002
0,8553000000000001
0,8327
0,8231999999999999
0,8404
1,2017
0,8629
0,8917
0,873
0,8517
1,0447
1,1586
0,8612
0,875
1,066
1,0823
1,4955999999999998
0,9021
0,9208999999999999
0,9234
0,9133
1,1264
1,2917
0,8864
0,8426
0,8231999999999999
0,8384
1,1978
0,8711
0,8381000000000001
1,1444999999999999
1,035
1,0588
1,163
0,8383
0,8326
0,8387
0,8013
0,796
1,2135
0,8226
0,8377
0,885
0,8831000000000001
0,9798000000000001
1,381
1,2138
1,3572
0,8931
0,8622000000000001
0,8957
0,9462999999999999
0,8997999999999999
1,1596
0,8260000000000001
0,8373
0,7841
0,8005
0,8357
0,8034
1,2068
0,8118
0,8976999999999999
1,4903
0,9977
0,8556
0,9616
0,9769
1,2582
0,8548
0,8673
0,9427
0,8111
0,7923
0,7917
0,7958999999999999
0,7978
0,7957
0,7967
1,1955
1,0415
1,0229
0,8079
0,7873
0,7825
0,7984
0,79
0,7935000000000001
0,8051999999999999
0,8812
1,1111
0,7724
0,7981
0,7744
0,8103
0,8465
0,8484999999999999
0,8722
1,0595999999999999
1,0028000000000001
0,9512
1,2072
0,8350000000000001
0,864
0,8515
0,7795000000000001
0,7942
0,7992
0,7794
0,7791
0,7873
0,7858
1,1002
0,7903
0,8011
1,0362
1,099
0,957
0,971
0,7927000000000001
0,7883
0,7987
0,8281999999999999
1,1181999999999999
0,7752
0,7786
0,8141999999999999
0,766
0,7693
0,7699999999999999
0,7858999999999999
0,7795000000000001
0,7912
0,8721
1,1207
1,1116
1,0058
0,8944
0,8817999999999999
0,8882
1,1789999999999998
0,8619
0,8772
0,91
0,8394999999999999
1,224
0,8857999999999999
0,8731
0,9581999999999999
1,2014
1,0391000000000001
1,4995
1,0962
0,9621999999999999
0,9627
0,9589000000000001
1,3594
0,8769
0,8809
0,8577
0,8698999999999999
1,0146
1,1619
0,8595999999999999
0,9654
0,8509
0,8702
1,6505
1,1913
0,9663
1,1527
1,557
1,1375
1,3378999999999999
0,9881
0,8972
0,9089
0,9367
1,2751
0,9126
0,8992
0,8862
1,1657
1,1988
1,2144
1,0655000000000001
0,9467
0,967
0,9705
1,3607
0,9319000000000001
0,9632
1,0614000000000001
0,9587
1,1415
1,3079999999999998
1,0343
1,2466000000000002
1,0285
1,0788
1,3802
0,9369
0,9068
0,8738
0,8724
1,0631
1,1575
0,8717
0,8488
0,8875000000000001
0,8484999999999999
1,232
1,0278
1,0552000000000001
0,9404
1,0791
1,1292
1,2746000000000002
0,9294
0,9758
0,9435
0,9793000000000001
1,317
0,9121
0,9087999999999999
0,9137000000000001
0,9021
1,1417000000000002
1,5992
1,237
1,0001
0,885
0,9002
1,3282
0,9003
0,9034
0,8982
0,9332
1,1451
1,2871
0,9874
0,9836
0,9988
1,1950999999999998
1,6376
0,9941
0,9661
0,968
0,9742999999999999
1,0878999999999999
1,1759
0,9023
0,8892
0,8968999999999999
0,8865000000000001
1,2463000000000002
0,8798
0,8484999999999999
1,0025
1,4336
1,254
1,3079
0,9578
1,1803
0,9301
0,9649
1,5105
0,8928
0,8865999999999999
0,8537
0,8517
1,0456
1,1454
0,99
1,0585
0,901
0,9049
1,2984
0,9803999999999999
0,9121999999999999
0,9317000000000001
1,4828000000000001
1,2025
1,3002
0,8824
0,9213
0,9006
0,8823000000000001
0,912
1,063
1,0143000000000002
1,2931
0,8574
0,9188999999999999
0,9156000000000001
0,9290999999999999
0,9924000000000001
0,9060999999999999
0,9903
1,2148
0,8738
0,8618
0,8313
0,8701
0,9584
0,9972
0,9523
0,9942
0,8613
0,9372
1,2217
0,8391
1,0147000000000002
0,8391
0,8574
0,8109000000000001
0,7817
0,7961
0,7685
0,7803
0,7678
1,1777
0,7796
0,9314
1,0071999999999999
0,9412999999999999
0,7932
0,7761
0,7804
0,7701
0,9731
0,9182
1,1399
0,8264
0,8187
0,7927000000000001
0,7828
0,7945
0,8653000000000001
0,8746999999999999
0,8439
0,8478
1,1232
1,3891
0,8724
0,8237
0,8633
1,3091000000000002
0,8417
0,7694000000000001
0,7669
0,7646000000000001
0,7649999999999999
0,7936
1,0669
0,7556
0,8595
0,7961
0,7546999999999999
0,9621000000000001
1,1823000000000001
0,928
0,8582000000000001
0,8449
0,9608000000000001
1,2068999999999999
0,8502
0,8436
0,9342
0,8295
0,7384
0,7443000000000001
0,744
0,7779
0,7583
0,7409
1,0742
0,7474
1,0631
0,9372999999999999
0,7528
0,7509
0,8783000000000001
0,758
0,7614
0,7543
0,7583
1,0651
0,7528
0,7461
0,7553
0,7429
0,8363
0,8143999999999999
0,8501
0,8741000000000001
0,8796999999999999
1,0452000000000001
1,3623
0,8071
1,2024
0,8228000000000001
0,8373
0,7865
0,7559
0,7504000000000001
0,7505
0,7829
0,7615000000000001
1,0661
0,7372000000000001
0,7411
0,7313000000000001
0,733
0,7335
0,7794
1,0469
0,8788999999999999
1,0167
1,1714
1,2103000000000002
0,8367
0,8054
0,8271
0,8272
0,7797000000000001
0,7437
0,7659
0,7216
0,7215
0,7506
1,0499
0,7464000000000001
0,7605999999999999
0,9694
0,9393
0,9436
0,7581
0,753
0,743
0,7316999999999999
0,7387
1,1088
0,7388
0,7448
0,744
0,7857
0,7422000000000001
0,7361
1,2161
1,0073
0,7389
0,9932000000000001
1,5064
0,7521
0,7286
0,7431
0,7427999999999999
0,7561
0,7619
0,7519
0,7427
0,7876
0,784
1,0923
0,74
0,7261000000000001
0,7339
0,7381
0,7168
0,7132
0,9
1,1315
0,87
0,7921999999999999
1,1612
0,7926
0,805
0,8098
0,8389
0,8195
0,9487
0,7067
0,8758
0,7229
0,7303999999999999
1,0425
0,7348
0,7165
0,71
1,0253
1,1366
0,8238
0,716
0,7213
0,736
0,7234999999999999
1,0825
0,7303000000000001
0,7789999999999999
0,7399
0,7353000000000001
0,7519
0,75
0,7499
0,7531
0,8325
0,8168
1,1749
1,1397
1,1354
0,8783000000000001
0,8659
0,8413999999999999
0,8245
0,8618
0,744
0,7565000000000001
0,7356
1,0759999999999998
0,7426
0,7466
0,7331
0,7414000000000001
0,7813
0,739
0,7403000000000001
0,8220999999999999
0,9214
1,0949
1,2367000000000001
0,7918
0,8072
0,8276
0,8267
0,839
0,8321
0,8288
0,8351
0,7291
0,7146
1,0476
0,7182999999999999
0,718
0,7110000000000001
0,9042
0,9231
1,0135999999999998
1,0237
0,9668
0,9613
0,9533
1,3718000000000001
0,8016
0,7923
0,7968
0,7787999999999999
0,8011999999999999
0,7998000000000001
0,8066
0,7945
0,7952
1,4718
1,5776
0,9769
0,8755
1,307
0,9575
0,9558
0,8358
0,7240000000000001
0,7653
0,7319
0,741
1,0926
0,7364999999999999
0,767
0,7686999999999999
0,7234999999999999
0,7447
0,7401000000000001
1,0141
0,8572000000000001
0,8561000000000001
0,7132
1,0443
0,7605
0,7414999999999999
0,7195
0,7326
0,7196
0,7226999999999999
0,7162
0,7105
0,7047000000000001
0,7087
1,5505
0,7144
0,7361
0,7137
0,7075
0,9504
0,8566999999999999
0,7519
0,7039000000000001
0,7435999999999999
0,7018000000000001
1,0223
0,7019
0,7004999999999999
0,6991
0,7097
0,6886
0,6883
0,6890000000000001
0,6847
0,8431
0,6951
1,0071999999999999
0,691
0,6864
0,6884
0,915
0,8064
0,7988
0,6844
0,7751
0,6821
0,7234
1,014
0,7201
0,6784
0,6939
0,6866
0,6826
0,6827
0,8697
0,9498
0,7123999999999999
0,7006
1,0539
0,7306
0,8109000000000001
0,9197
0,8869
0,8351
0,7406
0,7118
0,6996
0,716
0,7067
1,0177
0,6861
0,6843
0,6886
0,6962999999999999
0,704
0,7014
0,6886
0,6859999999999999
0,6937
0,7099
1,0112999999999999
0,8626
0,8413999999999999
0,9470999999999999
0,7092
0,6933
0,6952
0,7329
0,6865
0,6854
0,6889
1,0267
0,6925
0,6959
0,7844
0,6920999999999999
0,6970999999999999
0,7297
0,7965
0,8140000000000001
0,7662
0,8084
1,3392
0,8928
0,8180000000000001
0,8004
0,7984
0,7669
0,7745
0,7279
0,6930000000000001
0,6905
0,7068000000000001
1,089
0,6864
0,6822
0,6845
0,6857
0,6835
0,6872999999999999
0,7036
0,6775
0,8209
1,0655000000000001
1,2817
0,7666
0,777
0,7892
0,781
0,7812
0,7892
0,8218
0,9033
0,7062
0,6957000000000001
1,0312999999999999
0,6912
0,6928000000000001
0,6847
0,6897
0,8685
0,6943
0,8473
0,8679
0,8077
0,7043
1,0251
0,7106
0,6867000000000001
0,6866
0,6859999999999999
0,6858
1,1049
0,8591
0,723
0,6867000000000001
0,7025
1,0196
0,687
0,6830999999999999
0,6916
0,6890000000000001
0,7977000000000001
0,9911
0,9012
0,6948
0,7062999999999999
0,6925
1,0123
0,699
0,6934
0,8084
0,6962
0,696
0,6947
0,6969
0,7004
0,7057
0,7115999999999999
1,0715
0,7106
0,7257
0,7308
0,9404
0,9351
0,9276
0,8180000000000001
0,7850999999999999
0,8037
0,8053
1,3063
0,7903
0,8321999999999999
0,7739
0,6967
0,7372000000000001
0,6983999999999999
0,7012999999999999
0,7355
0,7263999999999999
0,7487
1,016
0,7897
1,018
0,8874
0,709
0,7149
0,7171000000000001
0,7152000000000001
0,7152999999999999
0,8147
0,7142000000000001
1,0399
0,7099
0,731
0,7318
0,7154
0,7033
0,7885
0,8399
1,2535
0,79
0,9526
1,3425
0,8068
0,7847999999999999
0,8210999999999999
0,8117000000000001
0,8170000000000001
0,7004999999999999
0,7018000000000001
0,6941
0,6922999999999999
0,6872999999999999
1,0055
0,7059
0,6875
0,6901
1,0626
0,8808
0,8306
1,1419
1,1394
0,9459
0,8642
1,2261
0,734
0,7351000000000001
0,7588
0,7703
0,7035
0,6864
0,6854
0,6895
0,7154
0,7307
1,166
0,6899000000000001
0,6858
0,6836
0,7718
1,202
0,8738
0,7026
0,7039000000000001
0,7026
0,6883
1,0061
0,6922999999999999
0,7279
0,6980000000000001
0,6928000000000001
0,6898
0,6911
0,6878
0,7905
0,7445
0,6987
1,045
0,6951
0,7058
1,0157
0,794
0,7532
0,6884
0,6815
0,6826
0,6773
0,6980000000000001
1,0145
0,6823
0,6811
0,6828
0,6843
0,6976
0,8788
0,9401
0,6806
0,6996
0,6809999999999999
0,9986999999999999
0,8199000000000001
0,8595
0,8623
0,7394
0,6811999999999999
0,7242000000000001
0,6809000000000001
0,7004999999999999
0,6842
0,6847
1,0074
0,6849
0,6834
0,7021
0,8342999999999999
0,6922999999999999
0,6761999999999999
0,6965
0,6930999999999999
0,6785
0,6890000000000001
1,0875
1,0819
0,8286
0,7712
0,6939
0,6899000000000001
0,7084
0,6922
0,6851
0,6851999999999999
0,6805
1,0118
0,6866
0,8451
0,6885
0,6792
0,7291
0,7771
0,7724
0,7881
0,7744
0,8771
1,2748
0,8595999999999999
0,78
0,73
0,7454999999999999
0,7529
0,7787000000000001
0,6748999999999999
0,6779000000000001
0,6756000000000001
0,6796000000000001
1,0375
0,6938
0,7158000000000001
0,6818
0,6829
0,6975
0,6858
0,6922
0,7159
0,9994999999999999
0,8351
1,2213
0,7584
0,7884
0,7683
0,7742
0,8119
0,7832
0,7881
1,166
0,7854
0,7349
1,0651
0,6893999999999999
0,6853
0,6866
0,6844
0,7281
0,8685
0,8419
0,8629
0,7234
0,8746999999999999
1,0254999999999999
0,6813
0,6767
0,6774
0,6825
0,7777
0,7169
0,6719999999999999
0,6732
0,7055
0,6655
1,0023
0,7382000000000001
0,7649
0,7542
0,8568
0,9329
0,7988999999999999
0,8476
0,7709
0,772
0,7402
1,0958
0,6922999999999999
0,9441999999999999
0,7994
0,6797
0,6941
0,7025
0,6837
0,6872999999999999
0,6766
0,6833
0,993
0,7771
0,6722
0,8563000000000001
0,8616
0,8425
0,6828
0,7012
0,679
0,6752
0,717
1,0954000000000002
0,6803
0,6721
0,6849999999999999
0,6644
0,68
0,666
0,6608999999999999
0,66
0,6584
0,6592
1,0392000000000001
0,665
0,6615
0,9288000000000001
0,7663
0,8082
0,7071
0,6656
0,6806
0,6683
0,756
1,2903
0,6811
0,6693
0,6686
0,6855
0,6726
0,6724
0,6744
0,6758
0,6743
0,8791
0,9928
0,6733
0,9319999999999999
0,8028
0,756
0,6767
0,6773
0,674
0,6799
0,6932
0,6745
0,9975999999999999
0,6926
0,6822
0,6865
0,683
0,6879
0,68
0,6814
0,8299
0,7268
0,6949000000000001
1,0145
0,8925
0,8923
0,8955000000000001
0,8161
0,7854
0,8605
0,8139
0,7662
0,7628
0,7649999999999999
1,1782
0,7234999999999999
0,6864
0,7016
0,691
0,9237
0,9558
0,8605
0,8256
0,9217
0,9229
1,3034999999999999
0,8719
0,8976999999999999
0,9074000000000001
0,9408
0,8894000000000001
0,8308
0,8267
0,9055
0,8149000000000001
0,9322999999999999
1,4220000000000002
0,8386
0,798
0,8629
1,4094000000000002
0,8099999999999999
1,1573
1,2998
1,3507
1,5394
0,8223
1,3161
1,0342
0,8268000000000001
0,7482
0,7399
0,7446
0,74
0,7374
0,8087
0,7812
0,7485
1,0453000000000001
0,6966
0,6977
0,7044
0,7007
0,7127
0,6996
0,6884
0,6851
0,7076
0,7211
1,2257
0,7218
0,7055
0,6993
0,7253999999999999
0,69
0,6985
0,7915
1,0586
0,894
0,7225
1,014
0,699
0,6744
0,6822
0,6819999999999999
0,6851999999999999
0,7028
0,6836
0,6804
0,8045
0,6761999999999999
0,9911
0,6748999999999999
0,6759000000000001
0,6995
0,6761999999999999
0,6837
0,7752
1,0183
0,8376
0,8028
0,6845
1,0105
0,6932
0,6962
0,6837
0,6830999999999999
0,6719999999999999
0,6676
0,867
0,9445
0,7638
0,6687000000000001
0,9821000000000001
0,6723
0,6657
0,6643
0,6626
0,7974
0,8836999999999999
0,8474
0,7033
0,6623
0,6636
0,9878
0,666
0,6652
0,6652
0,6677000000000001
0,7615000000000001
0,6653
0,6690999999999999
0,6788000000000001
0,6624
0,6643
0,9896
0,6623
0,6621
0,662
0,6623
0,8952
0,8992
0,8186
0,7016
0,6717
0,6658000000000001
1,0041
0,6774
0,6758
0,6864
0,8938
0,6725
0,6993
0,6648999999999999
0,6799
0,6618999999999999
0,6656
1,089
0,7621
0,7787000000000001
0,9039999999999999
0,9017
0,7919
0,87
0,7496
0,7628
0,7636000000000001
0,782
1,0807
0,7039000000000001
0,7058
0,6648000000000001
0,7065
0,6646
0,6735000000000001
0,6866
0,6618999999999999
0,6608999999999999
0,6673
0,9699
0,8954
0,954
0,9928999999999999
0,7833
0,7182
0,6740999999999999
0,7066
0,6641
0,6638
0,683
1,0417
0,6855
0,6844
0,6656
0,664
0,6632
0,6655
0,6654
0,6623
0,6602
0,6665
1,0545
0,6834
0,8605
0,8127
0,7972
0,6662
0,7136
0,6669
0,6662
0,6832
0,7577
0,9879000000000001
0,6657
0,6638
0,6809000000000001
0,6799
0,6695
0,6623
0,6780999999999999
0,7489
0,8783000000000001
0,7448999999999999
1,2379
1,0139
0,7718999999999999
0,7747999999999999
0,7903
0,7647
0,7918
0,7795000000000001
0,6708000000000001
0,6658000000000001
0,6663
1,0004
0,6677000000000001
0,6647
0,6650999999999999
0,6606
0,6797
0,7417
0,6788000000000001
0,6624
0,6792
0,8085
1,4163
0,8109000000000001
0,7805000000000001
0,7648
0,7946
0,7808999999999999
0,7464000000000001
0,7423
0,7889
0,7676000000000001
0,7594000000000001
1,0127000000000002
0,6650999999999999
0,6626
0,6675
0,954
0,8168
0,683
0,6650999999999999
0,7395
1,0098
0,8357
1,0569
0,6690999999999999
0,7628
0,6675
0,6629
0,6650999999999999
0,6843
0,6644
0,6638
0,6622
0,6644
1,1466
0,7668
0,6683
0,6695
0,6817000000000001
0,6607
0,6629999999999999
0,6625
0,866
0,8246
0,8134
1,0039
0,6686
0,7055
0,6652
0,6642
0,6667
0,6728
0,6824
0,6604
0,6618999999999999
0,6834
1,1019999999999999
0,6638
0,6602
0,6639
0,6695
0,661
0,6978000000000001
0,7581
0,9637
0,7454999999999999
0,8599
1,1518
0,7477999999999999
0,7395
0,7563
0,7648
0,78
0,7563
0,7807
0,6813
0,7703
0,6653
0,9719000000000001
0,6788000000000001
0,6802
0,6648999999999999
0,6628
0,6589999999999999
0,8189
0,85
0,9481
0,8865999999999999
0,7036
0,9928999999999999
0,6823
0,6987
0,6824
0,6654
0,6899000000000001
0,7029
0,7343999999999999
0,6986
0,6613
0,6643
1,0116
0,7643
0,7952
0,7761
0,8231999999999999
0,9769
1,1241
0,8314
0,7633
0,7716999999999999
0,7721
1,0789
0,669
0,6819000000000001
0,6652
0,7697
0,6657
0,6745
0,6662
0,6595000000000001
0,6608999999999999
0,6636
0,9893000000000001
0,664
0,6772
0,8833
0,8566999999999999
0,841
0,7810999999999999
0,7541
0,7388
0,7406999999999999
0,7393000000000001
1,1116
0,7596
0,9724
0,6842
0,6624
0,6646
0,6798000000000001
0,6628
0,6960999999999999
0,6629
0,6674
0,975
0,6608999999999999
1,0246000000000002
0,743
0,7252
0,6641
0,6636
0,6667
0,6748999999999999
0,6785
0,6635
0,9855
0,9236
0,7952
0,7071
0,6633
0,6634
0,664
0,7927000000000001
0,6731
0,6633
0,6866
1,1180999999999999
0,9671000000000001
0,7232999999999999
0,7493000000000001
0,6628
0,6658000000000001
0,6658999999999999
0,6679999999999999
0,6653
0,6625
0,7776000000000001
1,0778999999999999
0,6849
0,6664
0,6769999999999999
0,6628
0,6631
0,6638
0,6647
0,6700999999999999
0,6624
0,6740999999999999
1,1154
0,9925999999999999
0,8141999999999999
0,7854
0,7689
0,7369
0,7385999999999999
0,7374999999999999
0,9145
0,7385999999999999
0,771
1,1418000000000001
0,6661
0,6624
0,664
0,6616000000000001
0,6626
0,6748000000000001
0,6616000000000001
0,6629999999999999
0,6696
0,8034
1,3117
0,75
0,6657
0,6647
0,6775
0,666
0,6647
0,7724
0,6633
0,6634
0,6983999999999999
0,9964999999999999
0,6806
0,6597999999999999
0,6801
0,6628
0,7033999999999999
0,8069000000000001
0,7638
0,7678
0,8654
1,0386
1,2667
0,7633
0,7627
0,7777
1,2570000000000001
0,7494999999999999
0,6669999999999999
0,6870999999999999
0,6806
0,6639
0,6656
1,0195
0,6797
0,6611
0,6828
0,6832
0,664
0,6655
0,8434999999999999
0,9227000000000001
0,8155
0,776
1,1874
0,8743
0,7517999999999999
0,7621
0,7638
0,7557
0,781
0,7364
0,6657
0,6767
0,6635
1,0653
0,6647
0,6617
0,6652
0,664
0,6648999999999999
0,8684
0,8482999999999999
0,7973
0,6625
0,6667
0,9943000000000001
0,6983
0,6644
0,6839
0,6849999999999999
0,6807
0,6702
0,6622
0,6595000000000001
0,6625
0,6656
1,1214
0,7567
0,7401000000000001
0,78
0,9541000000000001
0,9035
0,8489
0,8392000000000001
0,7898000000000001
0,7942
0,7649999999999999
1,1280000000000001
0,6866
0,6833
0,6821
0,6634
0,6734
0,6636
0,6970000000000001
1,0928000000000002
0,8714999999999999
0,6661
0,9931
0,6655
0,6648999999999999
0,805
0,8168
0,8577
0,7493000000000001
0,6682
0,6636
0,6806
0,6669
0,9882000000000001
0,6669
0,6811999999999999
0,6656
0,7081000000000001
0,6608
0,8442999999999999
0,6666000000000001
0,6614
0,6631
0,6664
0,9753999999999999
0,6712
0,6629
0,8886000000000001
0,8758
0,8333
0,669
0,6656
0,6662
0,67
0,6798000000000001
0,9889
0,6682
0,6667
0,6728
0,7029
0,772
0,6645000000000001
0,7028
0,6622
0,9679000000000001
1,0273999999999999
1,1832
0,8619
1,0948
0,8379000000000001
0,7638
0,763
0,7501
0,7380000000000001
0,7217
0,6662
0,7068000000000001
1,0042
0,7981
0,6655
0,6637000000000001
0,7038
0,6632
0,6809000000000001
0,6707
0,6618999999999999
0,6615
0,7123
1,3191
0,8291999999999999
0,7876
0,7716
0,7533000000000001
0,7404999999999999
0,736
0,7607999999999999
0,7585
0,7371
1,1100999999999999
1,1147
0,6696
0,6661
0,6646
0,6695
0,6657
0,6657
0,6647
0,6821
0,901
0,8037
1,2029
0,6724
0,6647
0,666
0,665
0,6648000000000001
0,6880000000000001
0,6656
0,7565999999999999
0,6628
0,6673
0,9768000000000001
0,6698999999999999
0,6639
0,7247
0,7498
0,7751
0,7504000000000001
0,9022
0,8973
1,0393
0,9094
1,1491
0,7644000000000001
0,7611
0,7385
0,6661
0,803
0,6669
0,6662
0,6647
0,6644
0,6671
0,9884
0,707
0,6632
0,6769000000000001
0,6625
0,7464999999999999
0,7929999999999999
1,0199
0,7404999999999999
0,7391
0,7435999999999999
1,1324
0,7412
0,7553
0,8517
0,752
0,7778
0,7603
0,6974
0,7068000000000001
0,6650999999999999
0,7064
0,9763000000000001
0,6901999999999999
0,9749
0,909
0,954
0,9632
0,9082
0,7199
0,6777000000000001
0,6787
0,7092
1,065
0,7281
0,7619
0,7643
0,7357
0,766
0,7815
0,7588
0,7755000000000001
0,7705000000000001
1,1865
1,509
0,9632
0,8981
1,078
0,9259999999999999
0,7816000000000001
0,8738
0,6639
0,683
0,6664
0,6641
1,0009000000000001
0,6673
0,6664
0,7581
0,6656
0,6819999999999999
0,6644
0,6644
0,933
0,7401000000000001
0,7681
0,9922
0,6681
0,7064
0,6634
0,7195
0,6889
0,6700999999999999
0,7106
0,6685000000000001
0,6643
0,6815
0,9821000000000001
0,6657
0,9188
0,6669
0,6645000000000001
0,7111
0,6719
0,7683
0,9195
0,8146
0,7646000000000001
0,9934
0,7146
0,7216
0,6898
0,6816
0,6637000000000001
0,664
0,6627
0,6622
0,662
0,6641
1,056
0,8608
0,7432
0,6652
0,67
0,6642
0,7553
1,0247
0,8095
0,7602000000000001
0,6826
1,1518
0,6667
0,6740999999999999
0,7012
0,6628
0,6708000000000001
0,6666000000000001
0,6632
0,6629
0,6780999999999999
0,7961
0,9946
0,6625
0,6633
0,6819999999999999
0,6652
0,6604
0,8966999999999999
0,8749
0,8147
0,7224
0,6653
0,9872
0,6671999999999999
0,6674
0,6678
0,6655
0,6879
0,6668000000000001
0,6629
0,6617
0,7947
0,6653
0,9889
0,6641
0,6797
0,6643
0,6669999999999999
0,7351000000000001
1,0309
0,808
0,7827
0,6692
0,6715
1,0013
0,6821
0,6643
0,6736
0,6658000000000001
0,6629999999999999
0,6657
0,8363
0,6650999999999999
0,6603
0,665
1,09
0,7396
0,7485999999999999
0,7752
0,8817999999999999
0,8337
0,891
0,7565999999999999
0,7605999999999999
0,7585
0,7541
1,1529
0,6646
0,6775
0,665
0,6629999999999999
0,9330999999999999
0,7524
0,6790999999999999
0,6641
0,6633
0,6655
0,9703
0,6627
0,6627
0,7752
0,8684
0,851
0,6716
0,6653
0,6622
0,6637000000000001
0,6658999999999999
0,9856999999999999
0,6643
0,6644
0,7795000000000001
0,6644
0,6632
0,666
0,6624
0,6621
0,6587000000000001
0,6629999999999999
0,995
0,6654
0,6623
0,894
0,879
0,8358
0,7182999999999999
0,6637000000000001
0,6669
0,6612
0,6648000000000001
0,9947999999999999
0,6671
0,882
0,6836
0,6635
0,6643
0,7047000000000001
0,6625
0,6628
0,6769999999999999
0,6642
0,9777
0,6654
0,8487
1,0028000000000001
0,8045
0,7376
0,6854
0,6991
0,6661
0,6833
0,8258
1,1133
0,6840999999999999
0,664
0,6658000000000001
0,6629999999999999
0,6717
0,6664
0,6633
0,6612
0,6805
0,6616000000000001
1,1762000000000001
0,9009
0,9678
0,7824000000000001
0,6938
0,6671
0,6673
0,6677000000000001
0,6675
0,6846000000000001
0,6880999999999999
1,02
0,6652
0,6629999999999999
0,68
0,6624
0,6627
0,6851
0,6795
0,6627
0,6634
0,7802
1,0276
0,8721
0,7926
0,7932
0,6654
0,6777000000000001
0,6665
0,6671999999999999
0,6718
0,7469
0,6654
0,9853
0,6632
0,7046
0,6629999999999999
0,6645000000000001
0,6602
0,664
0,7031999999999999
0,8233
0,7424000000000001
0,7603
1,2512
0,864
0,8788
0,7398
0,7814
0,7752
0,8497
0,7533000000000001
0,6692
0,6669999999999999
0,6830999999999999
1,0330000000000001
0,6658000000000001
0,703
0,6648999999999999
0,6756000000000001
0,6616000000000001
0,7866000000000001
0,6616000000000001
0,6607
0,6607
0,7925
1,4183
0,8585
0,7378
0,7374
0,8035
0,7553
0,7381
0,7601
0,7615999999999999
0,7646000000000001
0,7835
0,9964
0,6817000000000001
0,6792
0,7837000000000001
0,9155
0,7558
0,6751
0,665
0,7601
0,944
0,9148999999999999
1,0411000000000001
0,6676
0,732
0,6648999999999999
0,664
0,6644
0,6738999999999999
0,665
0,6645000000000001
0,6605
0,6726
0,9906999999999999
0,7059
0,6930000000000001
0,6733
0,6998
0,6803
0,6694
0,8376
0,8156
0,8535
0,6704
1,018
0,6719
0,6650999999999999
0,683
0,6676
0,6833
0,6675
0,804
0,6655
0,665
0,6674
1,1439
0,6629
0,6708000000000001
0,6728
0,7046
0,6624
0,7369
0,9207
0,8130000000000001
0,898
0,8463
1,1479000000000001
0,7494999999999999
0,7546999999999999
0,782
0,7803
0,7697999999999999
0,7779
0,6637000000000001
0,8103
0,6656
0,665
1,004
0,6657
0,6657
0,6647
0,6629
0,8243
0,8827
0,857
0,6647
0,6654
0,6653
1,0011
0,6738999999999999
0,6684
0,6656
0,6627
0,6639
0,6645000000000001
0,8979
0,8759
0,6635
0,6732
0,9932000000000001
0,6789
0,6663
0,6629
0,7689
1,0221
0,8354
0,7947
0,6717
0,6623
0,6656
0,9990000000000001
0,6658999999999999
0,6646
0,6721
0,6980000000000001
0,7653
0,6628
0,6639
0,6813
0,6613
0,6679
0,9738
0,6803
0,6618999999999999
0,7081000000000001
0,9219999999999999
0,8814
0,879
0,7645
0,7653
0,7622
0,7364
1,1078999999999999
0,7408
0,762
0,8857
0,6981999999999999
0,6637000000000001
0,6998
0,6628
0,6604
0,6612
0,6676
0,9713999999999999
0,6662
0,7578
1,0198
0,8016
0,7688
0,6728
0,6648999999999999
0,6662
0,6652
0,6645000000000001
1,0024000000000002
0,6999000000000001
0,6652
0,6705
0,6622
0,6616000000000001
0,6639
0,6638
0,7061
0,7681
0,7645
1,1131
1,5832000000000002
0,8868
0,8284
0,7787000000000001
0,7543
0,7577
0,7609
0,7612
0,6646
0,7065
0,9936
0,6638
0,664
0,7977000000000001
0,6650999999999999
0,6636
0,6735000000000001
0,6638
0,6782
0,7915
0,6949000000000001
1,2847
0,8563000000000001
0,6671999999999999
0,6664
0,6655
0,6711
0,6845
0,6814
0,7745
0,6637000000000001
0,6825
1,0219
0,678
0,6678
0,6639
0,6601
0,6635
0,6671
0,6653
0,7831
0,6671
0,7447
1,4166
0,8101999999999999
0,6637000000000001
0,6792
0,6658000000000001
0,6633
0,6645000000000001
0,7331
0,6658000000000001
0,6646
0,6626
1,0007
0,6624
0,7012
0,6645000000000001
0,6689
0,7496
0,856
0,7479
0,7316999999999999
0,8350000000000001
1,0231000000000001
1,267
0,7477
0,7657999999999999
0,7614
0,8201
0,7012
0,6877
0,6843
0,6998
0,6638
0,7073
0,9747
0,6829
0,6795
0,6618
0,9790999999999999
0,7259
0,6666000000000001
0,7529
0,9779000000000001
0,8072
0,6864
1,0029
0,6811
0,7215
0,666
0,6657
0,6669999999999999
0,6989
0,664
0,6795
0,6613
0,6658000000000001
1,0078
0,7061
0,8664999999999999
0,6633
0,6615
0,6647
0,664
0,8959
0,8666
0,8481
0,6685000000000001
0,9882999999999998
0,6679999999999999
0,7071999999999999
0,6669999999999999
0,6648999999999999
0,6796000000000001
0,6654
0,6648999999999999
0,6618
0,6611
0,6759000000000001
1,0845
0,7263999999999999
0,7334
0,7613
0,7612
0,7523
0,8982
0,8241999999999999
0,8318000000000001
0,7506
0,8132
1,0958999999999999
0,7363
0,7517999999999999
0,7019
0,6661
0,7142000000000001
0,6829
0,6641
0,6784
0,8771
0,9417
1,3439
0,8019000000000001
0,8165
0,8841
0,8185
0,7676999999999999
0,8107
0,7654
0,8467
0,7827
0,8357
1,1996
0,7779
0,8151999999999999
0,7872
0,9814999999999999
0,8397
0,8140000000000001
0,7368
0,7471
1,0756999999999999
1,0991
1,2172999999999998
1,0332
1,0848
1,1421000000000001
0,9462999999999999
0,8697
0,7894
0,8001
0,7128
0,6999000000000001
0,6468
0,9873
0,6492
0,6496
0,6466
0,6457
0,6475
0,6526000000000001
0,6809000000000001
0,859
0,8241999999999999
0,7115
0,9862
0,6501
0,6465000000000001
0,6465000000000001
0,6608999999999999
0,6912
0,6853
0,6674
0,6642
0,6878
0,6654
0,9897
0,6625
0,6623
0,6673
0,6622
0,6616000000000001
0,6643
0,6648000000000001
0,8106
0,8918
0,8459
0,9821000000000001
0,6688
0,6632
0,6838000000000001
0,6830999999999999
0,6695
0,6782
0,6667
0,6674
0,6628
0,6654
0,9861
0,6807
0,7058
0,6698999999999999
0,6809000000000001
0,6629999999999999
0,6644
0,6621
1,2367000000000001
0,9105
0,7655
0,9913000000000001
0,6669
0,7123999999999999
0,6650999999999999
0,6648000000000001
0,6671
0,6732
0,6656
0,664
0,6626
0,6705
0,9687
0,6602
0,7261000000000001
0,7641
0,7523
0,7618
1,0434
0,9361
0,8424
0,7396
0,7619
1,1128
0,7414999999999999
0,7484
0,6644
0,6688
0,6671
0,6669
0,6671
0,6613
0,6611
0,6643
0,9977
0,6653
0,6629999999999999
0,6790999999999999
0,8995
0,8339000000000001
0,9833000000000001
0,8199000000000001
0,7203
0,7607
0,728
1,1415
0,7091000000000001
0,785
0,7807
0,7398
0,7339
0,6656
0,6829
0,6628
0,6617
0,6678
0,9956999999999999
0,7871
0,6636
0,6635
0,9739
0,7689
0,7309
0,6657
0,6634
0,664
0,6639
1,0141
0,6665
0,7064
0,6689
0,6678
0,6642
0,6608
0,6623
0,66
0,6612
0,7288
1,6371
0,7799
0,8381000000000001
1,024
0,7854
0,803
0,7728
0,7557
0,7267
0,7362
0,7438
1,026
0,6692
0,6664
0,6646
0,705
0,6697
0,6647
0,6991
0,7621
0,6639
0,6655
0,9786
0,8857999999999999
0,8151
0,8623
0,7579
0,7672
0,7255
0,8036
0,7389
0,7617
0,7571
1,1075
0,7314
0,6633
0,6803
0,6622
0,6626
0,6879
0,6641
0,6621
0,6614
0,6671999999999999
1,0693
0,882
0,7958000000000001
0,6652
0,6819000000000001
0,8091
0,6874
0,7065
0,6658000000000001
0,6626
0,6635
0,9967999999999999
0,666
0,6623
0,6639
0,6617
0,7012
0,7291
0,7538999999999999
0,7596999999999999
0,7618
0,7726999999999999
1,3976
0,7863
0,762
1,137
0,9681
0,7383
0,7253999999999999
0,6664
0,7060000000000001
0,6645000000000001
0,6666000000000001
1,006
0,6654
0,7188
0,6639
0,6624
0,6817000000000001
0,6797
0,6635
0,7271
0,8943
1,077
1,2658
0,7442
0,7567999999999999
0,7534
0,7743
0,7786
0,7558
0,7551
0,7657999999999999
0,6793
0,6845
0,9762
0,6813
0,6627
0,6641
0,6627
0,6879
0,6653
0,7961999999999999
0,9150999999999999
1,0534999999999999
0,6685000000000001
1,0021
0,6674
0,7057
0,6698999999999999
0,6644
0,7028
0,6667
0,6642
0,6631
0,757
0,6736
0,9746
0,7701
0,7441
0,7459
0,7810999999999999
0,7714
0,9105
0,867
0,8283
0,7402
0,7639
1,1127
0,763
0,7002
0,6685000000000001
0,665
0,6724
0,6901
1,0564
0,7401000000000001
0,662
0,6964
0,9874
0,6647
0,6706000000000001
0,8004
0,9154
0,8645
0,6849
0,665
0,6795
0,6647
0,6628
0,9904000000000001
0,6648000000000001
0,6628
0,7546
0,6648999999999999
0,6647
0,6880999999999999
0,6616000000000001
0,6775
0,6591
0,6629999999999999
0,9970000000000001
0,6643
0,6816
0,8210999999999999
0,8784
0,8674000000000001
0,6668000000000001
0,6678
0,6634
0,665
0,6648000000000001
0,9867999999999999
0,6729
0,7462000000000001
0,6662
0,7056
0,6799
0,6658999999999999
0,6645000000000001
0,6618
0,7224
0,7792
1,1200999999999999
0,7939
0,8527
0,8119
0,8063
0,7213999999999999
0,7378
0,7791
0,7575999999999999
0,7572
0,6972
1,1287999999999998
0,7094
0,6654
0,6782999999999999
0,6618999999999999
0,6629
0,6621
0,6637000000000001
0,6629999999999999
0,6622
0,664
0,9840999999999999
0,8073
0,976
0,8162999999999999
0,7806
0,7703
0,9079999999999999
0,7549
0,7353000000000001
0,988
1,1179000000000001
1,1888
0,6669999999999999
0,6688
0,6631
0,6809999999999999
0,6642
0,6650999999999999
0,6745
0,7625000000000001
0,6587000000000001
0,7257
1,4311
0,8151
0,6643
0,6654
0,6643
0,6785
0,6647
0,6970999999999999
0,6805
0,6648999999999999
0,6635
0,9975999999999999
0,6629
0,66
0,6597999999999999
0,6601
0,7104
0,8428
0,7563
0,7332000000000001
0,7505
0,9627
1,2474999999999998
0,76
0,7548
0,7623000000000001
0,8154
0,7458
0,6751
0,6662
0,6653
0,6639
0,6748000000000001
0,9925999999999999
0,6617
0,6627
0,665
0,9169999999999999
0,6636
0,6664
0,6648000000000001
0,7656
1,0343
0,8249000000000001
1,0373999999999999
0,6828
0,6634
0,7147
0,6626
0,6826
0,666
0,6662
0,6624
0,6597000000000001
0,6653
0,9748
0,6689
0,6697
0,895
0,7733
0,6814
0,6669999999999999
0,8009999999999999
0,9708
0,7377
0,7603
0,9944000000000001
0,8146
0,6804
0,6663
0,6657
0,6641
0,6646
0,7017
0,6611
0,6629
0,6658999999999999
0,9778
0,7364999999999999
0,7682
0,7678
0,7592
0,7564
0,8077
1,0312999999999999
0,8159000000000001
0,7223
1,1092
1,106
0,7622
0,7004
0,6677000000000001
0,6808
0,665
0,6658999999999999
0,6675
0,6624
0,664
0,6646
1,0223
0,6637000000000001
0,6639
0,6618
0,6966
0,9611
0,8505
0,8344
0,9368
0,7622
0,7548
1,1200999999999999
0,8947999999999999
0,7651
0,7588
0,771
0,6656
0,6797
0,6629
0,6617
0,6633
0,6731
0,9822
0,6641
0,6695
0,7936
0,9240999999999999
0,964
0,9395
0,7218
0,6816
0,6624
0,662
1,0043
0,6835
0,6803
0,6653
0,6663
0,7189
0,664
0,6614
0,6846000000000001
0,9014
0,9633
1,2698
0,9944000000000001
0,8959
0,8643000000000001
0,7492
0,7551
0,7655
0,7523
0,6664
0,6625
0,6829
1,0093999999999999
0,683
0,6633
0,6639
0,6738
0,6804
0,7062
0,6641
0,6596
0,6605
0,8545
1,4292
0,8599
0,7459
0,7376
0,7813
0,7521
0,7393000000000001
0,736
0,7843
0,8461000000000001
0,7502
0,9994999999999999
0,665
0,6625
0,6719
0,6784
0,6615
0,6646
0,6648000000000001
0,6608
0,8587999999999999
0,8143999999999999
1,1984000000000001
0,6667
0,6737
0,665
0,7075
0,6667
0,6658999999999999
0,6790999999999999
0,6857
0,6824
0,6629
0,9762
0,6637000000000001
0,6632
0,6977
0,7535000000000001
0,7431
0,7441
0,8838999999999999
1,0801
0,8494
0,8612
1,1271
0,753
0,7303000000000001
0,763
0,7387
0,7283
0,6787
0,6751
0,6664
0,6627
0,7048
0,9734
0,6807
0,6652
0,6654
0,662
0,784
0,7094999999999999
0,9455
0,8086
0,8417
0,7645
1,1142999999999998
0,7197
0,7538
0,8675999999999999
0,7438
0,7644000000000001
0,7562
0,665
0,6628
0,679
0,6658000000000001
0,9756
0,664
0,7255
0,7137
0,7041999999999999
1,5242
1,2927
1,358
1,313
0,9158000000000001
0,6735000000000001
1,0309
0,6718
0,6654
0,6817000000000001
0,6657
0,6740999999999999
0,6681
0,6647
0,6799
0,6612
0,6644
0,9894000000000001
0,8904
0,8103
0,7374
0,6657
0,6648000000000001
0,6634
0,6727000000000001
1,1836
0,8328
0,7621
1,0675999999999999
0,8194
0,9203
0,9712
0,7921999999999999
0,8154
0,7089000000000001
0,6685000000000001
0,7682
1,0971
0,8722
1,0637999999999999
0,6673
0,6631
0,8040999999999999
0,6847
0,6665
0,6669
0,6823
0,679
0,6617
0,6645000000000001
1,03
0,6658000000000001
0,6844
0,6625
0,6629
0,6698999999999999
0,6631
0,6769999999999999
0,8734
0,8342
0,8256
0,9933
0,8349
0,7066
0,6653
0,6674
0,6667
0,6669
0,675
0,7121000000000001
0,6618999999999999
0,6648999999999999
0,9829000000000001
0,7236
0,6622
0,6608999999999999
0,6629999999999999
0,6668000000000001
0,6643
0,7569
1,0122
0,7796
0,719
1,0936
0,6676
0,6655
0,7059
0,6633
0,6650999999999999
0,666
0,6658000000000001
0,6782
0,6811
0,7055
1,3768
0,7272
0,6634
0,68
0,6794
0,6840999999999999
0,8453
0,8218
0,8457
0,684
0,6643
0,9812
0,6893999999999999
0,6707
0,6817000000000001
0,6650999999999999
0,6650999999999999
0,6618
0,6912
0,7012
0,9457
0,6793
0,9997
0,6647
0,6648000000000001
0,6746
0,666
0,661
0,957
0,7929999999999999
0,8492000000000001
0,6637000000000001
0,6646
0,9873
0,6848
0,6647
0,6832
0,6842
0,6629999999999999
0,6637000000000001
0,6638
0,7634
0,6627
0,6655
1,0171
0,7483000000000001
0,7605
0,7633
0,7787000000000001
0,8976000000000001
0,8289000000000001
0,8662
0,7628
0,7366
0,7574
1,1114
0,721
0,6679
0,6661
0,6641
0,7593
0,6641
0,6735000000000001
0,6627
0,6617
0,6819000000000001
0,9783000000000001
0,6629999999999999
0,6615
0,6991
0,9017
1,4124999999999999
0,9773
0,7639
0,7282000000000001
0,7721
0,7877
1,1594000000000002
0,7249
0,8266
0,7673
0,6635
0,6629
0,6616000000000001
0,6738
0,6635
0,6625
0,665
0,9801
0,6618999999999999
0,9362
0,8153
0,8307
0,6637000000000001
0,6830999999999999
0,6823
0,6647
0,6714
0,6631
0,9888
0,6712
0,6646
0,6637000000000001
0,6587999999999999
0,6622
0,6964
0,6785
0,7239
0,7493000000000001
0,7543
1,2324
0,9520000000000001
0,7758
0,7879
0,7783
0,7401000000000001
0,7789999999999999
0,7657
0,6987
0,6642
0,7064
0,9831
0,6641
0,6592
0,665
0,6622
0,6614
0,6618
0,6814
0,6939
0,6915
0,6866
1,3146
0,8267
0,8383
0,7544
0,7374999999999999
0,762
0,7562
0,7541
0,7797000000000001
0,7506
0,7903
1,0834
0,6657
0,6606
0,664
0,6627
0,8377
0,6726
0,796
0,6698999999999999
0,7535000000000001
1,0261
1,237
0,6681
0,6658999999999999
0,6674
0,6711
0,6675
0,6870999999999999
0,6795
0,684
0,6824
0,6644
0,9905
0,6631
0,6661
0,6643
0,7273
0,9719000000000001
1,1245
0,7459
0,9131
0,8157000000000001
0,8513000000000001
1,1189
0,7433
0,7684000000000001
0,7919
0,7369
0,6848
0,666
0,6618
0,6786
0,6648999999999999
0,6648000000000001
0,9798999999999999
0,6617
0,7647
0,6661
0,6602
0,6684
0,7404999999999999
0,9264
0,789
0,9141
0,7377
1,1297
1,2307
1,1876
1,1163
1,2329
0,9232
0,8749
0,8373999999999999
0,8441
0,7361
0,7368
1,0994
0,7196
0,9845999999999999
0,8384
0,6629
0,7105
0,7351000000000001
0,6685000000000001
0,6632
0,6646
0,6634
1,0088
0,6690999999999999
0,6805
0,6647
0,6653
0,6653
0,7262
0,7292000000000001
0,7427999999999999
0,7908000000000001
0,7649
1,1229
0,9794999999999999
0,7871
0,7553
0,8093
0,7433
0,7412
0,7421
0,7634
0,6637000000000001
0,6664
0,9993999999999998
0,6833
0,6628
0,6849
1,0541
0,7963
0,6664
0,6636
0,6789
0,6629
0,6648999999999999
1,4033
0,8578
0,7025
0,6697
0,695
0,6805
0,6656
0,6635
0,665
0,6822
0,6703
0,9861
0,6652
0,7446
0,6646
0,6643
0,6631
0,664
0,6633
0,6705
0,8331000000000001
0,8274
1,252
0,7702
0,6668000000000001
0,6671
0,6665
0,6656
0,6648000000000001
0,6662
0,6664
0,6663
0,6675
1,0379
0,7351000000000001
0,6634
0,662
0,6633
0,7707
0,7636000000000001
0,761
0,7437
0,8194
1,0235999999999998
1,2829
0,7596999999999999
0,7545
0,7626
0,7384
0,7592
0,6639
0,6825
0,6891999999999999
0,6716
0,7311000000000001
0,9941
0,664
0,6635
0,6645000000000001
0,6738
0,6607
0,6629
0,6872
0,8984000000000001
0,88
0,8159000000000001
1,1221
0,7501
0,7886
0,7689
0,7617
0,7216
0,7378
0,9316
0,94
0,7018000000000001
0,6636
0,9787999999999999
0,6647
0,6638
0,6648000000000001
0,6684
0,6616000000000001
0,7938
1,0007
0,8311
0,6809999999999999
0,6665
0,9840000000000001
0,6682
0,6627
0,6996
0,6637000000000001
0,7563
0,6698000000000001
0,7062999999999999
0,6597000000000001
0,6633
0,6666000000000001
0,9882999999999998
0,7437
0,7378
0,7529
0,7426
0,9001
0,9978999999999999
0,819
0,7697
0,7613
0,7665000000000001
1,1417000000000002
0,7216
0,6656
0,8759
0,6654
0,6683
0,6644
0,6634
0,6629999999999999
0,6633
0,6662
0,9803
0,6631
0,6648999999999999
0,6678
0,8876999999999999
0,9333
0,8182
0,7473
0,8011999999999999
0,7572
0,7654
1,1135
0,9886999999999999
0,7218
0,7818999999999999
0,717
0,6707
0,7057
0,6635
0,6653
0,6804
0,6842
0,9789
0,6648999999999999
0,6966
1,0528
0,9438
0,7404
0,7144
0,6638
0,6647
0,679
0,9108999999999999
1,2233
0,6669
0,6644
0,6819999999999999
0,6627
0,6643
0,6635
0,6648000000000001
0,6618999999999999
0,6751
0,6826
0,9975999999999999
0,7948999999999999
0,9146
0,8759
0,6714
0,6685000000000001
0,666
0,6637000000000001
0,7858
0,662
0,6637000000000001
1,0164
0,6658000000000001
0,6633
0,6645000000000001
0,6657
0,6808
0,6646
0,6632
0,6719999999999999
0,6629999999999999
0,6653
0,9947
0,9015
0,8362
0,7801
0,7394
0,7871
0,78
0,8312
0,7768
0,7823
0,7649
1,1377
0,7493000000000001
0,6635
0,6655
0,6646
0,662
0,6805
0,7047000000000001
0,6602
0,6602
0,6644
1,242
0,83
0,7655
0,6665
0,6647
0,7684000000000001
0,6653
0,6669999999999999
0,6717
0,665
0,6645000000000001
1,0064
0,674
0,6977
0,6629999999999999
0,7177
0,679
0,7659
0,7564
0,7832
0,7485
0,8693000000000001
1,3165
0,8738
0,7374999999999999
1,0177999999999998
0,8077
0,7248
0,6823
0,6666000000000001
0,6657
0,6889
0,6797
0,9823
0,7191
0,6742
0,6802
0,7046
0,6795
0,6625
0,6807
0,8169
0,9742000000000001
0,7742
1,2216
0,7734000000000001
0,7797000000000001
0,7585
0,7545
0,7649999999999999
0,7545
0,7546
0,7339
0,6667
0,9652000000000001
0,9954000000000001
0,6643
0,6626
0,6656
0,6712
0,6625
0,7377
0,9394
0,7642
0,7914
0,7061
1,1203
0,6865
0,6647
0,6666000000000001
0,6669999999999999
0,6636
0,6653
0,696
0,9259000000000001
0,9227000000000001
0,9436
1,211
0,7785
0,8276
0,9093
1,0292999999999999
0,8245
0,7742
0,8116
0,7546
0,782
0,7956000000000001
1,2018
0,9027
0,757
0,8130000000000001
0,7605
0,7849
0,7803
0,7776000000000001
0,8621
0,8698999999999999
1,0533000000000001
1,3149
0,8164
1,1525999999999998
0,8994
0,8509
0,7929
0,789
0,7198
0,6468
0,6671
0,6468
0,9961
0,6475
0,6483
0,6456
0,6455000000000001
0,6454
0,6478999999999999
0,6462
0,6506
0,8363
0,7759
1,1524
0,6585
0,6802
0,6835
0,662
0,6664
0,6662
0,6648000000000001
0,6629999999999999
0,7247
0,6652
0,9790999999999999
0,666
0,6725
0,6644
0,6644
0,6970000000000001
0,6654
0,6679
0,665
0,8448
0,8175
1,2174
0,6889
0,6816
0,6655
0,664
0,6652
0,6843
0,6819000000000001
0,7048
0,6625
0,6821
0,9914
0,7054
0,6653
0,6622
0,6616000000000001
0,6618
0,6628
0,7739999999999999
0,725
0,8992
0,8269
1,2136
0,7479
0,7961999999999999
0,7900999999999999
0,7389
0,7934
0,7395
0,7402
0,7368
0,7515
0,6646
0,9763000000000001
0,6618999999999999
0,6628
0,6657
0,66
0,8957
0,8679
0,8535
0,8582000000000001
0,851
0,6669
0,993
0,6661
0,6642
0,7127
0,8589
0,6677000000000001
0,6682
0,6679
0,7071
0,6621
0,6993
0,9951999999999999
0,7081999999999999
0,7339
1,2418
0,8387
0,8946
0,9188
0,8220999999999999
0,7718
0,7358
0,7891
1,1934
0,7466
0,6658999999999999
0,6638
0,6809999999999999
0,6629
0,6607
0,6589
0,6595000000000001
0,6616000000000001
0,6733
1,085
0,664
0,6616000000000001
0,6637000000000001
0,8712000000000001
0,8757
0,8703
0,785
0,7636000000000001
0,7635
0,8040999999999999
1,1517000000000002
0,7408
0,7628999999999999
0,7377
0,751
0,6618
0,6629
0,6700999999999999
0,6606
0,7652
0,6653
0,9728
0,6804
0,6646
0,8894000000000001
0,8118
0,8151999999999999
0,6671
0,6809999999999999
0,7352
0,6618
0,6702
1,0235
0,6758
0,665
0,6634
0,661
0,6629
0,7039000000000001
0,6713
0,9195
0,7483000000000001
0,6674
1,0036
0,6646
0,8223
0,8114
0,8183
0,6671999999999999
0,6698000000000001
0,6673
0,673
0,6653
0,6635
0,9833999999999999
0,6658999999999999
0,6798000000000001
0,6665
0,661
0,6618999999999999
0,7799
0,662
0,6601
0,6601
0,6675
1,0016999999999998
0,7448
0,9147
0,8276
0,8409
0,8279
0,7672
0,7855
0,7707
0,7626
0,739
1,1364999999999998
0,7559
0,7141
0,6631
0,7685
0,6614
0,6629
0,6719
0,6684
0,6639
0,6650999999999999
1,0903
0,9781
0,8398
0,7207
0,6647
0,6657
0,6648000000000001
0,6646
0,6634
0,6617
0,664
1,1331
0,6723
0,7878
0,6893
0,6838000000000001
0,6677000000000001
0,7299
0,7542
0,7531
0,7609
0,7439
1,3384
0,9153
0,7461
0,7394
0,789
0,7881
0,8069999999999999
0,665
0,6668000000000001
0,6641
0,7062
1,5453999999999999
0,7084
0,6656
0,6681
0,6751
0,6635
0,6628
0,6650999999999999
0,6650999999999999
0,7881
0,8888
1,2056
0,7024
0,665
0,6658000000000001
0,6648000000000001
0,6663
0,6668000000000001
0,6994
0,6645000000000001
0,7456
0,6639
0,9978
0,6628
0,6617
0,6626
0,6690999999999999
0,6624
0,6618
0,6633
0,6608999999999999
0,892
0,8079
1,1803
0,7071
0,6639
0,6662
0,6987
0,6808
0,6724
0,6839
0,7953
0,6652
0,6705
0,9786
0,6827
0,6815
0,7166
0,7545
0,7522
0,7607999999999999
0,8036
0,8402999999999999
0,8681
0,8415
1,1131
0,7642
0,721
0,7532
0,7017
0,6693
0,7203999999999999
0,6654
0,6643
0,6615
0,6807
0,9823
0,6643
0,6615
0,6633
0,6626
0,7152999999999999
0,6937
0,8892
0,8359
0,8513000000000001
0,7611
1,1123999999999998
0,7471
0,7784
0,7466
1,341
0,7656
0,74
0,6813
0,6645000000000001
0,6624
0,664
0,9783999999999999
0,6635
0,7117
0,6647
0,6631
0,8349
0,8452000000000001
0,7961999999999999
0,6667
0,6638
0,6676
0,9997999999999999
0,6723
0,7065
0,6613
0,6658999999999999
0,6634
0,6648999999999999
0,6636
0,6613
0,8229
0,6646
1,0129
0,8195
0,6646
0,6631
0,7001000000000001
0,9436
0,8246
0,7673
0,6635
0,7041000000000001
0,66
0,9991
0,6666000000000001
0,7045
0,6656
0,6654
0,6639
0,6776
0,6612
0,6629
0,6585
0,6696
1,2248999999999999
0,6656
0,662
0,6653
0,7969
0,8350000000000001
0,8505
0,695
0,6735000000000001
0,6960999999999999
0,7795000000000001
1,0003
0,6662
0,6715
0,6648000000000001
0,7066
0,6617
0,6679999999999999
0,6970999999999999
0,6626
0,695
0,7586
0,973
0,665
0,6607
0,6648000000000001
0,8679
0,8574999999999999
0,7921999999999999
0,6653
0,6644
0,8215
0,8744
0,9951999999999999
0,6662
0,6918
0,6830999999999999
0,6792
0,68
0,6758
0,6618999999999999
0,6656
0,6595000000000001
0,6650999999999999
0,9942
0,6973
0,6799
0,776
0,6426000000000001
