6.95172e-310
6.95172e-310
57.6658
55.8633
57.1396
56.3346
55.8482
54.6918
54.5166
54.8832
54.9938
55.0405
52.4788
57.2357
53.6002
53.1447
51.4202
51.3863
50.4654
50.9044
50.848
50.571
50.3875
50.6216
50.6077
50.3682
50.508
50.1882
50.394
51.1975
51.1111
50.2717
49.8908
54.6904
50.4012
51.358
50.0371
49.6263
49.9547
49.8359
50.0622
50.1264
49.445
49.8278
49.6808
49.7114
49.3323
49.5587
49.8645
49.7997
49.5019
49.1934
52.1107
49.4585
53.034
49.0209
49.7008
49.4668
49.4289
49.5413
49.9018
49.8246
48.8747
49.4413
49.1506
49.2607
48.7231
49.2741
49.0342
48.785
49.6187
47.6378
47.7575
47.29
47.9536
53.0141
47.8436
47.5915
47.6729
47.39
48.1022
47.6126
49.2151
49.0713
49.0965
48.8211
49.2845
48.5751
47.8057
47.0617
48.1734
49.0032
49.0928
49.1379
48.8087
49.0625
53.3022
49.2365
48.5283
49.0682
49.0542
49.1607
48.5569
49.1315
49.221
49.1727
48.8835
48.7463
49.0619
49.2493
48.8369
50.1621
48.9376
48.9467
48.9136
48.2933
47.5934
48.7443
51.0515
47.6108
48.8438
49.5141
48.724
48.7501
48.4208
48.9182
49.1463
48.6805
48.6272
48.8597
49.0544
48.4914
48.1821
48.6107
48.6148
48.8645
48.4913
48.7372
48.8533
53.0419
48.6947
48.5055
48.7267
48.8049
48.7927
48.6627
48.7471
48.4069
48.8247
48.3768
48.6382
48.1272
50.3857
48.6313
47.2403
46.682
46.9123
47.0475
47.0951
46.6564
51.5904
46.7744
47.3806
46.7694
47.38
48.5495
48.6269
48.6485
47.9367
48.7388
48.6778
48.3286
48.2033
48.5095
48.3323
48.4303
47.9674
48.4591
48.0645
48.5873
48.3739
49.246
51.928
48.5731
46.6097
47.6288
48.4443
48.6037
48.0391
48.5045
48.3222
48.8925
48.1231
48.2479
49.7021
48.311
48.5433
49.5413
48.6346
48.6411
48.6339
47.8906
48.2954
52.9122
48.4376
47.8699
47.9665
48.3368
48.4909
48.2313
48.3694
48.2435
47.9791
48.2118
48.2552
48.2683
47.7398
48.4471
48.392
48.6016
47.8609
48.8007
48.2529
48.388
49.8298
51.1407
48.0657
48.5429
48.5431
47.9146
48.253
48.226
48.547
47.7854
48.2909
50.2281
48.4237
47.5631
48.4214
48.3431
48.4915
47.8001
48.1708
48.5729
48.9958
48.0176
52.4883
48.1893
48.3414
47.7568
48.3071
48.6826
48.5236
48.1966
47.8691
48.3092
48.1577
48.3534
47.5751
48.4157
48.1934
48.0291
46.4892
46.8807
47.1246
48.1131
48.1216
52.3194
48.1802
48.2038
47.8754
48.1352
48.6354
47.7592
47.9932
48.3194
47.9262
50.0674
48.4513
48.0654
47.9595
48.1951
48.0653
48.3929
47.7677
48.8526
48.3341
47.9049
48.8504
51.0661
47.9648
48.4067
47.6507
48.7856
48.1818
47.9478
48.364
48.227
48.097
47.8472
48.4692
48.0288
48.2616
48.1797
48.1752
48.1022
48.0949
47.6914
48.1859
47.8252
52.6139
48.3882
48.2247
47.6295
48.2539
48.1041
48.3008
47.4481
48.2949
49.8891
48.1151
47.7509
47.8374
48.2354
48.078
47.8464
48.2278
47.9141
48.2437
47.8435
47.9105
49.2969
50.7312
49.1137
48.0875
48.4044
48.4388
47.953
47.9088
47.9854
47.7651
47.9742
46.7032
46.8614
46.8425
47.5606
47.9758
49.0397
48.2215
47.507
48.2873
48.1067
48.2246
52.5267
47.5043
47.8504
47.774
48.0573
47.4434
48.0969
49.1663
48.5733
47.445
48.0393
47.709
47.9771
47.8233
48.0497
48.745
48.566
47.4592
47.1962
47.9394
47.8912
51.6422
50.2502
49.9074
49.1291
49.1575
48.7158
49.4165
49.2662
49.4593
49.1047
48.5714
48.9283
48.8322
48.827
48.5846
50.4612
49.8291
47.9747
49.107
48.55
49.363
52.7404
48.2198
47.8659
47.651
47.7814
47.8634
47.6385
49.1211
47.8544
47.7307
47.4731
47.7709
48.1916
47.8559
47.4639
47.9174
46.2919
46.1577
46.2527
45.9572
46.3055
47.4344
51.9318
46.0909
46.2976
46.6393
46.3907
46.0336
46.1393
46.3972
47.9031
47.2138
47.5464
48.0628
47.1301
46.2844
46.4286
46.0675
46.1461
46.3782
46.1666
46.0778
47.8083
51.0631
50.0417
47.1341
47.9074
47.9708
47.5546
48.9296
47.6718
47.934
47.5486
47.3189
47.9038
47.6456
47.77
47.7295
47.8979
47.6516
47.7041
47.5114
47.7546
47.8676
48.0655
52.5264
47.7258
47.6662
47.8893
47.1532
47.68
47.3759
47.5836
47.37
47.6585
48.0737
47.7792
47.5965
47.9441
47.4719
47.712
47.6482
47.2993
47.237
46.319
46.4813
51.7066
46.3867
46.0245
45.9845
46.3289
45.8374
48.6389
47.8074
47.9079
46.8777
46.7051
46.0874
46.2299
47.2747
46.243
46.3219
45.7201
46.3634
46.1888
46.3166
45.9968
47.662
53.5906
47.8372
47.4398
47.4804
47.6989
47.8107
47.8991
48.6716
47.7817
47.7938
47.4335
48.3156
48.39
47.7432
47.3671
47.3768
47.803
47.797
47.2634
47.7599
49.0433
51.1366
50.2687
46.2982
45.953
46.2735
47.2942
46.2606
47.5469
47.6862
47.457
47.7243
47.8304
46.8034
45.9042
46.2721
46.4095
46.8619
47.2973
47.5099
47.7917
47.951
47.3446
52.7144
47.9113
47.187
47.4837
47.3701
47.4451
47.2941
47.6466
48.0318
47.4813
47.2363
46.9961
47.9668
47.3688
47.4325
48.3149
48.0821
47.2246
47.5874
47.7563
47.6604
50.2706
50.9292
47.6743
47.9946
49.4623
47.2028
47.5198
47.7615
47.8849
47.2027
47.8412
47.7244
47.3553
47.6886
47.4887
47.5565
47.1932
47.6718
47.3529
47.5657
47.449
47.3697
53.7405
47.7387
47.5749
47.5401
47.0807
47.7397
47.7124
47.9849
47.3258
47.9188
47.8334
47.4978
47.2929
47.6403
47.6753
47.1249
47.645
47.6197
47.6233
47.4484
47.8458
51.98
48.1457
47.1078
49.3994
47.8203
47.6848
47.5104
47.5888
47.6631
47.3826
47.4883
47.3806
47.2383
47.6352
47.7146
47.593
47.0594
47.8182
47.3121
47.2049
47.4598
49.1718
51.252
47.0721
47.8012
47.6987
47.5405
47.1519
47.3106
47.7495
47.3967
47.1984
47.8021
47.4714
47.6379
47.1171
47.5489
47.7127
47.8108
47.1589
47.5622
47.5107
47.7168
53.7562
47.5254
49.2261
47.816
47.2851
47.4893
48.0399
47.3899
47.7427
47.522
47.7388
47.6668
47.2791
47.935
47.5372
47.6166
47.6346
47.591
47.7609
47.5841
47.2024
52.4922
49.3484
47.6327
46.9539
47.5651
47.4734
48.1433
47.1445
47.8824
47.6555
47.4532
47.4879
47.6214
47.6624
47.161
47.7786
47.6895
47.4233
47.513
47.4918
47.6217
47.2681
53.2891
49.4457
47.6605
47.2924
47.7824
47.6475
47.5841
47.62
47.8095
47.4507
47.6126
46.9137
47.4961
47.8126
47.5375
47.3845
48.2696
47.561
47.3251
47.1146
47.7016
50.8664
50.1695
47.7579
47.6409
47.5328
47.5157
47.6748
47.629
47.1353
47.5951
47.5123
47.5576
46.9805
47.6921
47.7478
48.9463
47.28
47.4651
47.6087
47.652
46.8846
48.1604
53.8192
47.5937
47.1092
47.729
47.3242
47.7518
47.1228
47.766
47.6521
47.8371
47.2742
47.474
47.7838
47.6203
47.3087
47.4736
47.779
47.4248
47.2308
47.4157
47.4592
53.3191
47.6172
47.4243
47.6781
47.4953
47.1494
47.3024
47.43
47.4379
47.1296
47.5515
47.9455
47.6727
47.2595
47.6822
46.9276
47.1241
47.6355
47.4885
47.8141
47.013
49.8151
50.0311
47.4201
47.2871
47.6198
47.6662
48.2033
47.2473
47.0682
47.3935
47.6309
47.4528
47.0957
47.7473
47.8957
47.7886
47.1085
47.4959
47.2543
47.5203
47.4466
47.6416
52.1277
48.2122
47.2948
47.6205
47.092
47.4502
47.6025
47.5922
47.2631
47.3044
47.6379
47.5437
47.4733
47.6007
47.2483
47.4156
47.0983
47.5398
47.4938
47.4011
47.1119
49.8964
52.176
47.9692
47.303
47.6701
47.9267
47.4942
46.9873
47.1413
47.5772
47.5695
47.4801
47.5846
47.3734
47.7118
47.171
47.4133
47.552
47.5757
47.0912
47.3957
47.6415
53.0558
47.2806
47.4842
48.1364
47.3729
47.1325
47.5825
47.4552
47.339
47.0326
47.4682
47.9285
47.5739
47.2495
47.422
47.343
46.6406
46.0468
46.2482
46.0884
47.3393
47.1635
52.0519
47.267
47.023
47.7005
47.6092
47.5312
47.0537
47.5223
47.4319
47.4929
47.3874
47.6696
47.4863
47.4295
46.9544
45.9235
46.5893
45.6027
45.8196
45.6749
45.8765
49.8605
49.1973
45.9256
45.905
45.8274
47.4124
47.3452
47.5441
46.8338
47.3575
47.4259
47.5213
47.3207
47.175
46.9137
47.2618
47.2967
47.0059
47.1445
47.3482
49.0155
47.1413
54.1441
47.066
47.5677
47.5547
46.9967
47.2444
47.319
46.0387
45.8403
45.8633
46.1842
45.4315
46.0035
45.8973
46.0737
47.4479
47.3253
47.3251
47.1604
47.511
47.6283
50.1152
50.7985
47.5805
47.6769
47.0522
47.3437
50.3794
46.815
47.6864
47.6096
47.4039
46.8653
47.3526
47.4612
47.0151
47.6501
47.293
47.3511
47.0896
49.1618
47.4395
47.4572
53.3135
47.4368
47.1017
47.5779
46.7159
47.703
47.4893
47.5773
46.987
47.8848
47.4059
46.8026
47.6408
47.5225
47.2084
47.4719
47.6235
47.2363
47.112
47.5563
47.5852
50.2889
49.6323
47.5841
47.4319
47.057
47.063
47.3371
47.5368
46.9658
47.1655
47.457
47.1821
46.8677
47.5457
47.5267
45.5612
45.8054
45.8705
47.484
45.6374
47.1851
47.6204
54.0211
47.71
47.4177
47.16
47.2368
47.4306
47.2662
46.9805
47.7233
47.2272
47.3664
46.7852
47.447
47.537
47.3627
46.9639
47.4521
47.1782
46.9205
45.4682
45.8954
46.2834
52.8433
47.1727
47.7427
47.5895
46.8494
47.2519
47.438
47.4009
46.949
47.3611
47.3856
47.2413
47.1178
47.5482
47.4448
47.2003
47.0772
48.7307
47.5555
46.7353
45.672
49.8327
48.5481
46.1179
45.4208
46.1307
45.3339
45.955
46.1506
45.6013
45.5623
45.9795
45.8212
45.9146
45.6423
46.9954
47.5472
46.9801
47.2849
47.5609
47.6674
47.0451
47.9774
52.5278
48.4691
46.8942
47.5584
47.5663
47.5072
47.2712
47.5253
47.6077
47.452
47.1626
47.466
47.5936
47.5987
47.2146
47.365
49.5517
47.7658
47.0525
47.506
47.5038
47.7373
51.5652
47.4592
47.5342
47.45
46.9616
47.8259
47.4161
47.7343
46.8883
47.7025
47.4417
47.6416
47.1852
47.3905
47.6649
47.2261
47.5546
47.401
47.658
47.8636
47.132
51.6152
47.2983
47.4967
47.5201
47.3612
47.2691
47.6133
47.0279
47.6918
47.6814
47.3118
47.5922
47.6108
47.0453
47.4576
47.3283
49.6854
47.0092
47.5263
48.0053
47.5233
47.1803
51.9538
47.3745
47.3405
47.0465
47.5522
47.8859
47.4188
47.2993
47.5534
47.3163
47.3199
47.0059
47.5394
47.5389
47.7023
47.1415
47.5336
47.5401
47.4557
47.0043
47.6612
48.3898
51.4181
46.8433
47.4966
47.7219
47.327
47.0359
47.6282
46.9726
47.5951
47.4752
47.4279
47.0966
47.471
47.4312
48.8343
47.1448
47.3133
47.6072
47.6147
47.1097
47.5328
50.9153
48.2505
47.164
47.7666
47.6063
47.0187
47.43
47.3044
47.297
47.4697
46.8987
47.3856
47.3856
47.4535
47.1623
47.2832
47.5227
47.9562
47.0601
47.4317
47.5956
47.3109
51.7752
47.0111
47.6567
47.3377
46.8633
47.5471
47.2204
47.6727
47.0797
47.674
47.1769
47.4862
46.901
48.9822
47.469
47.5635
47.3941
47.5292
47.3664
47.3618
47.1695
47.3944
51.3704
47.6949
47.6679
47.0301
47.4121
46.7361
47.4818
47.5083
47.6457
46.9026
47.3057
47.5167
47.172
47.2956
47.3851
47.8571
47.0157
47.4111
47.3466
47.4082
47.4957
48.2027
50.4332
47.7359
47.0298
47.4826
47.4725
47.3251
47.0728
47.4999
47.8077
47.313
46.6956
49.1692
47.358
47.4217
47.2214
47.6079
47.0489
47.2636
47.3176
47.0694
47.3092
51.6902
47.2094
47.1131
47.2802
47.5945
47.2984
46.9473
47.1654
47.4421
47.109
46.998
47.4699
47.3178
46.9527
47.6661
47.4673
47.2984
47.4528
47.3187
47.4196
47.462
47.1715
51.5749
47.5058
47.2819
46.8445
47.4349
47.2626
47.5597
46.8501
47.4753
47.3781
47.7977
48.7134
47.6367
47.9177
47.4379
46.9911
47.4521
47.315
47.3615
47.0735
47.4843
50.8746
48.2696
46.8529
47.4933
47.3812
46.9811
47.2931
47.3409
47.2682
47.012
47.5021
47.2953
47.0245
47.8602
47.1742
47.4398
46.7657
47.3397
47.1973
47.3886
46.6379
47.3555
53.1134
46.8796
47.2301
47.214
47.0071
47.3552
47.3098
47.3272
46.9195
47.7222
48.4786
47.5402
47.5575
47.2613
47.4241
47.3606
46.9245
47.3218
47.0775
47.2172
47.0395
50.4177
49.803
47.4693
46.8597
47.245
47.1365
47.3758
46.9165
47.5829
47.469
46.8808
47.3696
46.96
47.2405
46.954
47.503
47.4108
47.6952
46.9786
47.45
47.5519
47.5889
53.5608
47.3806
47.4885
47.397
47.0329
46.9754
46.098
45.9715
47.2585
49.2564
47.6859
47.4767
47.0237
47.2905
47.3671
47.4534
46.7357
47.4351
47.3787
47.5524
46.9905
50.5623
48.9006
47.5508
46.9259
47.3368
47.1506
46.9278
47.5244
47.5686
47.4878
46.8331
47.6741
47.1369
47.3194
46.8275
47.3156
46.9855
47.4163
46.8658
47.171
47.1764
47.33
53.4314
46.8195
47.5512
47.4167
46.9709
47.1807
47.276
47.6127
47.018
48.493
47.0975
47.7086
46.7842
47.5086
47.3427
46.8635
47.2329
47.5921
47.0887
47.4929
47.3097
49.7036
50.2704
47.2786
47.5621
47.5847
46.9179
47.2329
47.4325
46.8203
47.1765
47.0261
47.4394
46.9641
47.4084
47.1475
47.5277
46.8731
47.5075
47.2406
47.4986
47.3304
46.8245
52.9596
47.0312
47.5295
46.9099
47.3809
47.1743
47.3177
47.1878
48.9187
47.3304
47.671
47.3324
46.8085
47.1586
47.0866
46.9849
47.2663
47.7403
47.1339
46.7226
47.0577
49.5288
51.3187
47.4152
46.7522
47.5062
47.3281
46.9999
47.3028
47.2744
47.4328
46.9617
47.4968
47.2473
47.498
46.9082
46.9649
47.3038
47.2246
47.8118
46.8157
47.3527
47.3477
52.9866
46.6536
47.433
47.1954
46.8162
47.6275
47.47
48.2085
47.8221
47.3464
47.3019
47.5351
46.924
47.4887
47.2493
46.8924
47.6643
47.4661
46.7775
47.4329
46.8851
48.6882
51.6674
47.2477
47.0907
47.3116
47.4648
47.1566
47.1187
47.6152
47.191
46.5563
47.4044
47.0546
47.2845
47.3728
46.8269
47.5228
47.3383
47.3774
46.8366
47.3235
46.9681
53.2801
46.7726
47.1163
47.3649
47.4144
46.7862
47.3606
49.0589
47.2888
46.9238
47.3503
47.7199
47.0433
47.1938
47.1079
47.3582
46.4727
46.048
45.3993
45.7993
45.4304
45.8415
51.4941
45.8855
45.7053
45.172
45.9442
45.8512
45.7778
45.546
47.0875
47.1273
47.4944
46.9708
47.2482
47.3238
47.4259
46.9272
47.0016
47.2199
46.6446
47.4421
47.2645
47.4348
53.3047
46.9961
47.2114
47.1567
47.1301
47.3114
48.8425
47.2928
46.8703
47.1287
47.2308
47.2636
46.8754
47.2901
47.5886
47.0515
46.7068
45.872
46.9436
47.4563
46.5625
50.8667
49.5778
47.3224
47.146
47.1823
49.1411
47.7112
46.6914
47.217
47.225
46.5075
47.4305
47.1706
47.3972
46.9212
47.3686
47.1301
47.2174
46.9798
47.3384
47.1266
47.0881
52.556
46.9989
47.585
47.3908
46.8985
48.4906
47.2599
47.2588
46.901
47.2389
47.4322
47.4196
46.9109
47.4042
47.1822
47.3323
47.3527
46.7465
46.9541
47.4169
47.369
49.9075
49.6478
47.5813
47.4643
46.8233
47.112
46.8771
47.2682
46.0084
46.8181
45.6612
45.5234
46.8768
47.6607
47.419
46.8522
47.2706
47.3697
47.2281
47.0121
47.0737
47.0936
53.4793
48.1635
47.1187
47.2622
48.8347
46.8294
47.0003
47.1986
47.1674
47.0244
46.6761
47.3566
47.4892
47.2247
46.7744
47.4861
47.5489
46.9154
47.2453
47.2613
47.1873
48.3819
51.5345
47.5588
47.2318
47.3027
47.1984
47.3868
47.4047
46.8963
47.209
47.4015
47.3124
47.2183
47.2621
47.2773
47.5591
46.9206
47.2675
47.3099
47.08
46.9739
47.3674
53.1104
46.9711
46.9607
47.1039
47.6327
45.6019
45.447
45.7196
45.8359
45.7865
47.3306
47.2909
47.2038
46.7884
46.8937
47.5888
47.2875
46.7664
47.4024
47.2864
46.9034
46.9074
52.1769
47.2403
47.0498
46.9277
47.2629
46.8622
46.7237
47.1506
47.1401
47.2875
47.1167
47.0083
46.7189
47.4476
46.9538
46.848
47.2326
47.2711
47.1582
46.8208
47.0647
50.202
49.5104
48.5232
49.7183
47.3217
47.0756
46.5981
47.291
47.3371
46.5979
45.3749
45.8357
45.6993
46.9983
46.9793
47.3166
47.2902
46.8945
47.214
47.3968
47.3486
45.4687
51.5473
45.9973
46.764
45.4816
45.4859
45.7112
45.6213
46.088
45.2155
45.6262
45.7365
45.4218
45.3502
45.7474
45.3522
45.5862
46.0971
45.7458
45.499
45.7128
45.8907
45.4481
50.2629
49.6828
47.4006
48.5216
47.3596
47.2143
47.2569
46.9078
47.1968
47.6957
47.2295
46.8716
47.2239
47.3425
47.1436
46.802
47.1135
47.3429
47.3564
46.7468
48.0497
48.103
53.3017
46.8497
47.4247
47.2895
47.1375
46.8322
47.3746
47.3468
47.0943
47.356
47.4691
46.7487
47.2412
47.8307
46.886
47.2338
47.4063
47.3979
46.713
47.4749
47.3208
49.8766
49.5566
48.267
47.0003
47.3242
47.1095
46.6469
47.2009
47.4554
46.9665
47.3915
46.9376
47.2407
46.9701
47.3679
46.9387
47.1278
47.3379
47.0292
49.0742
47.376
47.0493
53.4794
46.8332
47.4183
47.2171
46.9551
47.1109
47.007
47.0788
46.9644
47.3032
47.3144
47.2036
46.6202
47.4027
47.2401
47.0422
46.858
47.373
46.9691
47.3544
46.8417
50.3343
50.9074
47.2651
46.8492
47.4583
47.1252
47.1145
47.1059
47.2479
47.3895
46.8803
47.2309
46.8208
47.4639
47.7629
47.1287
47.3899
46.6882
47.59
47.0411
47.4974
47.1201
52.8009
47.3445
47.497
45.7931
45.8774
45.6574
45.8281
45.4108
45.7997
46.2813
46.8819
47.7283
46.9833
47.2523
46.8679
47.1827
47.1913
47.2891
46.9707
47.3588
47.1304
47.9789
53.2447
47.6021
47.5099
47.4352
46.6921
47.1706
47.6456
47.2606
46.9056
47.2166
47.246
47.2203
46.855
47.3185
47.1301
46.6794
47.2072
47.4994
47.2399
47.035
47.2298
52.0415
47.1723
47.3209
47.1864
46.7549
47.3943
47.2415
47.3593
46.7065
47.2355
46.8465
47.3968
47.1246
47.3719
46.902
47.3468
47.4667
47.1717
47.1193
47.7067
47.1345
47.469
53.736
47.0507
47.5214
47.316
47.0438
47.2682
47.4648
47.1587
46.9371
47.2867
47.3704
47.605
46.7227
47.3757
47.2973
47.0266
47.3014
47.5519
47.3385
46.7785
46.928
52.4992
48.2235
47.2259
46.796
47.4893
47.3837
47.3117
47.094
47.1434
46.8579
47.2202
47.1003
47.3009
47.3678
47.1953
47.029
47.5108
47.2408
47.5515
47.0426
47.3056
49.2339
53.2057
46.6949
47.4872
47.0871
47.9652
46.8314
47.4327
47.2876
46.7922
47.3453
47.0634
46.904
47.0337
47.4716
47.321
47.3174
47.4399
47.7426
47.323
47.1023
46.953
50.6309
47.8471
46.8915
47.1077
47.3744
47.3262
46.8303
47.2521
47.236
47.2893
46.8002
47.6101
47.3095
47.2264
47.1496
46.791
47.5844
47.2776
47.5779
47.1631
48.996
46.8422
53.036
47.2342
47.1352
47.157
47.3556
47.3845
47.0471
47.3056
47.2935
46.9939
47.2523
47.4599
47.4231
46.7935
47.1628
47.4387
47.3241
47.0425
47.1596
47.2037
47.3479
50.4741
49.2872
47.1625
47.7369
46.9475
47.32
47.444
47.2601
46.7757
47.3918
47.402
46.9963
47.1392
47.1974
47.6688
46.9121
47.6472
47.7218
47.3436
46.7513
48.2808
47.3775
52.9679
47.2314
47.2332
47.2463
47.355
47.1777
46.8992
47.2273
47.1966
47.4608
46.7389
47.3914
47.0788
47.6199
46.7531
47.716
47.132
47.5037
46.8037
47.2946
47.5277
50.1545
49.8009
47.3647
46.8367
47.2967
47.2382
47.5578
46.9609
47.3514
47.4646
46.988
46.861
47.4079
47.4696
47.0667
47.2432
47.7478
47.3523
46.9493
48.4077
47.4292
47.3814
53.1286
46.9304
47.4587
47.2818
46.7785
47.3579
47.7565
47.5832
46.8703
47.4691
47.062
47.5457
47.1841
47.0405
47.7353
47.5926
46.8023
47.4972
47.2165
47.1246
47.4693
50.7464
49.656
46.991
47.1903
47.1915
47.0211
47.2668
47.4663
47.2397
46.8752
47.2692
47.5666
47.2574
47.2395
47.5415
47.767
47.0229
47.3273
49.0837
47.4533
46.9561
47.3558
53.1409
47.3084
47.543
47.1968
46.7845
47.5817
47.3586
47.5244
46.8363
47.3566
47.4515
47.934
47.0068
47.9421
47.4649
47.2422
46.8235
47.4191
47.299
47.4199
47.0057
51.1175
47.6899
47.1422
47.0654
47.2574
47.4157
47.5038
47.1053
47.4375
47.3728
47.4614
47.2973
47.2014
47.4357
47.1287
47.3287
47.6546
48.0159
48.3906
47.1148
47.2308
47.3172
53.0524
47.3374
47.0864
47.3535
46.9567
47.4609
47.3852
46.7286
47.2917
47.6427
47.608
47.1808
47.3526
47.3697
47.4762
47.0112
47.1816
47.3205
47.3578
46.631
47.6585
50.5368
49.6913
46.9345
47.2883
47.4312
47.3123
46.7024
47.2646
47.2335
47.5319
47.1345
47.0352
47.2615
46.8695
45.6051
45.463
45.5651
47.2835
45.7639
45.5417
45.4798
45.8171
52.1222
46.342
45.8816
46.0694
47.2379
47.2971
47.0566
47.2988
47.2122
47.4707
46.8786
47.1695
47.3181
47.4277
46.7725
47.4315
47.3955
47.2458
47.0425
47.3116
47.6534
47.4858
52.0665
46.6915
45.8428
45.8084
45.2156
46.2087
45.8079
45.5472
45.9324
45.766
45.4887
46.1606
47.083
46.8413
47.1938
46.2826
47.389
45.7492
45.9101
45.7488
45.3953
45.984
52.3012
46.8668
46.7564
47.1101
47.0864
46.8053
47.7044
47.4711
47.1584
47.128
47.1999
47.6631
46.8505
47.2447
47.0507
46.7179
47.7144
47.1428
47.4092
46.6496
47.1813
50.4658
47.8711
46.6735
47.1985
47.1812
47.3116
46.7367
47.0936
47.3884
46.9057
47.3051
47.4972
47.3485
46.7097
47.215
47.0175
48.7633
46.8365
47.237
47.5247
47.2684
46.7834
53.1917
47.0455
47.2639
46.8472
47.2368
47.4118
47.0488
47.2021
47.1924
47.4303
48.3321
47.6184
46.8184
47.3108
47.4372
47.2061
47.0305
47.3924
47.3489
46.6732
47.3959
50.3399
49.7487
47.4045
46.8345
47.2285
47.0771
46.7935
47.465
47.3219
47.2876
47.5395
47.2009
47.4689
47.0621
46.8526
50.0058
47.3131
47.4397
47.0632
47.195
47.3365
47.0975
52.1748
47.1411
47.2435
47.3706
46.6526
47.3529
47.1641
47.3146
46.8427
47.5063
47.4137
47.3809
46.8986
47.2206
47.3264
47.0181
46.7668
47.6497
47.4511
46.6762
47.5703
50.024
48.8314
46.8654
47.3151
47.2196
47.4098
47.2431
47.4342
47.2401
47.5892
47.2871
47.5068
47.0557
49.1452
49.1155
47.4151
47.2317
47.2985
46.9394
47.2516
47.3169
47.5328
52.8007
48.0263
48.3961
47.1718
46.8603
47.533
47.2629
47.3986
46.4699
46.1434
45.8442
45.8706
45.2153
45.8023
45.834
45.4832
45.6144
45.6551
45.7763
45.1952
45.5448
45.3929
51.9191
45.3753
45.8059
46.6004
46.8094
47.3355
47.0687
47.5893
46.8731
47.3064
47.3683
46.9164
47.3059
48.9783
47.1203
47.0131
47.1917
47.2731
47.3989
46.7953
47.3467
49.7387
50.2636
46.8512
47.2245
46.3359
45.511
45.9819
46.2308
47.6414
46.6274
46.9524
47.6292
47.3235
46.6584
47.3827
47.3586
47.4988
46.9688
45.617
45.4133
45.7732
45.8727
51.006
46.7007
45.6574
45.9451
45.5863
45.8387
45.6997
45.4149
46.5287
45.7894
45.2548
46.894
47.1386
48.5423
46.7968
47.3788
47.3206
47.4266
46.9138
46.8226
47.2403
47.127
52.2104
46.8121
47.0833
47.7969
47.1724
46.9445
47.3399
47.1353
46.7479
47.1202
47.326
47.2308
46.8162
47.0905
47.2536
47.1056
46.8352
47.2723
47.1098
47.2723
46.746
47.7282
51.6564
47.2514
46.7823
47.2649
47.0375
47.7135
46.8714
47.2964
47.0856
47.3829
46.6722
48.0426
48.37
47.4609
46.784
47.363
47.0833
46.7101
47.4669
47.3239
46.9868
52.0026
47.619
47.1529
47.0374
47.159
47.6655
47.3961
46.753
45.6882
45.5555
45.7754
45.6085
45.2214
45.8227
47.4364
47.4251
46.8784
47.2295
47.0764
46.7869
47.055
47.4604
52.8408
47.0718
47.5132
47.0918
47.1348
47.7759
47.3805
47.1866
47.1949
46.5421
47.4596
48.6778
47.4546
46.8516
47.2285
47.2911
47.1626
46.8747
47.2062
47.1557
46.8379
51.0985
50.2177
47.6034
46.9145
47.3734
47.2002
47.3645
46.8578
47.1508
47.0337
47.177
46.7815
47.4029
47.3613
47.2107
46.5777
47.0067
47.3087
46.7944
46.8955
46.9377
47.3802
52.871
47.9348
47.1011
47.2674
47.8075
46.993
47.1752
46.2183
45.5707
45.2954
45.6542
47.0221
45.468
45.6063
45.7579
45.7069
45.2767
45.6889
45.1065
45.7333
45.5982
45.741
51.4631
46.9461
47.0834
47.4733
46.7409
46.8027
47.1909
47.0159
46.6876
47.0565
47.19
47.2723
46.8113
47.0425
47.3784
47.0476
46.8028
47.2772
47.1852
46.943
46.658
47.9312
52.3629
46.929
47.1181
47.4093
47.1575
46.8301
47.1682
47.3045
47.2142
48.0569
47.7683
46.956
47.1181
46.7758
47.4015
46.6395
47.0868
47.0476
47.2684
46.8001
47.3496
49.4283
50.9896
47.0977
46.5372
47.3143
47.1073
46.9649
47.0893
47.2485
46.9594
47.1314
47.1442
47.3151
47.2167
46.6681
47.4038
47.1653
47.263
46.7882
47.0628
46.9832
47.395
53.0965
46.9226
47.5635
47.4282
46.6739
46.8403
46.8879
47.199
46.9081
49.0036
47.7718
47.1819
46.8879
47.0539
47.3377
47.2709
46.7295
47.1445
47.1419
47.4162
47.082
48.3165
52.2509
47.4803
46.7481
47.2537
47.1501
47.0756
46.671
47.4084
47.4143
47.1729
46.778
47.1769
47.2003
47.1539
46.8685
47.1943
47.1112
46.6582
47.0641
47.4166
47.3552
50.5149
47.9085
47.1767
47.3248
46.7519
47.04
47.3813
47.1855
48.3586
47.1332
47.3232
47.159
46.8166
47.0855
47.6772
47.1578
46.8462
47.2149
47.2087
47.4751
46.4862
47.1839
53.5229
47.4317
46.8653
47.4772
46.7937
47.266
46.7544
47.0766
47.5965
46.9658
47.1354
47.2386
46.8095
46.959
47.3525
47.2465
46.9659
47.3163
47.5774
47.2579
46.8577
50.4559
49.4577
47.2684
46.6404
47.3769
47.041
47.2782
46.8851
49.1505
47.0904
47.3639
46.8124
47.2284
47.3336
47.2054
46.6874
47.3699
46.969
47.1713
47.2461
47.0808
46.9447
53.2574
47.0912
47.1724
46.8306
46.6689
47.3252
47.2405
47.4033
46.6897
47.4989
47.4485
46.731
47.4965
47.1279
46.7432
46.98
47.5115
47.3646
46.7519
47.0623
47.2208
50.5496
49.2237
47.2996
47.158
47.0501
46.6877
47.2759
48.9271
47.21
46.8447
47.2363
46.8286
47.2701
46.6041
47.1127
47.1942
47.768
46.9755
47.0623
47.0048
48.1364
47.0846
52.6468
47.3763
47.283
46.8814
47.5013
47.288
47.5584
46.643
47.2912
47.2792
47.42
46.7199
47.2678
47.1568
47.4057
46.9032
47.5094
47.0689
47.2527
46.7017
47.3463
49.8477
48.1724
47.1702
46.6255
47.3055
47.1388
47.3294
48.4017
46.907
47.0897
47.3799
46.7957
47.0644
47.2198
47.142
46.7893
47.1851
47.6268
47.2117
46.8395
47.192
47.1331
52.9787
46.8881
47.3444
47.235
47.3642
47.134
47.1719
47.2134
47.2888
46.9754
47.3375
47.1168
46.9614
47.0006
47.2869
47.3917
47.2172
47.3718
48.0525
47.5204
46.854
48.1013
51.6039
47.3125
47.3341
47.272
47.0165
49.1291
47.0886
47.2394
46.7005
47.2353
46.2908
45.5974
45.5294
45.8532
45.7678
45.4693
45.729
45.8339
46.9016
46.7542
47.1664
49.854
49.3332
46.7868
47.2044
47.6812
47.1821
46.7137
47.0722
47.3713
46.9694
46.8918
47.32
47.0928
46.8806
47.0648
47.5042
47.091
46.5981
47.2637
46.2543
45.6395
45.2341
50.7584
46.0829
45.7389
45.1809
45.7982
46.979
45.3248
45.8254
47.5309
46.9407
46.86
47.1295
46.0959
45.3624
45.5425
45.9579
45.4761
45.3275
45.8802
46.2658
45.2304
45.4825
51.3278
47.27
47.3474
47.1987
47.2025
47.2094
46.978
46.9852
46.9048
46.4628
45.5741
45.8442
45.1921
45.7503
46.0156
45.279
45.6264
46.9611
45.9549
46.8045
47.0965
47.2842
52.3089
46.6303
47.2956
47.4025
48.456
46.1346
45.7617
45.4798
45.4377
45.3551
45.6947
45.697
45.2009
45.4931
45.7744
45.3558
45.3976
46.8932
45.7855
45.3935
45.5937
45.319
51.813
45.7938
45.6828
47.3449
46.7018
47.1179
47.2846
47.2225
46.8911
47.0708
47.1829
47.3801
46.7537
47.5381
46.9591
47.3297
47.0507
47.3486
47.3282
47.4258
46.7439
47.3212
51.4215
47.3846
46.5495
48.8497
47.4327
47.1352
47.0901
47.1095
46.9005
47.0222
47.2264
47.045
47.2956
46.7113
46.9853
46.6738
47.1384
46.8756
47.2793
47.138
47.0404
50.3319
49.1449
47.4192
47.0065
46.8297
47.2029
47.1332
47.3249
46.9842
47.2324
47.0916
46.8908
47.2729
47.4404
47.1689
46.9298
46.8223
47.0998
47.3343
47.0252
47.1799
47.2212
52.599
46.9795
47.2776
48.067
47.237
47.226
46.7988
47.1693
47.1968
47.1179
46.9332
47.499
47.3741
47.1082
47.006
47.0813
47.1849
46.817
47.2074
46.9779
47.4503
48.7313
51.1623
46.8991
47.0868
46.8251
47.0696
47.4264
47.1223
46.6688
47.3986
46.956
47.3084
46.7541
47.1424
47.6009
46.8889
46.8925
47.1554
47.2531
47.0678
46.7641
47.2363
51.1629
47.2843
48.6103
47.2498
47.1311
47.0979
47.0634
47.0011
47.2455
46.6835
47.2468
47.5556
47.009
47.3873
47.23
47.4829
46.8606
46.8315
47.2342
47.2723
47.0469
47.996
52.0771
47.3147
46.9829
46.793
46.9397
47.2313
47.3315
47.1773
46.675
47.28
47.8058
46.6831
47.1195
47.3454
47.2713
46.771
47.3232
47.1007
47.1296
46.7161
47.5833
51.8285
48.0438
48.4915
47.3026
46.9492
47.2726
47.2497
46.6968
47.324
47.2254
47.3477
46.9954
47.9326
46.811
47.4068
46.7769
47.1177
47.3318
47.3035
46.639
45.6005
47.6025
52.7925
46.6159
47.229
46.8777
46.4736
47.183
47.2335
47.1283
46.891
47.3711
47.1941
47.1148
47.109
46.7983
47.3032
47.1158
46.748
47.1893
47.2955
47.334
46.7767
50.0747
51.5554
47.2277
46.8811
47.1816
46.6106
47.2711
47.3229
46.4382
47.5469
47.223
47.4094
47.3094
48.5265
47.5186
47.172
46.7296
47.3858
47.0374
47.139
47.0571
47.1888
52.7948
48.3436
46.994
47.1973
47.198
47.2418
46.5969
47.3513
47.1681
47.1087
46.9448
46.9828
47.137
47.2351
46.8535
47.0764
47.1372
46.773
47.0091
47.8847
46.7915
49.6185
50.1813
46.9024
47.0037
46.9548
46.7417
47.2297
47.2315
47.4337
46.8983
47.0074
46.9089
47.344
46.8593
47.096
47.3629
47.0298
46.7907
47.2663
47.4804
47.4539
46.7149
52.9337
47.2484
47.2377
46.7719
47.2806
47.2201
47.2308
46.9884
47.0428
47.3623
47.1232
47.034
47.5245
47.2968
46.913
46.9628
46.9654
47.3126
47.4322
46.6777
47.2596
49.2228
50.7347
47.0594
46.977
47.3059
47.328
47.106
47.1264
47.3322
47.3121
47.6843
47.0397
47.19
47.2932
47.3951
46.9207
47.4857
47.1016
47.028
47.3123
47.2699
47.3766
52.2833
47.8707
47.2516
46.6177
47.4246
47.1349
47.1216
48.4509
47.401
47.1948
46.674
46.9836
47.1403
47.1707
47.1682
46.8246
47.0629
47.191
47.3507
46.6956
48.3809
47.7796
51.8157
46.7319
47.1195
46.9485
47.1236
46.964
45.6678
45.4195
47.2182
47.1858
47.4499
45.9475
45.4964
45.3769
45.5704
45.9124
45.2351
45.7963
45.6353
45.7925
46.5722
47.3787
52.5058
47.3442
47.0274
47.1669
47.2697
47.3278
46.8004
47.3287
47.7894
47.2829
47.2637
47.1658
47.1369
47.1463
46.7322
47.5668
47.2896
46.9461
46.8298
49.3454
47.1823
50.07
49.2726
47.3837
47.0554
47.381
46.9421
48.361
47.3533
47.2286
48.0069
47.0728
47.4576
46.8364
47.1985
47.105
47.2345
47.183
46.6477
47.3182
47.1588
47.1567
46.9615
52.0719
47.2067
46.9635
46.8573
47.5885
47.2659
47.0562
46.6934
45.8604
45.7995
46.3769
47.2811
47.1676
47.0002
46.6443
47.2381
47.2168
47.3508
46.677
48.8779
47.2954
47.7278
51.3273
47.251
47.1327
47.1607
46.8635
47.0233
47.3525
47.0993
47.0157
47.154
47.0541
47.0024
46.8447
47.1586
47.4324
46.6814
47.1556
47.1107
47.1407
46.7733
47.2111
51.5548
48.1082
46.8603
47.367
47.302
47.0811
47.0251
47.1998
47.0596
47.4314
47.6044
47.2519
47.0491
47.2956
46.8686
47.313
47.1828
47.218
48.0082
45.347
45.4633
45.2307
51.4255
45.5594
45.7226
46.6017
47.1209
47.0363
46.7128
45.184
45.4956
45.5783
46.3391
47.1354
47.0158
47.4056
46.7518
47.1912
46.9114
47.3546
46.5963
47.8761
48.2978
47.0921
52.0601
46.9792
47.2709
46.7066
47.3677
47.3188
47.4154
46.7788
46.6883
47.3275
47.2897
47.2266
46.6961
47.2405
46.6894
47.1943
47.4013
48.345
46.6201
47.267
46.9712
50.6786
48.7954
47.3247
47.2843
47.1988
46.5455
46.3677
47.3012
46.7968
46.9096
45.7748
46.3969
46.5642
47.1196
46.9688
47.0908
46.5613
47.2549
46.9925
46.9185
46.8487
47.2394
52.0758
47.2779
46.7848
47.086
47.3164
47.1486
46.6705
47.169
47.2555
46.8599
46.7337
47.0366
47.3337
46.7487
47.1348
47.0873
47.0516
48.2411
45.6582
45.8911
45.0583
46.2503
51.4516
45.7238
45.3062
47.1353
47.1694
46.452
47.2267
47.0739
47.1711
46.5
47.0398
47.1046
46.9169
46.874
46.8476
47.0682
47.0971
46.7932
47.0443
46.642
46.5761
49.6361
49.7387
47.0075
47.4818
47.0136
47.0693
47.3404
47.7824
46.9924
47.0776
46.9995
47.0919
48.2494
47.3686
47.1442
46.8019
48.7901
47.0296
47.1982
46.5579
47.2231
47.1879
52.2424
46.6385
47.7279
47.1088
47.2384
46.737
46.6554
47.1328
47.0544
47.0045
46.9297
47.388
47.1098
46.6224
47.3074
47.0797
46.8592
46.602
47.1686
47.2314
46.9932
47.6637
51.9086
47.1531
47.7614
46.703
47.1507
46.99
47.0794
46.6606
47.1671
47.1668
47.3865
46.6969
45.3559
45.7586
45.3667
47.8837
45.5101
45.2467
45.6837
45.6889
45.1195
48.3102
48.8684
45.6547
45.5125
45.4778
45.682
45.6835
45.2381
45.3794
45.5433
45.0793
45.4564
45.8398
45.6704
45.1983
45.1002
45.6566
45.6616
45.8366
45.0546
45.5533
46.2056
46.8576
52.5207
47.0152
46.9993
46.8142
47.0906
47.1516
47.2197
46.5998
47.2001
47.3055
47.1436
47.2691
47.1139
46.4777
48.5992
47.085
46.8495
47.265
47.3074
47.4456
46.6105
50.5977
49.5621
47.1795
46.7271
47.3805
47.0562
46.905
46.6019
47.1252
47.4882
46.713
47.2816
47.3073
47.1039
46.8024
47.1306
47.1534
47.2782
46.8907
47.497
47.3268
47.1165
52.7706
47.1505
46.8122
47.054
47.4452
47.1317
46.7521
47.2248
47.3898
46.573
47.0754
47.146
46.741
47.1265
48.5037
47.0929
46.6465
47.0815
47.0469
47.3514
46.4579
47.7508
53.1707
46.8924
46.7361
46.8255
47.0487
47.1507
46.551
47.3472
47.135
46.8864
46.6476
47.0303
47.0131
46.7073
46.9578
46.9728
46.9212
46.3961
47.0824
47.1465
47.2256
50.5374
48.4394
46.7263
46.9238
47.0536
46.6583
47.0305
47.0918
46.9906
46.8728
47.1228
47.2693
47.01
47.6212
47.8647
47.0306
46.6294
47.1068
47.2035
46.9916
46.7365
47.171
52.7875
47.0771
46.6746
47.0532
47.1887
47.1375
46.8666
47.2834
47.0984
47.0589
46.8115
46.844
46.9633
47.265
46.5811
47.1499
47.043
46.6921
47.0396
46.9881
47.3477
49.1083
50.3883
47.3455
47.0712
46.4895
47.086
47.1099
47.3797
46.5381
47.0002
47.2256
47.2663
46.5923
48.4675
47.2211
46.7302
46.5744
47.3794
47.0952
47.1051
46.9352
46.9744
52.5185
47.3592
47.1879
46.8899
46.6999
47.0275
47.1772
46.7225
47.2623
47.3474
46.6907
47.0686
47.016
47.2149
46.6545
47.0183
46.9517
46.9701
46.6026
47.4381
47.081
47.4224
52.116
46.9521
47.1572
46.9951
46.8138
47.0719
47.0089
46.7475
47.0311
46.9658
46.7697
47.1411
48.853
47.0959
47.0282
47.2335
46.8551
47.082
46.7751
47.3783
46.5521
50.446
49.5209
46.9589
46.6947
46.9764
47.4522
47.5319
46.7302
47.1094
47.2929
47.0615
46.5736
46.7396
46.9997
46.8209
47.0989
47.3634
46.8076
47.2131
47.2322
47.2189
47.1065
52.6254
47.2557
47.1599
46.916
46.9641
47.0902
46.8879
47.0346
47.0231
47.0764
46.7763
48.3865
47.0004
47.1894
46.6549
47.3791
46.8982
47.1825
47.0799
47.0968
47.0156
48.5559
51.3793
46.8266
47.0418
46.9392
47.0572
47.0147
46.9173
46.6043
47.2338
47.0136
47.0593
46.4693
46.8536
47.1382
47.4262
46.7461
46.8984
47.3957
46.6907
47.2839
47.028
51.981
47.3747
47.322
47.4277
46.8898
46.7304
47.075
47.2043
46.5257
47.1964
47.2514
48.822
46.6035
46.7872
47.4598
46.8832
46.8534
46.9334
47.2686
46.509
46.9511
47.2055
52.5296
47.1728
46.8527
47.0467
46.9901
46.5336
46.9717
47.0538
46.9913
46.6664
46.931
46.9238
47.0588
46.9654
46.8835
47.1293
47.1591
46.5609
47.0024
46.4934
46.9952
49.0847
50.8196
47.0499
47.0923
46.5982
46.9725
47.2868
47.2584
46.7057
47.0583
48.5996
46.8787
46.9794
47.1307
46.7054
46.9844
47.3927
47.2242
46.7257
46.8099
47.0384
47.1335
52.5768
47.1284
47.3749
47.3513
46.6547
47.261
45.4229
45.6814
45.1857
45.6329
45.8087
45.6521
46.5282
46.9936
47.2143
47.0448
47.2805
47.0036
47.1278
46.5079
46.9864
47.1365
52.2781
45.4773
45.6505
45.6458
45.4642
45.3861
45.2188
45.6379
45.2135
47.4749
45.6415
45.3767
45.3627
45.7524
45.4666
45.0812
45.4329
45.4165
45.2617
45.5556
45.0547
45.8197
50.5802
47.6387
46.4708
47.1209
47.0096
47.05
46.5832
46.9273
47.0761
46.4873
45.3746
45.7437
45.1589
46.7088
47.5425
47.2446
47.2306
46.6096
47.0887
46.9843
46.9128
46.644
52.9503
46.9995
47.0739
46.7179
47.1278
47.1631
47.0293
46.8906
48.2598
48.0372
47.1145
47.2684
46.6046
45.4069
45.8064
45.6502
45.7526
45.4035
45.3316
46.8503
47.1867
47.4183
52.1189
47.0166
46.051
45.422
45.4921
45.7955
46.7746
46.7328
47.2203
47.2584
47.2336
46.6878
47.1629
47.4052
47.1868
46.6625
47.1274
46.7599
46.7662
47.171
47.3335
49.1715
50.4303
46.7078
46.9571
46.8329
46.4265
45.5935
45.4481
46.6714
45.2106
45.7817
45.5436
45.145
45.5624
47.112
45.68
45.0716
45.8289
47.2849
46.8111
47.0842
47.0536
49.4684
49.8901
47.0256
46.5542
46.9952
47.1753
47.0604
46.4991
47.1534
47.3539
49.0594
46.8182
47.1348
46.2465
45.823
45.3033
45.5409
45.1522
45.1237
45.7667
45.4239
46.3358
50.0271
48.7851
47.0259
47.2879
46.9932
46.6399
47.2082
48.0762
47.3701
46.7768
46.9172
46.9805
47.2186
47.3189
47.126
47.0831
46.5894
47.0523
47.211
46.9996
46.9204
47.3086
52.9434
46.8039
46.6588
47.1486
46.5726
47.032
47.0389
47.0665
46.788
47.1504
47.1588
48.3991
46.5245
46.3624
47.0604
46.9634
47.0321
46.5964
46.8414
47.1688
47.0855
47.644
52.8004
47.2917
47.2734
46.6646
47.0742
47.2784
48.3228
47.3311
47.1174
47.3156
46.9285
47.1674
47.0529
47.4081
46.671
47.0688
46.9405
46.4829
47.2311
47.007
47.2985
52.1247
47.0779
46.7478
47.1954
46.8647
47.0705
47.1006
47.1329
47.0611
47.015
47.1331
47.4294
46.7079
47.0438
47.4707
47.1077
46.7155
47.1295
47.0526
46.4538
47.1143
47.439
52.4209
47.4557
46.7563
47.2051
46.3487
47.0365
49.1528
46.8895
46.9974
47.3271
47.4367
46.5687
47.0011
46.6691
47.5424
47.1747
46.7203
47.4484
47.1656
46.5864
47.0733
50.0859
49.1607
46.9478
47.2054
46.6769
47.1858
46.0094
46.0539
46.9064
47.1104
47.0976
45.4544
45.3542
45.3781
45.8366
45.2303
45.3873
45.7017
45.2972
45.5091
45.4754
46.4188
50.7361
49.3586
46.9144
47.0124
46.3883
48.8549
48.3004
47.0754
46.892
47.9618
47.1847
46.8908
46.6525
47.0846
46.9853
46.6646
47.1527
46.8309
46.8834
46.5961
47.0398
47.0203
52.6501
46.5761
47.0196
47.0703
46.782
46.9763
47.0375
47.0065
47.1702
46.6329
47.0651
47.134
46.784
46.3303
47.0895
47.0595
46.8367
46.907
46.9055
46.851
46.4751
46.9867
51.5878
46.8358
46.8027
45.4921
47.5864
45.4614
45.7216
45.5056
45.5314
45.62
45.594
45.4099
45.3402
45.5188
45.1915
45.1018
45.8949
45.6425
45.6784
45.3809
45.6689
47.0768
50.3585
48.1472
46.8512
47.268
46.4523
47.1195
47.0381
46.6477
46.6242
46.7849
47.1126
46.8838
46.6359
47.0183
47.0763
47.3004
46.7741
47.0364
46.9696
46.3437
47.0093
47.0582
52.4213
47.6867
46.5648
48.026
46.8242
46.6047
47.4797
47.2135
47.0396
46.5614
47.1813
46.9523
47.0258
46.7229
47.2937
46.8785
47.1372
46.5195
47.1448
47.0214
46.4331
47.1139
51.8859
47.1046
47.0805
46.7495
46.9887
46.7026
47.0517
46.975
47.0443
46.3365
45.1316
45.5244
45.558
45.3974
45.0573
45.528
45.7858
45.0866
45.7261
45.6902
45.1921
45.6113
52.2071
47.1276
48.7715
46.8343
47.1768
47.0349
46.4745
47.1011
47.1145
47.2469
46.8378
47.1223
46.8955
47.2377
46.6038
47.1656
46.9241
46.9958
46.634
47.0959
47.2245
49.5452
50.0079
47.5917
47.0761
46.7338
47.225
47.1365
47.3405
46.5845
47.536
48.4477
46.8409
46.7279
47.0847
47.1509
47.0482
46.6164
46.934
47.1618
46.9724
46.612
46.8697
52.7387
47.1766
48.737
47.0646
47.5473
46.6654
46.9427
46.8211
46.6583
47.3194
46.9093
46.7729
47.0212
47.1002
47.0555
46.6748
47.1123
47.1613
46.326
46.8637
47.3329
47.2744
51.753
47.0981
47.05
46.8334
46.6813
46.9274
47.0848
46.7191
46.9346
47.1449
47.0027
47.1528
47.1613
47.1714
47.0515
46.5786
47.1193
46.9422
46.8615
46.4545
47.1263
50.0908
51.977
46.6182
47.3928
46.9979
47.0442
46.5811
46.7195
46.9561
47.0058
46.7772
47.0596
47.2312
46.4456
46.9567
46.8857
47.2831
46.5838
46.7364
47.0787
46.9436
47.1268
52.0623
47.1653
47.0694
47.5381
46.6686
47.1897
46.9065
46.9425
46.7593
46.9581
47.385
47.384
46.8324
47.175
47.3259
46.7988
47.0587
46.5179
47.2394
47.0058
46.6908
47.9724
52.264
47.1437
47.0197
47.128
47.3787
46.9581
46.422
47.3076
47.0399
47.2382
46.8988
46.7801
46.9071
46.7311
46.9682
47.0423
47.1281
46.7003
46.0009
45.6244
45.9363
49.0741
48.0449
46.679
47.4002
47.3765
47.8561
46.9602
47.0596
46.5677
47.1322
47.552
46.8289
47.1709
46.3855
47.0611
46.9286
47.3198
46.5306
47.4592
47.0567
46.8759
46.9123
53.7094
47.4219
46.9645
46.8534
46.8796
47.3017
47.0435
46.6865
46.9788
47.2381
47.0837
46.7945
47.1353
47.2029
46.7896
46.7832
47.2574
46.9059
46.7122
47.1051
47.2752
47.4148
50.6507
46.8158
47.084
47.0882
46.6115
47.0723
47.0825
46.5249
47.3096
47.2674
46.3974
47.1355
46.9198
47.0283
46.6261
47.1712
46.8179
46.9741
46.7146
47.4061
48.1908
49.8255
49.4149
46.8777
47.0758
47.1945
46.6088
47.1222
46.991
46.7549
46.4451
47.2483
46.8627
46.7108
47.0166
46.9344
46.8545
46.7538
47.1719
47.1855
46.9223
46.7176
47.2545
52.8942
47.558
46.9727
47.067
47.2796
46.9865
46.551
47.0499
47.3522
47.3152
46.7107
47.2082
47.3907
47.5033
46.5689
46.5956
46.9737
47.0816
47.1305
46.6994
48.7913
47.1478
51.5823
46.6781
46.7283
47.0595
47.1316
46.8498
47.1305
47.0229
46.5136
47.3371
46.6177
47.152
47.1858
47.0135
46.5568
45.2414
46.7515
46.436
47.0873
47.0561
46.9095
46.7664
51.4817
46.991
46.8318
46.6614
45.6893
45.576
47.2263
46.577
47.1698
47.2314
46.9447
46.6257
46.6247
46.793
46.6818
47.1779
47.0143
47.1828
46.3482
49.5961
47.5922
46.9478
52.1749
47.1505
47.1334
47.0563
46.6745
47.3579
47.1142
46.9935
46.728
47.1958
46.9447
46.8469
46.7065
47.1274
47.0531
46.4555
47.313
47.1097
47.0486
47.2402
47.2977
47.144
51.2033
46.6945
48.5452
47.2292
47.0336
47.1154
46.9973
47.1043
47.187
46.5445
46.9049
46.8672
46.8678
46.5874
46.9214
47.2819
46.5892
48.7928
46.4346
47.2402
46.7257
47.1023
52.3361
47.7624
46.6061
46.9193
47.2716
46.9899
46.8197
46.8978
47.1696
47.0302
46.7009
47.1058
47.2136
47.1557
46.874
46.8892
47.3275
47.6535
46.9021
47.2907
46.7501
46.9168
51.4259
47.2546
47.0122
47.1165
47.0493
46.43
46.9233
47.3017
47.2194
46.7053
47.0731
46.9014
46.9868
46.8634
48.3565
47.3334
49.2391
46.5673
47.2287
47.1477
47.2065
47.3272
52.1585
47.4439
47.3103
46.4984
47.2715
47.5558
46.9123
46.8135
47.2541
46.9984
46.509
47.2041
46.9646
47.5645
46.6044
47.8057
47.1034
46.5326
47.2917
46.5817
47.0624
47.9942
50.974
47.0281
47.155
47.0528
47.4372
46.6377
45.6938
45.7996
45.1297
45.5538
45.5766
45.7509
45.3072
46.8668
48.4442
47.827
46.7466
47.2394
47.0304
46.7514
46.9642
46.9899
51.9252
47.0795
46.7849
46.9613
47.0154
46.7126
47.3796
46.7482
46.9912
46.8695
46.7978
47.1777
47.2737
46.8333
47.0834
47.0125
46.9734
46.9492
46.8479
47.2465
46.8113
49.7062
49.8649
46.9741
46.9758
46.7704
47.0861
47.3689
46.7712
46.736
47.1573
47.1152
47.1434
46.7558
46.911
49.0876
46.6315
47.1991
46.9817
47.2214
46.6432
47.0887
47.116
52.7943
46.6218
46.7609
46.969
47.0061
46.8884
47.0517
46.8042
45.6886
45.2768
45.7515
45.3365
45.4369
45.3936
45.5828
45.4356
45.094
45.527
45.6293
45.5704
45.0524
45.9512
50.3482
46.6163
45.6279
45.4497
45.6327
45.3772
45.5579
45.1909
45.2826
45.7388
45.372
45.5642
45.8548
45.2348
47.7846
46.1058
47.0622
46.6015
47.0957
47.0491
47.2643
46.7907
51.1497
48.6169
46.9446
46.8481
46.8656
46.9559
46.9377
46.8477
46.9638
47.4337
46.8793
46.6986
47.4127
46.942
46.9123
46.888
47.071
46.9049
46.7316
46.646
47.1
47.0978
52.3898
46.9055
47.0682
47.039
46.5959
47.0606
47.0747
45.7036
45.3364
45.5528
45.5177
45.2005
47.0197
46.4686
45.6111
45.2131
45.2886
45.5864
45.3311
45.3197
46.6565
47.0189
51.9591
47.0338
47.0666
47.0213
46.5871
47.3661
48.5508
47.1818
46.8071
47.0813
47.2105
47.1775
46.7652
47.1654
46.8364
46.8238
47.1378
47.3221
47.151
46.9177
46.9976
47.9701
52.4059
46.5858
47.0682
47.244
46.7427
47.0846
46.7135
47.2292
47.0407
47.1013
47.0079
48.6424
46.9417
47.3277
46.6856
47.1547
47.1121
46.8813
46.8418
47.1832
47.079
52.1173
47.124
47.1472
46.7336
46.7317
47.0233
47.0379
46.76
47.1398
47.0611
46.9121
46.74
46.9361
46.7479
47.2219
47.0294
46.6725
47.2412
46.9579
46.587
46.9627
47.1307
52.8456
47.0954
46.832
46.995
46.847
46.5528
47.0731
47.334
47.176
46.6662
46.9363
48.3357
47.1251
46.5855
46.9735
47.0838
46.939
46.6184
47.1312
46.981
46.6263
49.9852
49.9772
47.1047
46.4107
47.0008
47.3126
46.971
46.6642
45.2841
45.5531
45.8606
45.3308
45.6523
45.5453
45.6472
45.3805
45.2841
45.5066
45.7448
45.1055
45.3619
45.8445
47.3711
51.5492
47.0523
46.9251
46.6314
47.0983
47.2831
47.2513
46.7718
47.6278
46.8415
48.7818
47.2441
46.6977
47.1034
46.9633
47.2963
46.9356
46.8564
46.9474
47.0938
46.4368
51.8652
47.8117
46.8738
46.7919
47.1155
47.0547
47.2195
46.8588
47.5727
47.152
47.0116
46.7227
47.1213
46.9495
47.2722
46.4868
46.0854
45.6807
45.2619
45.5849
45.8272
45.5525
52.1941
45.8227
45.7293
45.4937
44.9867
45.7126
45.5393
45.0983
45.606
45.8248
47.0812
45.2821
45.3629
45.4816
45.5317
45.1111
46.0748
46.3323
45.5039
45.3739
45.5574
45.3272
50.5191
47.4286
45.493
45.3856
45.5339
45.9302
45.9368
47.182
47.8389
47.1549
46.6233
47.0133
47.1618
47.1939
46.6557
47.1978
47.2188
47.1309
46.6184
46.9982
47.2377
47.0485
52.098
46.9822
47.0533
46.971
46.8462
46.8528
47.2618
47.5877
47.2037
48.7182
46.9673
46.7515
46.9954
45.8555
46.4125
46.805
47.512
47.1484
47.1258
46.595
47.0496
47.2967
52.1139
46.8195
47.1683
47.28
46.8997
46.5457
47.2178
47.0536
46.6506
47.0627
46.9466
46.5753
46.9421
46.8666
47.2248
46.8541
46.8843
47.0523
46.7196
47.018
47.3149
49.9239
49.6519
47.0832
46.8021
46.9878
47.0257
47.6535
46.7892
46.8485
48.6886
46.5629
47.0615
45.6692
45.1618
45.4972
45.5666
45.5366
44.9875
45.6432
45.7521
45.5933
45.0298
49.6911
48.2692
45.6775
45.4013
45.388
45.6867
45.1873
45.9734
45.6407
44.8049
45.6681
44.536
45.7561
45.5084
45.3604
45.4577
45.5934
45.1994
45.6398
45.6182
45.581
45.3793
46.0222
51.788
46.3075
47.2644
47.0274
47.1149
47.2906
47.1493
48.7991
46.5645
47.1214
47.0616
46.4701
47.2603
47.3138
46.9477
46.647
47.1927
47.2974
46.9628
46.5348
47.1279
49.9303
49.0648
46.9189
47.4314
46.8051
47.6253
46.5726
47.0959
47.0579
47.1179
46.64
47.0551
47.4686
46.5105
47.2221
46.8707
47.1478
46.7032
47.4245
46.8977
47.0149
46.5596
53.0145
46.9599
46.7994
46.91
46.9292
47.1764
46.3688
48.5762
47.0696
47.0629
46.8199
47.2317
46.6109
46.6897
46.7748
47.1146
47.0291
46.5082
47.2903
46.6693
47.0312
47.541
52.092
46.9691
47.0088
47.0708
47.0132
46.9692
47.2677
46.5273
46.8686
47.0911
46.9588
46.9986
47.0228
47.1407
46.3143
47.2221
46.9623
47.1501
46.6415
46.7533
46.6196
51.645
49.0534
47.7214
47.025
47.2426
47.1314
48.7146
46.8084
46.9521
46.9155
47.3973
46.8692
47.0298
47.1675
47.2343
46.7309
47.1143
46.9743
46.6045
46.9974
47.1017
46.5716
53.2706
47.0725
46.2888
45.3905
45.6188
45.4488
45.6046
45.1806
45.413
46.6269
46.7483
46.9367
47.1298
46.9283
46.7877
46.9274
47.0577
46.6606
45.3384
45.5845
45.3871
45.4713
51.4528
45.7412
46.1019
47.2379
45.4382
46.7703
46.7203
46.7532
46.9911
46.7802
47.3184
48.3367
47.1461
47.1691
47.1971
46.4909
47.096
47.1758
46.6477
47.251
47.4524
47.0209
51.5095
47.2797
47.1069
47.1718
47.0924
46.8208
47.0125
47.1475
47.1397
47.1361
46.9294
46.684
47.0075
47.53
47.1354
46.5436
47.3152
46.764
46.7156
47.0072
47.3307
47.2777
52.7329
46.6631
47.0826
46.8189
48.2962
47.1329
47.0485
47.2306
46.9306
46.9639
47.1713
47.3345
46.6756
47.1445
46.9392
47.1246
52.7521
57.0935
62.084
66.0811
57.0478
65.9569
50.2922
49.0226
49.5516
53.844
54.1145
57.3945
49.1356
46.9994
46.698
47.1355
47.6317
47.0476
46.8353
47.3788
47.0151
48.1156
46.6545
47.057
46.8583
47.9834
50.749
47.0881
49.2211
47.2396
46.5425
47.4401
47.184
48.7614
47.1118
47.7952
47.3227
46.6184
47.1638
46.9975
47.0046
46.7054
47.354
46.6577
47.1407
47.0218
47.108
47.8762
51.2335
46.6204
46.9414
47.1076
47.1688
46.7944
47.0351
46.8067
46.4718
47.0465
46.7742
47.3673
46.777
50.0177
47.9506
46.6496
47.378
46.6779
47.1863
46.9135
47.2616
47.9483
50.4783
49.3921
46.6508
47.3249
47.3568
46.6979
46.4866
48.4675
47.4427
46.6347
47.1453
47.3053
46.7141
47.8138
47.6478
46.5125
45.4735
46.4189
47.3997
45.9202
47.9629
50.7479
48.5026
46.7453
47.1803
48.0777
47.2674
46.3909
47.4961
47.0759
46.641
47.251
46.9991
46.662
47.0035
47.0931
46.9261
47.1218
47.553
47.3858
46.9398
47.0012
47.1648
51.6683
46.9647
47.1569
47.2567
47.0046
48.3492
60.1556
51.7551
48.0234
50.3107
56.1166
54.1194
51.5064
48.7659
48.0573
48.0098
49.0637
46.1682
45.4497
45.1397
45.4929
49.0327
47.5491
46.5935
47.0304
47.0478
46.6857
47.0117
47.0322
47
46.8524
47.0089
46.6735
47.0929
47.5272
47.021
46.668
47.2807
46.8708
47.0687
46.5029
47.0127
49.1545
50.0666
48.1721
47.2565
47.0315
47.0826
46.4313
47.0176
47.177
46.7057
47.1542
47.0549
47.0354
46.7386
46.7125
44.9709
45.5147
46.9614
46.5771
47.0531
46.4902
46.9574
47.198
48.544
50.5211
46.5668
47.1724
46.6826
47.0001
47.093
46.9588
46.7169
47.1233
47.7351
47.6324
47.0546
47.0974
47.1847
47.0717
46.5911
46.9631
47.0129
47.0673
48.0594
47.0402
50.4714
47.9047
46.7464
46.9929
46.9567
46.5329
46.8245
46.7204
46.9123
46.5636
47.2013
47.3858
47.4812
46.7549
47.3536
47.1537
46.5006
46.9099
46.496
47.0873
47.0482
46.7066
50.1363
48.7115
47.15
46.3448
46.87
47.0389
47.0423
46.5936
46.3788
47.0925
47.1392
46.8393
46.7121
47.2508
47.0175
47.0161
46.5926
47.1087
48.0531
46.9595
46.9789
47.1404
50.1422
49.1124
46.8189
46.7397
46.899
46.5538
47.2008
47.0102
47.3054
46.7965
46.8753
47.0701
47.8747
46.8642
47.0878
47.1516
46.8778
46.5973
47.3096
47.2295
47.4606
46.8068
50.6533
48.565
46.878
46.7889
47.3679
47.1719
46.6082
46.9547
47.2414
47.0633
46.6628
47.5531
47.4418
46.5395
47.1314
46.6565
46.8407
48.4615
47.3101
46.6442
47.1639
47.1881
51.7288
47.1827
47.116
47.1203
46.5507
47.1337
47.1132
46.7405
47.2734
47.0628
47.0541
46.757
47.1096
47.1438
47.3364
46.3827
47.0736
47.0302
47.3391
46.6568
47.2698
47.0187
51.4353
46.9847
47.0838
47.1686
47.1247
46.6686
46.997
47.3412
47.2475
46.5533
47.5395
47.2204
46.5215
47.2368
47.1144
49.7688
46.5738
47.4028
46.9565
47.1594
46.8758
46.7449
52.3879
47.1219
46.8822
46.9301
47.1251
47.2694
46.9658
47.0759
47.1549
47.1624
46.6376
47.2842
47.0023
47.1571
46.5053
46.732
47.1626
46.6834
47.182
47.1684
46.9449
46.633
52.3833
47.8258
47.7095
46.604
46.98
47.1803
47.1325
46.8297
47.3334
46.9857
47.1184
46.4451
47.2225
46.9698
48.7281
46.9367
46.4027
45.5011
45.1174
45.6012
45.5127
45.5607
50.7773
46.9113
46.9558
47.0374
47.0518
47.0633
47.068
47.3805
46.7831
47.1206
46.7588
47.0265
46.8737
47.2027
46.8923
47.3323
46.6166
47.223
46.9563
46.6222
47.3146
47.3075
51.5468
47.0562
46.8654
47.3451
47.0728
46.9023
47.2876
46.9744
47.0824
46.5801
47.1091
47.016
46.7615
48.5477
46.9509
46.9143
46.7131
47.0985
47.2587
46.9828
46.8093
47.3408
51.0222
46.8379
47.0714
47.3993
46.6582
47.6118
47.0369
46.9852
46.5239
46.764
47.0577
46.8693
46.7193
47.584
47.3181
46.9761
46.7239
46.7978
47.0642
47.1262
46.7141
47.2409
51.6405
47.0907
46.9201
47.2008
47.1408
47.2612
46.5167
47.0781
47.0613
47.0237
46.7286
48.3712
47.0777
46.9325
47.0255
46.8882
47.1494
46.4939
47.0911
46.9971
47.2483
46.5141
52.2815
47.1447
46.774
46.5701
46.6726
47.1188
47.2982
46.5684
46.8978
47.2612
46.8146
46.9072
47.2332
46.9244
47.4449
47.9881
51.8462
55.7512
55.7801
51.1928
51.5333
49.6073
50.0183
47.2775
47.2408
46.6222
46.8326
47.0161
46.6324
51.7301
47.3863
49.0316
46.9247
46.4288
47.3281
46.9815
47.0249
46.5258
47.1717
46.818
46.8127
46.9528
46.8464
50.0335
48.8154
46.9804
47.1173
47.0782
46.6637
47.2861
46.9121
46.8388
46.5459
47.2175
47.1213
46.9355
46.601
46.8707
47.1426
46.828
46.6657
46.9455
46.8607
46.5092
47.4215
50.3829
49.1942
46.9144
46.507
46.8937
46.8933
46.6264
46.9016
47.0968
49.3713
46.5504
47.0462
47.0421
47.0292
46.5621
47.2172
46.8729
47.0857
46.6776
46.9722
47.2988
46.6119
50.5814
48.6075
47.0661
47.3094
46.4783
46.8173
47.1111
46.3816
47.3438
46.9096
47.0464
46.5669
46.8656
47.0075
47.1949
46.4925
47.0764
46.4554
47.0129
47.2126
46.4677
47.1073
50.9326
48.2465
46.8919
46.6167
46.9067
47.0759
46.5798
48.6237
47.09
47.0702
46.8882
46.9033
46.6841
47.0793
47.3162
46.9465
47.022
47.4788
47.2862
46.3725
47.2423
47.3743
50.7289
48.6014
47.3287
46.7268
46.836
47.1051
46.8185
47.1664
46.9355
46.6695
46.862
46.9975
46.8627
46.7727
47.3203
47.1227
47.111
46.8848
47.1191
47.0136
47.2394
46.5859
51.2095
48.1977
47.0184
46.4857
47.03
47.062
48.1927
46.6984
46.9111
47.2554
46.7414
47.1595
46.9752
47.2586
46.5414
46.8271
47.0607
47.4189
46.5631
47.0424
47.1952
46.7103
51.6692
47.5074
46.6405
47.1448
47.1678
47.2772
46.9953
47.0463
46.572
46.6082
47.0653
47.2587
47.1046
46.6996
46.9622
47.0587
47.0389
46.7103
47.5343
47.2402
46.9903
46.608
52.046
47.1581
46.8876
46.6869
49.1527
47.2134
47.2973
46.6303
47.1052
46.9805
47.063
46.3994
47.1203
47.1182
46.7754
47.4652
47.2113
47.146
47.1415
47.0164
46.9246
47.3179
51.8209
46.7633
46.9691
46.8246
46.5942
46.8372
47.3665
46.9436
46.6235
46.9658
47.0967
46.8532
47.0656
46.7841
47.5305
46.7394
47.0085
47.5046
46.5049
47.1303
46.7059
47.1455
51.3772
47.0975
46.6483
48.9346
46.8398
46.7576
47.2013
46.9015
46.8165
46.5228
47.0818
46.8275
46.7792
47.2699
47.1095
46.7955
46.9663
46.9199
47.0702
47.1529
46.3565
48.0032
52.1965
47.1003
46.8704
46.8515
46.7403
46.9349
46.7434
47.0292
46.8748
46.9063
46.4994
46.8559
47.0191
46.5693
47.4657
47.6705
46.9053
46.5507
47.0993
47.0145
47.2112
50.9146
49.6031
47.0568
48.8289
46.6464
46.8869
47.3086
47.3068
46.8816
47.0446
46.6741
46.8384
47.1368
46.6317
46.9182
47.1272
46.754
47.3416
46.9334
46.9864
46.5553
47.0873
52.7639
47.0081
46.6727
46.9298
47.0032
47.0925
46.6028
47.0987
47.1577
46.7592
47.0772
46.3445
47.1087
46.8387
46.5143
46.4673
47.3142
46.922
46.5411
46.941
46.9311
47.7733
52.2814
48.7645
46.79
46.7915
46.592
47.8022
47.0361
46.857
47.1016
46.8547
46.916
47.272
46.5688
47.1248
47.2844
46.5131
46.5524
47.1296
46.7574
46.9597
46.6058
52.3442
48.4142
46.8354
46.4859
47.2383
46.8306
46.7195
46.8933
46.9882
46.5358
47.0167
47.1487
47.1912
46.4327
46.6713
46.9653
46.5859
47.2417
47.2836
47.0438
46.5155
46.9988
53.0801
48.5225
46.8222
46.9921
47.0023
47.4
46.7444
47.1458
47.0095
46.8592
46.9437
47.0032
46.951
47.1722
46.9743
47.0917
47.31
46.7012
46.253
48.057
47.4534
49.8274
50.3113
47.4229
46.8349
46.9578
46.5735
46.9997
47.0886
46.447
45.6318
45.5233
45.6253
46.4288
46.9169
46.7799
46.9988
46.6333
47.3824
46.9505
46.4549
47.1562
46.7971
52.3138
48.0723
46.9165
46.995
47.0641
45.2141
47.13
46.8671
47.0054
46.5427
46.8754
47.0047
47.2139
46.7476
46.8565
46.8918
46.1741
45.7567
45.572
45.4243
45.3872
45.589
51.5493
45.8755
44.7023
46.4271
47.0454
46.5186
47.6372
46.384
47.0271
46.6568
47.3161
47.0325
47.4326
46.4422
46.9622
46.9691
47.0759
46.6877
46.6489
46.9633
46.8395
47.0156
52.0175
46.4445
46.8645
47.0729
47.0575
46.8159
47.1287
45.8511
45.6917
45.2299
45.7745
45.3009
45.2594
45.2883
45.5925
45.4727
45.228
45.5276
45.4552
45.2467
45.729
45.1742
50.7891
46.9541
46.675
47.3328
47.0557
46.5117
47.2395
46.6649
46.9942
46.5988
47.1477
47.3675
46.612
46.9258
46.7825
46.8668
46.5634
46.9305
47.0869
47.1727
47.2676
48.4904
51.8883
47.0257
46.365
47.1039
46.7333
47.0152
46.7179
47.3135
47.0432
46.3237
47.4228
46.984
47.1788
46.6375
47.0501
46.6953
46.9705
46.478
47.1664
47.1411
46.7822
46.6542
51.4963
47.08
47.0328
46.7111
46.8587
45.7473
45.3273
45.3933
45.5515
46.4792
46.6508
47.1686
47.0496
46.7706
46.429
46.8491
47.046
46.8318
47.0508
46.7041
48.5549
46.7194
51.508
47.0913
47.0318
46.788
47.0483
47.1195
47.2938
46.6261
47.0885
46.2806
45.456
45.2032
45.4983
46.5094
46.9701
46.8738
46.4145
45.0513
45.1719
45.5503
45.4356
45.2503
46.8143
49.9839
45.4898
45.1495
45.5598
45.608
44.7958
45.3649
45.5113
45.2868
45.1699
45.1919
46.12
46.4154
47.1187
46.9322
47.0503
46.3675
46.9256
48.3057
46.9036
46.6782
46.7851
51.8793
46.1325
45.2079
46.3903
47.0956
47.2095
46.6715
47.202
46.9558
46.4512
47.1296
46.8661
46.7954
46.5576
47.253
47.0976
46.6471
46.5409
46.9367
46.9973
47.1105
46.5881
51.8479
46.9398
47.2271
46.8688
47.0867
46.8664
46.923
46.8595
47.2892
47.0444
46.4557
47.2567
46.7818
47.0342
46.4898
45.6554
45.7069
47.8282
45.7455
47.0277
46.8472
46.6399
51.9205
47.213
46.6884
46.9999
46.8918
47.4909
46.5067
46.744
47.1482
46.9032
46.6833
46.4275
45.478
45.7436
45.0802
45.5232
45.4251
45.1514
46.8191
47.1517
47.0299
46.5266
51.1602
47.4507
47.3821
47.0243
46.8794
46.7673
47.2078
46.5904
46.5414
47.0571
46.8696
47.1942
46.8034
46.9355
46.534
47.1333
48.8142
46.3584
46.9583
47.1874
46.9183
46.6553
51.426
48.0915
47.6364
46.8006
47.0501
47.1443
46.9524
46.3567
46.7756
46.7855
46.7305
47.0061
47.4325
46.9485
46.7332
47.0459
46.9956
47.1001
46.3531
47.1104
46.4733
46.9644
50.9389
47.5065
47.0002
46.983
46.6495
47.0443
46.948
46.8699
46.7878
46.896
46.6954
46.9377
47.0641
47.0731
48.2972
46.4675
47.0623
46.9154
46.9839
46.4172
46.8358
47.2334
53.0843
46.8521
47.0239
47.1492
46.8333
46.4697
46.983
46.9859
46.5284
47.0883
46.9155
47.1729
46.7578
46.9801
47.0307
46.9052
46.6051
47.0821
47.1595
46.6253
60.3502
56.3377
51.1202
48.207
48.4043
46.498
47.1529
47.6419
47.6655
46.7502
47.5112
46.5593
45.5262
45.2935
45.5786
47.3304
45.3247
45.5048
45.5662
45.3497
45.2964
46.6747
46.2628
47.3404
50.6103
47.7832
47.5676
46.7248
47.2239
46.9838
46.8394
46.3835
47.2733
46.7899
46.5855
46.9583
46.78
46.7589
46.9987
47.2546
46.302
47.0015
46.8433
46.9749
47.0216
52.5097
47.7676
46.8282
47.3307
46.8896
46.8704
46.6433
47.0992
47.3106
47.1128
46.5732
47.2686
48.1822
47.2263
46.6351
47.0528
47.0543
46.6587
47.0146
46.8745
48.8131
46.487
55.159
46.6162
47.1373
47.0631
46.7938
46.7819
46.7565
46.8794
46.8574
47.1282
46.9924
46.6644
46.9337
46.9041
46.6428
46.9056
46.7599
46.7561
47.0902
46.9419
47.0881
47.004
51.8034
46.677
46.9293
47.0417
46.6573
46.934
46.9682
47.204
46.6272
46.9478
46.779
48.4075
45.2152
45.5661
45.5951
45.1563
45.4543
45.6527
45.5136
44.9874
45.5203
45.5978
51.33
46.5956
47.0389
46.8923
46.5121
46.8403
47.0815
46.9203
46.5776
47.2886
46.8249
46.9821
46.6118
47.0015
47.0241
46.9932
46.4256
47.1601
47.1062
46.8083
46.9412
46.6047
51.9935
46.9253
46.6628
46.8522
47.1269
46.9672
46.7039
46.96
46.6065
46.7896
49.0345
49.9716
46.3778
46.8587
47.0957
47.1346
46.7382
46.9399
47.724
47.64
47.003
48.0701
51.1073
47.0526
47.0661
46.9897
47.5528
46.8081
46.6778
46.4325
49.0549
46.674
46.6033
47.497
46.9916
46.4605
46.8889
47.3074
46.6572
47.2452
47.7872
46.5758
46.9228
47.747
51.0001
47.3419
46.9566
47.5946
46.9794
47.1207
46.7915
47.0795
47.7431
47.4459
47.111
46.0068
45.1003
45.5279
45.4366
45.4647
45.2495
45.6616
45.519
45.1585
45.6092
45.7701
51.6528
46.6103
46.7997
47.0345
47.0108
46.8892
46.9609
47.0308
46.9454
46.4471
46.909
46.9527
46.7318
46.7062
47.4114
46.7566
47.1173
47.0138
47.0273
46.9828
46.518
47.0524
51.333
46.835
48.3372
48.1753
47.7371
47.0476
46.5569
48.7641
47.4492
48.2342
48.4009
48.6091
47.7915
48.3288
48.0647
48.6326
48.7658
48.2685
48.7322
48.4302
47.3238
48.0365
51.0437
52.4622
53.4244
73.2468
57.9608
49.6048
48.3102
49.6112
46.6277
47.1935
48.9824
49.2375
50.1225
48.7829
49.4332
46.0664
46.7484
48.3692
49.1085
47.7208
51.9348
48.4886
48.8169
54.428
49.5151
48.1554
49.4221
48.7073
49.9876
50.6006
49.1828
49.2197
48.7204
48.628
46.5366
48.6219
48.7085
48.8458
48.8439
45.5225
45.5539
51.0018
53.4932
53.5632
52.3876
53.3217
52.2253
47.4024
48.5883
50.096
49.6782
48.4593
49.0438
48.6195
48.9211
48.7205
48.3337
48.9078
49.3922
47.9746
48.2436
48.9225
53.0127
47.1874
47.2175
47.6654
48.4967
50.1546
49.209
48.4474
49.2773
48.9268
47.1878
46.8507
47.5708
46.7405
47.0293
49.7639
48.6658
51.5463
49.8161
45.9703
47.5522
51.5021
49.2997
48.7986
48.1554
47.0199
47.67
49.2735
48.8683
49.2208
48.9322
47.8623
49.1514
48.3583
47.9107
48.0496
49.2585
49.5876
48.7446
48.764
49.5786
48.1133
49.3138
51.6744
46.4375
48.8654
48.6944
47.6287
48.0299
55.2181
58.0175
56.5666
55.3952
48.6471
47.8424
47.9033
48.1586
52.0262
55.6815
58.4797
55.0357
55.2456
56.3632
62.9657
57.3106
54.0085
52.8616
53.5485
55.2666
55.5473
58.0144
55.8423
58.9817
59.1051
55.6969
53.4503
59.7369
52.8529
54.0654
59.3286
54.3347
56.1753
54.4885
55.3931
53.3534
53.1368
56.68
54.4316
56.8385
55.1564
54.6427
52.4046
58.286
52.2306
53.8048
56.2654
56.8511
55.8387
53.7514
52.9959
60.5155
55.8107
58.0061
56.1242
52.8122
54.2043
53.8418
52.1014
52.3807
53.1163
57.3485
50.3579
47.3285
46.4308
47.5574
47.0922
46.5668
45.4528
47.2244
47.3692
51.4098
51.1372
54.4283
54.1006
56.8874
57.3238
55.598
55.0438
55.6131
54.8575
55.1818
54.3115
55.7442
50.592
58.791
58.5516
59.4497
56.2839
55.9898
57.5602
56.23
58.5706
57.3268
58.0427
54.5271
53.8201
58.0714
63.5301
58.9125
54.7269
57.3196
55.218
58.5069
56.9061
54.9387
56.3157
52.0657
54.3285
49.0492
48.6476
49.0654
48.9494
48.1292
47.9465
46.6869
46.9208
50.5388
55.4018
51.0998
52.145
52.2807
52.6474
50.3064
51.505
48.0039
47.0801
47.5967
48.2791
53.0238
50.3535
48.3441
47.0833
47.2002
49.4499
48.9874
49.9052
49.5095
49.2233
49.8633
46.3258
47.4054
47.7461
48.9575
50.0034
49.1517
51.4195
49.7039
49.6386
48.6357
54.6999
47.1991
49.6722
48.4711
49.8422
49.3982
49.0795
48.8447
48.8189
49.245
48.8952
48.6703
49.311
47.3427
49.1087
46.8789
48.8302
48.4698
48.9198
46.922
47.1297
53.3607
48.0757
48.9416
49.2924
48.8477
47.7684
48.8237
47.3023
46.9927
47.1142
47.6875
49.0185
49.1704
48.3306
47.2564
47.4558
48.5207
48.3131
48.7741
50.6799
48.8204
49.5406
52.0449
49.2265
48.0751
48.0816
52.6594
65.3358
66.1173
72.5879
53.1355
49.1234
50.7528
48.5238
47.5054
49.2033
49.02
47.8464
48.8522
47.975
49.4379
52.4801
47.283
49.1869
49.1816
51.7217
50.5327
50.7903
51.0525
51.9898
49.1372
49.2207
48.2665
51.059
50.1219
49.2025
50.1668
50.1809
49.4802
49.4885
49.781
50.0086
51.7656
53.161
54.608
50.9243
50.7405
49.3007
49.6742
50.1908
52.4333
47.4493
48.2344
49.3715
49.0563
48.8847
48.6884
49.0095
48.8892
49.3085
49.3599
48.4147
47.7044
52.6833
49.7393
49.2228
48.9196
49.2935
49.1109
47.363
47.4944
48.4799
48.2412
49.3773
49.2857
49.6735
49.2536
47.6279
49.7476
50.0728
46.4431
47.2328
47.5773
49.194
52.9372
47.7674
47.2108
47.0761
46.6434
49.4008
48.5052
48.1517
46.4281
47.9118
48.6648
47.708
47.5936
47.9572
47.9153
49.4798
48.2526
49.3835
48.5438
47.8827
48.7017
49.1602
51.0701
46.9986
48.2337
48.3954
48.1683
49.2928
50.0182
49.5111
48.6181
48.128
48.5852
48.8441
49.4181
48.2139
49.4213
49.3514
50.5902
48.7894
49.5675
50.7951
50.1644
53.1981
48.658
48.4552
49.174
48.6422
48.738
48.8004
48.9753
48.7294
47.1545
51.8222
53.2564
52.7166
55.3511
53.4444
54.4313
51.5917
54.9011
54.7238
53.5254
52.6336
53.0074
47.9123
48.6804
50.2914
47.2667
46.3928
47.8197
48.7065
46.4526
46.9643
48.7446
48.5879
50.398
47.3502
46.9696
48.5866
51.6381
55.2017
53.2228
52.1122
55.9764
52.5288
52.1143
53.1387
52.8181
48.0135
51.3902
48.166
49.1711
57.377
58.4358
56.898
49.792
50.2134
50.9933
59.6443
58.1686
57.3599
53.9201
55.4785
53.0586
52.0869
52.6745
53.0168
53.315
52.6389
51.7338
53.1095
53.5234
51.0481
53.2635
52.7566
53.0677
51.748
53.0768
46.6789
50.0899
52.1831
53.25
53.952
52.8122
51.884
49.8128
48.4202
47.129
47.0346
46.5408
46.876
45.9731
45.5252
45.3239
45.5305
47.4408
51.4209
55.0624
54.6594
50.4428
54.2391
54.7708
55.1426
58.5211
55.8211
54.4736
53.0662
49.8019
47.9085
49.9992
53.3
47.3197
48.7103
53.0549
49.0713
46.9933
46.8805
47.9812
51.1239
48.8264
49.1911
49.1031
48.903
53.6823
48.4281
49.1597
48.4649
48.5947
47.6296
47.4987
47.3997
48.4462
47.9981
49.1137
46.8677
47.9803
47.117
45.9061
45.9911
46.4969
48.2362
50.4725
49.2523
51.9105
49.6995
53.7853
50.531
48.178
50.8489
50.062
48.2593
49.5126
49.1351
51.2659
51.2915
48.9722
49.0844
49.3596
51.2284
47.7457
48.1141
46.5024
48.1662
47.4328
47.9096
50.2043
53.9304
47.848
47.1707
48.9198
48.8686
47.3446
48.7297
48.3549
48.152
48.5293
47.5533
49.8616
52.5221
53.289
50.7573
47.1313
47.0737
46.6443
46.8498
50.6754
53.8182
52.77
48.6936
47.8383
54.1797
57.6052
63.2406
63.2707
52.4133
54.1775
52.4451
49.0191
46.9105
48.7617
49.313
49.1969
49.1643
48.9096
48.409
48.7554
50.0544
54.7066
48.5641
48.9966
49.1215
50.0717
47.1159
49.2132
49.2911
51.741
46.2806
49.9358
50.1561
49.3376
48.7387
49.4282
47.2502
46.2931
45.3022
45.4973
49.3174
52.2634
58.7071
47.5465
53.5166
48.9337
48.7273
47.9444
50.787
50.2237
51.7747
50.9778
51.4045
54.1431
50.9598
51.0094
54.0373
49.9647
48.3608
48.8425
47.7491
56.6566
55.1833
50.4538
48.7709
48.8022
48.6074
48.5439
49.1185
48.5336
48.4986
48.9541
48.7688
47.9615
48.258
48.2535
48.5862
48.5815
48.4258
48.894
47.4742
46.986
46.8481
48.4208
54.0705
49.1011
48.9042
49.255
49.3864
52.6402
49.9384
49.218
50.687
50.0337
48.6076
47.602
46.8014
47.0848
46.8341
45.0915
45.7937
45.7614
45.097
45.7456
45.6286
51.6251
48.4839
45.9408
55.5199
58.1864
56.0194
49.8585
48.856
47.7471
47.4148
45.8654
46.7183
47.3714
47.7245
47.1658
46.8512
47.2922
47.7813
46.6938
46.9343
46.9835
47.8718
52.2438
46.5604
46.8479
48.8935
46.7395
48.7075
47.186
47.4898
46.7037
47.142
46.9948
47.2452
46.6477
46.8615
47.2676
47.5163
46.6805
46.9676
47.2415
46.8982
46.6557
51.025
49.5813
47.1607
46.7317
46.7033
46.8573
49.8087
47.9407
46.8696
47.0763
45.9286
45.4101
46.9339
46.9352
46.4765
46.2742
46.9359
47.133
46.8714
46.6251
45.8743
46.1601
49.3621
49.8481
46.1002
47.104
45.035
45.7452
47.3419
46.7108
47.0317
46.5918
46.8943
46.9841
46.6562
48.086
47.6552
45.6198
45.0278
47.214
47.1563
46.8836
46.6657
46.8517
48.2398
50.9079
45.8325
47.1413
47.1198
46.821
46.5711
47.0427
47.1752
47.0334
46.4231
46.8581
47.4107
46.5518
47.239
46.9841
47.0514
46.5133
46.9526
47.1304
47.0104
46.6042
47.9501
51.1331
48.9061
46.5724
48.6104
47.7858
46.6609
46.9823
47.1644
46.7761
47.1706
47.2082
47.0448
46.6592
46.7089
46.9947
47.275
46.4812
47.3077
46.9884
46.6048
46.8121
48.5906
51.1037
46.9037
46.9325
45.4058
45.8204
45.1887
45.5801
46.8836
47.0174
46.5027
46.9748
47.469
46.4462
46.9663
47.0291
47.022
46.553
47.062
47.0623
46.9981
46.4814
47.7755
52.5981
47.3737
46.8343
47.1165
47.0955
47.1256
46.8219
46.8842
47.0045
46.3827
47.4181
47.0375
47.0208
46.5862
46.9946
47.0923
46.9472
46.6686
46.8914
45.1924
45.5324
45.4599
52.2516
47.7501
46.6728
48.4768
46.8838
46.8009
47.0553
46.9329
46.8343
47.3899
46.6072
46.9495
47.1322
46.5699
47.172
46.7885
47.2489
46.7094
47.0801
46.6548
48.3721
47.1831
51.2901
47.1274
47.0119
47.0057
46.6231
47.0538
46.7449
46.5282
47.0993
47.477
47.0488
46.526
47.0312
47.0817
46.8895
46.7677
47.0334
47.0384
47.1307
47.1604
47.0432
47.5512
52.9071
46.687
46.9585
46.8917
47.1084
46.7171
46.8649
46.9849
46.5817
47.0416
46.9325
47.1323
46.541
46.9805
46.8875
47.0953
46.6949
46.9251
47.2511
47.988
47.0799
47.5663
51.8206
46.4628
46.9972
46.8146
46.8574
46.6634
47.1003
47.4432
46.5549
47.1463
46.7397
47.1201
46.4881
47.2104
46.9661
47.1191
46.77
46.9204
47.1102
46.9543
46.824
47.3953
52.7623
46.9772
46.5473
46.9192
46.9122
46.9953
46.7755
46.9145
47.0829
46.5526
46.9952
47.0514
47.0628
46.5854
47.0225
47.2096
47.1913
48.1672
47.044
47.8068
46.5107
47.8325
52.2537
45.6709
45.454
46.0535
45.6066
45.6194
45.2481
45.4107
45.4824
45.0771
46.213
45.606
45.0787
45.3865
45.5828
45.7305
45.4599
45.3757
45.9633
46.8515
47.1347
47.2196
52.4808
46.9786
46.9466
46.4732
45.5997
46.1552
45.6968
45.3969
45.7343
45.0205
45.3708
46.6257
46.509
46.9704
45.5712
45.5718
45.428
47.6478
46.4811
46.7174
47.1238
47.0824
47.9865
51.5109
46.5431
46.9905
46.7851
46.6781
46.8566
47.0895
47.1777
46.4776
47.0044
46.9573
47.0665
46.4396
47.002
47.0978
47.0778
46.4182
47.1021
47.0819
46.4073
48.8053
48.596
51.2336
48.5087
47.0505
47.0662
46.9582
46.6503
46.9981
47.5951
47.3621
46.6598
47.6742
45.5931
45.6466
45.4502
45.989
45.9742
45.0607
46.4804
46.9884
47.0935
46.4986
47.8154
50.4113
46.3322
46.1814
46.8783
45.3386
45.4277
45.6546
47.1706
46.8401
46.6535
46.7866
47.3034
46.4942
47.179
46.5749
47.519
47.0008
46.4822
46.9703
46.8957
46.7357
46.9079
51.9124
47.5556
46.5931
47.1911
47.0921
46.4847
47.0652
47.0368
46.6374
46.9284
46.903
47.0726
46.7865
48.4908
49.5759
47.6475
45.3849
45.6125
45.3468
44.5892
45.5037
46.8971
52.0059
46.6069
47.2124
47.1674
46.8878
46.6194
46.8703
47.3128
47.3733
46.501
46.7801
47.2791
47.2161
46.4968
48.2393
47.642
47.0518
46.5502
45.373
45.6021
44.8961
46.4248
52.692
47.8487
46.8201
47.0908
47.1501
46.7567
46.7675
47.1011
46.8718
46.9601
46.8716
47.0107
48.6199
47.5015
46.1959
45.6183
45.3754
45.4059
45.4726
45.3404
45.502
45.5804
51.404
46.9599
46.6315
46.3313
47.0582
47.0365
46.5499
46.9892
46.9261
46.2222
45.1415
45.315
46.2226
47.1861
46.8103
46.9634
47.2197
46.4749
45.3065
45.9344
47.0188
46.5373
51.636
47.6518
47.0854
46.568
47.1908
46.8929
46.98
46.5182
46.9546
47.6207
48.0969
48.0653
46.9114
46.9135
46.6204
46.8904
46.8761
46.7423
46.9408
46.9168
47.1451
46.7346
52.6194
46.7626
47.1676
47.1151
46.7033
46.576
46.8116
46.8532
47.3167
46.4276
47.1188
47.1787
46.7865
46.8107
47.0462
46.8275
46.5109
47.0312
47.0711
47.0614
46.5628
47.0722
52.4329
47.2105
46.5921
46.9218
46.9694
46.9576
46.6119
47.1976
46.9589
47.2371
48.4297
46.8604
47.0823
46.3948
46.8912
46.5348
47.1903
46.8496
47.9247
47.9289
47.0394
47.0533
51.4775
46.6537
46.9576
47.0109
46.9402
46.6875
47.2848
46.9243
46.9204
47.0158
47.1088
47.0739
47.2322
46.2879
46.9956
47.1123
46.6519
47.4391
46.9752
46.7604
46.9313
46.9402
51.5698
47.4077
46.7619
46.9413
46.9215
46.5589
47.1544
46.6995
48.9665
47.8433
47.8679
46.8114
46.9333
46.9362
46.5137
46.7975
47.3352
47.0932
46.8044
46.8956
46.9966
46.9024
51.7857
46.6776
47.5877
46.9459
46.6748
46.7727
46.823
46.7989
47.0598
46.7269
47.1677
47.18
47.0513
46.5622
46.9756
47.3087
46.7602
46.9968
46.5451
47.0997
47.03
46.8438
51.6147
46.6287
47.1384
47.0818
46.9935
46.8675
46.9462
49.204
46.5216
47.2445
47.1362
47.1265
46.5833
46.993
47.1342
46.9516
46.8604
47.0286
47.0283
46.5143
46.9206
47.9404
52.67
47.0478
47.6891
47.517
46.9808
46.3854
47.4896
46.9713
47.0545
46.8057
47.1849
47.0164
47.2515
46.9125
47.2785
46.9936
46.5481
47.1078
47.382
47.1806
46.814
47.1705
52.4878
47.3555
46.9421
46.898
47.1558
49.2459
46.83
47.1826
46.8311
47.1679
46.75
46.9566
47.2764
47.4117
46.6358
47.0745
47.4847
47.2349
46.9286
46.631
47.1525
46.823
53.4096
47.7541
47.3
47.274
46.9368
46.9646
47.2136
46.8369
47.2045
47.3724
47.3103
46.6404
47.5464
47.2423
47.2016
46.8473
47.2552
47.3314
47.2927
46.6489
47.2033
47.1385
52.4143
46.5908
47.5992
47.0041
48.755
46.6241
47.1834
47.2663
47.0807
46.8188
47.1882
47.3546
46.4599
46.7935
47.0314
47.1233
46.7319
46.8099
47.1345
47.2177
47.0792
46.7645
52.5614
47.0853
47.8129
47.1111
46.7807
46.9196
47.237
47.0155
46.9437
47.3463
47.1366
47.1077
46.6974
47.1285
46.9382
46.9887
47.132
47.3328
46.9804
46.8425
47.3096
47.1571
52.2705
49.3582
48.637
46.572
47.0199
46.7121
47.4117
47.0877
47.2711
46.8316
47.1188
47.2528
47.2729
46.5887
47.1016
47.0962
47.446
46.8374
47.1775
47.0939
46.2177
45.9311
51.2251
45.9238
45.5624
45.7549
45.2529
45.4618
45.2942
45.4179
45.6978
46.6526
47.463
47.1087
46.8861
47.0514
47.1809
47.2919
47.05
46.884
46.9365
47.5234
47.1495
46.5371
53.4893
48.7352
46.9271
46.9021
46.9607
47.0888
47.2057
46.6204
47.5275
47.1361
46.5165
47.102
47.3942
47.9523
46.8101
47.0561
47.2486
46.9525
47.0577
47.0884
47.0471
47.8155
51.8717
46.8792
47.1231
46.7864
46.9581
46.7902
47.1005
46.8894
47.2179
46.667
46.9769
47.144
46.5705
47.0037
46.9792
47.2032
46.8713
47.0572
47.2954
46.8233
46.9304
48.589
52.3207
47.0561
46.7156
47.1179
46.9807
47.1685
46.976
47.1022
47.0176
47.2274
46.6461
47.3258
47.1354
46.7024
47.3297
46.7811
47.3918
46.9783
47.265
47.6537
47.3398
46.5904
52.9444
47.0407
46.9856
46.7291
47.2419
47.2764
47.1783
46.5946
47.1939
47.0803
46.8705
46.7841
46.9682
47.0971
46.9871
46.8729
46.8726
47.1216
46.4761
47.0393
49.5284
47.1556
52.8277
46.5434
46.9591
47.0242
46.8783
47.1167
47.2431
47.1812
46.9043
47.0543
47.2438
47.1508
46.7042
46.9994
46.9794
47.298
46.6847
47.4138
47.2619
46.7514
46.8805
47.4702
51.4098
47.226
46.5676
47.2471
47.4135
46.5657
47.065
46.9064
47.1857
46.6781
47.2511
46.9933
47.3
46.8146
47.3385
47.3084
46.9595
47.1842
48.4405
47.6691
47.0408
46.9827
51.8967
47.2076
47.2135
46.6403
47.2584
46.7918
47.0799
47.2085
46.7995
47.0799
46.8589
47.1044
46.8307
47.3733
47.0966
46.8147
47.834
47.1398
46.9228
46.7378
46.9758
47.6639
51.8678
46.8893
47.2967
47.3623
46.9586
46.7676
47.0727
47.3004
46.6421
47.3455
47.1881
47.0105
47.0308
46.9044
47.3632
47.4482
47.0239
48.7677
46.7369
47.1336
47.0429
47.7069
51.5654
47.6381
47.2057
46.8342
46.7953
47.2431
47.147
47.0985
46.7135
46.8959
47.0819
47.127
46.6775
47.0668
46.617
46.6483
47.2196
47.1149
47.2633
46.6625
47.0509
48.0833
51.934
46.7182
47.0374
46.9506
47.1361
46.4401
47.2585
47.1577
47.3085
46.874
47.2211
47.164
46.8979
47.193
47.3803
47.3176
48.4704
47.17
46.8028
47.1339
46.7405
48.4002
51.7307
47.3178
46.8885
46.7714
47.2942
47.3656
46.6942
47.0793
47.293
47.0674
47.0845
47.1883
46.9881
46.9698
46.9189
47.532
46.7052
47.3629
47.0212
46.6378
47.0282
50.091
50.5558
46.8987
47.1622
47.3644
46.6368
47.0717
46.9519
47.125
46.9302
47.5079
47.1254
46.9616
47.5422
47.0432
48.3572
47.0772
46.8847
47.1519
47.0929
47.2709
46.7362
52.2536
47.3602
47.4308
46.7135
47.104
47.0497
47.4233
46.7054
47.191
47.2354
47.2221
47.0326
46.7209
47.1127
47.0427
46.6617
47.1108
47.558
46.9708
46.912
47.1461
47.041
52.4431
46.5308
46.9103
46.9034
47.2053
47.0957
46.6358
47.0467
47.2558
47.2707
46.7829
46.9997
47.0289
47.3122
49.0373
47.2054
49.2238
47.7917
46.9745
46.9988
47.1039
46.6173
52.7114
46.9411
47.5109
46.8215
47.1734
46.9844
47.1688
47.0128
47.1987
47.0811
47.7571
46.5521
47.2807
47.1478
47.227
46.5688
46.9446
47.2305
47.3919
46.8402
47.0858
47.2
52.4286
47.2533
47.1355
47.4839
47.3426
46.7593
47.4216
47.1746
46.5145
47.2996
47.1136
46.6731
48.7192
46.7365
47.0104
47.2247
47.1483
46.9163
47.1056
47.1886
46.7715
47.1741
52.8225
47.1335
46.7338
47.1091
47.0988
47.2554
46.6681
47.1118
47.0074
47.3819
46.6311
46.9879
47.0763
47.3136
47.3
47.1642
47.1122
47.208
47.2094
47.1504
46.818
47.2427
52.0224
47.2737
46.8804
47.1678
47.4768
48.936
45.6353
47.9989
47.2705
47.2734
48.2683
47.2576
47.0754
47.2986
46.6899
47.2783
47.1145
47.5723
47.8531
47.1283
47.3686
46.5019
52.5994
47.0138
47.4416
47.0297
46.9099
47.0064
46.6134
46.6644
47.1177
47.1285
47.3344
46.592
46.9582
47.1802
47.4685
46.7933
47.1396
47.221
46.8914
46.7129
47.2741
47.8278
52.1277
46.7067
47.4561
46.8997
47.1741
46.7042
46.9667
47.0275
46.6514
48.7373
47.2433
47.1605
46.7934
47.4879
47.2014
47.0696
46.6354
47.2861
47.0426
47.1598
46.5933
47.8044
51.2559
47.2544
47.1435
47.2388
47.2531
47.2436
46.5882
46.8037
47.3659
46.6477
47.4552
47.2356
47.1134
46.7027
46.8575
47.1393
46.7831
47.0206
46.8532
47.1328
47.1354
47.6851
51.4189
47.6997
47.3358
47.225
48.9337
47.3226
47.2755
48.1937
47.218
47.443
47.1249
47.0637
47.3421
47.0591
47.0809
46.5129
47.0694
46.8547
46.8815
47.1099
47.2328
48.386
51.441
45.2635
45.6048
45.5622
45.4711
45.7711
45.2738
45.8286
45.3184
46.0693
47.0615
47.6195
47.7151
46.6555
47.2023
47.0758
47.1943
46.7836
47.1806
46.9058
47.2187
47.1848
52.0309
48.298
48.7408
46.8004
46.9151
47.2292
48.5495
46.7159
47.0523
47.3201
48.8164
46.7895
46.9692
47.2748
46.6815
47.3522
47.1437
47.3695
46.7342
47.3281
47.6897
47.6197
50.8721
47.9004
47.5045
47.1869
47.0468
47.0889
46.698
47.0688
45.6779
45.6578
45.3578
45.521
46.6244
46.5497
47.0453
46.9786
47.4866
46.6957
46.9548
47.0694
47.4125
47.2862
51.6651
47.1087
46.6918
45.0223
45.3489
46.155
45.611
45.4112
45.8748
46.0292
46.9622
47.3308
46.9179
46.8525
47.1685
47.2352
46.619
46.917
47.1036
47.3469
46.8053
47.3685
51.8688
47.2875
46.7854
46.8806
47.239
46.8856
46.7708
47.1449
47.3769
47.1519
46.9897
47.0847
47.2628
47.182
46.7511
47.1982
47.3975
46.7347
47.4504
47.2811
46.9828
47.3229
51.6602
46.8923
47.0884
47.1813
48.7302
46.72
47.0279
47.1919
47.5807
46.8194
47.2881
47.0974
47.0007
46.7464
47.0988
47.01
47.3375
46.8969
47.161
47.2676
47.1057
46.8781
51.5995
47.3908
47.0861
46.5599
46.988
47.2269
46.9288
47.4282
47.0673
47.4599
46.6388
47.0883
46.7323
46.9615
46.9391
47.079
47.3328
47.0234
47.2596
47.465
46.8512
47.0347
52.22
47.3351
48.3206
47.3535
46.9373
47.4337
46.6442
47.299
47.0224
46.9333
47.1026
47.0232
47.22
46.7276
47.0003
47.2365
47.5716
46.521
47.6283
47.3032
47.2366
47.3347
51.6075
46.5991
47.2214
47.1095
47.4115
46.6232
46.8166
47.2487
46.8721
46.9381
47.1265
47.3287
46.7189
47.1613
46.9368
47.4723
46.8802
47.1246
47.0874
47.122
46.7618
47.8378
51.9221
49.6229
48.0641
47.335
47.1254
47.0758
46.691
47.0564
47.4705
47.1261
46.7787
46.8926
46.9307
46.8696
45.2958
45.9135
45.4198
45.6624
47.3684
47.0451
47.2198
47.315
52.3214
47.246
47.3168
46.579
47.3027
47.105
47.2163
46.8027
47.07
47.003
46.2633
45.51
45.3545
45.7145
45.3339
45.6137
45.673
45.4869
45.6616
45.5378
45.6076
45.321
52.4729
46.9213
47.6303
46.4595
47.3975
47.1381
47.1765
46.741
45.8148
46.9836
46.5932
47.0655
47.1662
47.4093
46.4802
47.7552
47.1755
47.3837
47.4298
47.1551
47.1004
47.2271
51.6688
47.7011
46.8636
47.2513
46.6136
47.1343
47.0589
47.0994
46.9019
46.9873
47.0324
46.9618
46.7921
47.0404
46.484
47.2596
47.3867
46.9287
45.7569
45.3693
48.0497
47.4645
52.2887
46.2961
47.0169
46.6231
47.0782
46.9121
46.8709
46.7083
47.0566
47.2051
46.6216
47.4124
46.9359
47.4518
48.4148
47.0368
47.2267
47.0778
46.6645
47.1372
47.0823
46.9902
52.5007
48.8359
47.3383
47.2208
46.5403
47.0394
47.1962
46.9228
46.7042
47.397
47.6242
47.7409
46.6923
47.5136
47.2771
46.8646
46.6888
46.628
47.1817
48.2349
46.3139
46.4003
51.8994
46.9545
47.1962
46.6535
47.1744
46.258
45.6026
45.3356
45.6807
45.6856
44.5265
45.7942
45.3355
45.7217
45.5174
45.5809
45.0994
45.4303
45.9114
46.6261
47.4604
47.2737
51.4004
46.6199
47.1092
47.1357
47.0844
46.8867
46.0818
45.5102
45.7315
45.3705
45.5803
45.6333
45.304
46.6798
46.6289
45.5693
45.336
45.7018
47.5706
44.9834
45.7506
45.554
45.5254
51.3439
45.4188
45.2448
45.0902
45.9252
45.44
45.9172
46.9892
47.3623
46.5178
47.6957
47.171
46.6947
47.0465
46.5485
47.1887
47.302
47.0923
47.1091
47.5422
47.2554
46.4735
51.3007
47.8966
46.5203
47.073
46.99
47.1805
46.5033
47.1124
47.1299
48.1815
48.2921
46.8573
46.9556
46.8143
46.4744
45.5422
47.3009
45.2256
45.4424
45.6701
45.2557
45.4256
51.9291
47.207
46.8878
46.4968
47.0163
47.0075
47.3459
47.9469
47.1062
48.1483
47.9283
45.0632
45.6912
45.5692
45.2181
45.4957
45.8119
45.8152
45.0236
45.5093
45.4971
45.2695
50.6969
45.9729
45.5178
45.221
45.6633
45.3944
46.0316
46.7541
47.6463
47.0711
46.5778
46.9941
47.2726
47.0022
45.6481
46.3138
47.1999
46.8875
46.6119
47.0046
46.9767
46.4765
48.4245
50.6634
46.9638
46.6611
46.7707
47.1701
46.511
46.9658
46.8361
47.0314
47.1277
46.9495
46.6548
46.8805
46.966
46.3903
46.9444
46.9196
47.0937
46.7308
46.9488
47.1375
47.2452
51.4334
47.1488
46.8424
47.3826
46.5196
47.3357
46.8558
47.1577
46.5586
47.2032
46.8676
46.5649
47.1728
48.5278
47.2193
47.1258
46.5974
45.0703
45.5388
45.5145
45.1967
45.9688
51.7802
47.0127
46.8044
46.9178
46.1714
45.0232
45.7258
45.4414
45.4397
45.1481
45.4582
45.6704
44.7699
45.7241
46.9727
47.0346
46.6432
46.6489
47.0466
46.96
46.5792
46.9032
51.9141
45.9838
47.8236
47.2434
47.0761
47.1841
46.749
46.7046
46.5872
47.1864
46.9288
46.5923
48.5064
47.2555
47.0222
46.6672
47.2002
46.9525
47.0153
46.4512
46.9074
46.9747
52.559
46.7112
47.0912
47.2742
47.2122
46.635
47.1058
47.1403
47.2229
46.346
47.1591
46.8822
47.0093
47.0931
47.2503
46.8583
46.6365
46.9515
46.8928
47.0415
46.2806
47.2528
52.3883
47.2632
46.4595
47.0518
46.932
46.9285
46.6113
46.9547
47.3201
46.583
47.2452
48.6172
46.9445
46.8367
47.2467
47.029
47.1675
46.6492
47.0312
47.3094
47.1566
46.9855
52.6653
47.9423
47.3518
46.6132
46.9713
46.9912
46.3195
46.8008
47.1145
47.0547
46.8679
46.943
47.0142
46.7516
46.5251
46.9617
46.0494
45.5087
45.0035
45.4874
45.426
45.1122
51.9473
46.0232
47.4552
46.6636
46.8996
47.1542
46.9734
46.727
47.0948
47.2004
48.3232
46.664
46.9085
47.0295
47.1623
46.6853
47.1071
46.9603
46.4943
46.995
47.2438
47.149
52.3718
46.764
46.9812
46.9866
46.4356
46.9521
46.952
47.1007
46.2954
47.375
47.0792
46.8488
47.8762
46.9807
46.8789
46.895
46.9497
46.931
47.0049
46.9469
47.0622
46.5908
52.6824
47.4554
47.0599
46.5598
46.9027
46.9944
47.2653
46.7361
49.8545
47.2613
47.105
46.7525
47.1096
46.7443
46.8875
47.1872
47.1252
46.5986
47.5301
47.0428
46.8078
46.9471
52.0683
48.004
46.5336
46.9642
47.063
46.7684
46.807
46.9998
46.0136
45.3581
45.4623
45.382
46.7948
46.6669
47.0884
46.8644
46.2895
47.0005
45.9691
46.4306
47.2025
46.8808
52.0846
47.3033
47.1173
46.4259
47.0189
46.8935
47.3153
48.0959
46.7524
47.1282
46.9539
47.2248
46.5118
47.127
46.9959
46.7542
47.0664
47.1324
46.9495
46.6203
46.8974
46.8429
51.5966
47.4939
47.0331
46.9723
47.1967
48.2646
46.9152
46.8618
47.1411
46.3662
47.0206
47.0223
46.9972
46.6439
46.7633
46.9821
46.7011
47.4532
47.0104
47.5918
46.5033
46.6733
52.6135
46.8133
47.0528
46.6075
47.0463
47.0453
48.5983
46.1916
46.9871
46.9622
46.9517
47.7113
47.0283
47.0305
46.9726
46.8584
46.8228
46.9617
46.6621
46.405
45.5569
45.429
51.5113
46.8413
46.9101
47.0077
46.7288
47.1352
46.7841
46.8983
46.7007
47.0218
46.8477
46.5282
46.9586
46.9603
47.1673
46.9454
47.2657
46.777
46.9518
46.6489
47.2393
47.2246
52.339
46.7522
47.5903
46.8911
48.606
46.55
47.0338
47.06
47.9508
47.6294
46.9708
47.0579
46.9291
46.8529
46.8121
46.8442
47.2892
46.838
48.3755
47.1797
47.0452
46.9551
52.107
46.5418
47.1275
46.2927
44.8971
45.7627
45.2391
45.5852
45.3638
46.2017
47.1472
47.0457
46.9116
46.8175
46.9753
47.8029
48.0393
46.6511
47.101
46.894
47.1574
46.6473
51.8388
47.5042
47.0196
48.7456
47.0186
47.7361
47.8356
46.7468
47.123
46.8911
47.2409
46.5292
47.2651
46.9972
46.9619
47.1875
46.8676
47.1104
46.6133
46.9543
47.0912
48.1422
51.958
46.7737
46.9303
46.7548
46.5132
46.9995
47.117
46.8458
46.6116
47.1807
46.9925
47.1737
46.1724
46.9769
46.0594
45.2542
45.4465
47.0701
47.1405
46.6604
47.0898
46.9422
51.8971
46.9725
49.5143
46.9899
47.1338
46.6736
47.0307
46.7964
47.0808
46.8102
46.9455
47.2246
46.6338
47.2939
46.9769
47.0631
46.6286
46.9838
46.9703
47
46.556
47.3413
50.9384
47.3005
46.5253
46.9536
46.9065
46.7679
46.6455
46.7762
47.1871
46.368
46.9758
46.9412
46.7052
46.7399
46.8708
46.8473
47.041
47.088
47.0024
46.5323
45.6136
45.0088
47.2196
51.0579
46.8566
46.8694
46.8867
46.5109
47.0886
47.0391
47.1707
46.7532
46.9805
46.9334
47.5883
46.5022
47.1187
46.9683
46.405
47.132
47.0073
46.4303
45.1314
45.6997
46.7552
50.7013
46.0377
47.1132
46.8532
46.8982
46.6168
47.0276
46.5634
46.6895
47.157
47.239
46.7436
46.3647
47.061
46.896
46.9588
46.516
46.9775
47.1688
46.9254
47.709
48.3355
51.2129
48.5183
46.6509
47.1492
46.8251
46.8667
46.775
47.0677
47.1063
47.3059
46.5824
47.0323
46.0264
45.2919
45.4884
45.6085
46.1621
46.6706
47.1094
47.0231
46.3976
47.025
52.4274
47.071
47.0333
46.3726
46.8438
46.9952
47.0212
47.2779
46.7695
46.5272
47.1254
46.9225
46.5824
47.0989
47.0884
47.2716
46.8774
47.2962
47.2376
48.6002
46.4385
46.9769
51.7864
47.116
46.5699
46.9514
46.8925
46.7356
47.0948
46.7428
47.5199
46.9761
46.5173
47.0124
47.0603
46.9382
46.6553
47.4065
46.9014
47.1096
46.6093
46.7453
46.9338
47.111
52.1151
46.8748
46.7037
47.022
47.1822
46.5902
47.2105
46.8994
47.968
46.4922
47.0901
47.052
46.9577
46.6362
47.2049
47.2152
46.9154
46.724
48.2716
46.9849
46.6895
46.9303
51.9703
47.1905
47.1679
46.6253
47.0445
46.8496
47.5335
46.856
47.0732
46.929
47.2138
46.54
47.1196
47.0408
47.5586
46.4253
