6.95175e-310
6.95175e-310
96.1492
75.9081
70.8026
67.768
65.8811
64.2942
62.977
61.5414
59.1812
56.246
55.6179
57.3935
52.8367
50.0253
48.7014
48.9113
47.6416
46.5607
46.524
47.9538
44.7941
44.6783
43.8068
43.1773
41.1639
40.5302
39.5063
39.756
39.0169
38.5588
38.3176
37.5563
37.9426
37.3211
36.4627
42.2829
35.5528
35.5742
35.5595
34.5698
34.9091
34.5486
34.4962
33.646
35.0534
33.3699
33.5988
33.1523
33.1144
32.3585
32.1898
31.8601
31.1111
30.6222
30.4231
30.0281
30.7155
30.4324
29.7875
29.373
29.0703
28.9364
29.3747
28.5255
29.14
28.577
29.0145
32.9349
28.825
27.535
27.6406
28.6551
28.0578
28.7004
27.9625
28.6713
28.0683
28.4856
27.9194
29.9244
28.0022
27.5787
28.161
27.7598
27.8017
28.504
27.3406
26.9504
27.8405
28.0743
27.5215
27.9484
27.5615
26.6861
26.2178
26.7085
26.135
25.7171
26.1212
25.5799
26.3338
26.2885
25.9179
26.4711
26.2389
29.9265
25.8972
25.496
25.0571
25.4571
24.8656
25.5138
24.6832
24.9818
25.3073
24.9042
25.2304
25.0735
25.0242
25.4375
24.5002
25.1724
24.6434
24.3707
24.9405
24.0945
24.1779
24.6534
24.7698
24.205
23.8522
23.2375
23.868
23.4605
23.3318
24.0175
23.22
23.5412
23.8277
23.564
23.5281
24.0245
23.508
23.9232
23.2465
23.2182
23.8044
27.1348
23.7809
23.3538
22.5428
22.6947
21.8974
21.9521
22.5322
21.592
21.5724
22.1718
21.728
22.7871
22.9598
22.0535
21.7881
22.5029
22.2107
21.9402
22.1269
21.5648
21.4934
21.5241
21.3968
21.5372
21.493
21.0787
20.9505
21.1899
20.9876
20.974
20.9792
21.2738
20.3397
20.3595
20.9104
20.3844
20.1886
20.6114
20.1686
19.7932
20.2967
20.1146
20.1134
20.5563
19.7366
19.8163
20.5808
21.1097
23.5747
20.3988
19.9525
19.8683
20.3172
19.4979
19.3085
19.5015
19.8754
19.4767
19.2961
19.8172
19.3838
19.4116
19.8217
19.264
19.2705
19.1213
19.7169
18.681
18.4325
18.9205
18.4122
18.6058
19.2904
19.428
18.5285
18.6223
19.1851
19.0109
18.7747
18.9413
18.4603
18.5189
18.5428
18.9275
18.3533
18.3407
18.7571
18.3266
18.3489
18.5839
18.6751
18.6905
18.7889
19.3406
18.8701
18.7413
19.0991
18.4871
18.6848
18.9381
19.0647
19.1341
22.8018
18.5964
18.238
18.4314
18.6398
18.1766
18.3772
18.3535
18.7716
18.261
18.2214
20.2681
18.3792
17.9828
17.7356
18.2664
18.0159
18.0862
18.4679
17.9346
17.8511
17.7332
18.2589
18.0151
18.827
18.8115
18.1947
17.9282
18.2409
18.6047
17.9965
17.7937
18.2404
17.9309
18.0016
18.4427
18.9388
18.1368
18.1373
18.4564
17.9901
17.9145
17.8345
18.2576
17.804
18.3109
18.2442
17.7175
17.5985
17.5835
17.9821
17.5638
17.6358
17.5826
17.3498
17.7105
17.6842
21.4569
17.7697
17.2189
17.2133
17.1091
17.2852
16.9538
17.0153
17.3296
16.9751
16.9263
16.9891
17.6369
17.0963
16.9499
17.002
17.4779
17.483
17.1077
17.8714
17.1412
17.2151
17.0715
17.6024
17.6427
17.4483
17.0022
17.5972
17.1731
17.1971
17.2248
17.7061
17.0654
17.1681
17.1565
17.8128
17.1876
17.3119
17.1254
17.3222
16.8964
16.4811
16.5598
17.0297
16.7537
17.0591
17.1748
16.6058
16.6893
16.3933
16.6996
16.1933
16.4015
16.6474
16.5803
16.7364
17.1016
16.6458
16.7091
16.769
18.3915
20.5431
16.3998
16.9484
16.584
16.4582
16.3893
17.0505
16.4504
18.6328
16.6132
16.8845
16.551
16.6325
16.2394
16.7518
16.2012
16.1937
16.0611
16.7156
15.9028
15.7892
15.8876
16.4618
15.7494
15.7685
15.8155
16.5241
16.1892
15.735
15.7975
16.2521
15.6418
15.6172
15.8451
16.2288
15.7099
15.731
15.8031
16.1856
15.5883
15.3999
15.4388
16.1554
15.938
15.9072
16.2182
16.8243
16.2039
16.2263
16.1132
16.503
15.8356
15.8616
15.594
15.8806
15.5086
19.4657
15.132
15.8917
15.3893
15.508
15.4351
16.0569
16.8398
18.8373
15.5007
15.3108
14.9526
14.9964
15.0692
15.4532
14.8754
14.8593
14.6102
15.2956
14.9393
15.0126
14.998
15.3193
14.7425
14.8165
14.77
14.5753
15.0974
14.5373
14.8197
14.7133
15.0239
14.6465
14.8435
15.0269
15.1561
14.5571
14.5296
14.5514
14.3535
14.8977
14.6078
14.4253
14.5231
14.78
14.5428
14.5839
14.8331
15.6587
14.8123
14.8629
15.1236
15.5781
15.0067
14.7954
15.4674
15.2979
15.8067
15.2045
15.3409
15.3188
15.9922
15.4116
15.4885
15.6375
16.0206
15.6759
15.6042
15.5138
16.0857
15.4232
15.2895
15.2816
15.8057
15.4809
16.7206
20.0129
15.6467
15.3688
15.5986
15.4405
17.2277
15.1376
15.1033
15.0916
15.6116
15.3086
15.5443
15.3106
15.8338
15.0391
15.0016
14.8169
15.2189
14.8141
14.6401
14.8685
14.6
15.0582
14.7659
14.4997
14.5474
14.8863
14.2857
14.3336
14.278
14.2881
14.1617
14.249
14.0209
14.1304
14.5467
14.0007
14.2505
14.2188
14.4786
14.0992
13.9612
14.0018
13.8577
14.4838
14.2847
14.2504
14.1996
14.016
14.7573
14.1031
14.525
14.4767
15.1819
14.5963
14.3983
14.7135
14.97
14.431
13.7681
13.8924
13.9218
14.2817
14.2357
14.1426
14.3316
14.662
14.3507
14.3502
14.2696
15.9507
17.6525
14.4544
14.4066
14.4999
14.8103
14.2254
14.4012
14.1731
14.6168
14.1682
13.9988
14.1212
14.1341
14.3986
14.2264
14.1652
14.1344
14.3485
14.0285
14.0335
14.5374
14.4081
14.7314
14.1721
13.9909
14.0705
14.3759
13.9875
13.9247
13.7451
14.2001
14.361
14.138
14.0701
13.854
14.2486
13.8998
13.5881
13.6819
13.6277
14.2527
13.6461
13.7224
14.0321
13.7404
14.479
14.0578
14.047
14.0804
14.5334
13.8732
13.8698
13.873
13.7239
14.2601
13.8836
13.676
13.7642
14.0472
13.7033
13.4946
13.4949
13.639
14.0436
13.6751
13.5029
13.6176
13.4641
14.0918
13.9539
13.6559
13.5784
14.5502
16.2942
15.3897
14.2898
14.4985
13.9032
13.9828
13.9102
14.0633
14.1644
13.6503
13.4791
13.7346
13.6983
13.9715
13.6053
13.6649
13.7503
14.1211
13.8284
13.3773
13.8699
13.477
13.8994
13.8532
13.6674
13.5415
13.3563
13.8863
13.5215
13.2518
13.1144
13.8455
13.2178
13.3905
13.3653
13.1017
13.6982
13.147
13.0435
13.0355
12.9872
13.8231
13.3111
13.5744
13.2593
13.2029
13.7526
13.2844
13.3928
13.3234
12.9115
13.5387
13.1382
12.8895
12.7705
12.7819
13.0081
12.9522
13.6114
12.8383
13.1774
12.8315
12.816
13.2629
12.8683
12.9919
12.8514
13.0212
13.3197
13.04
13.0405
13.0991
13.0111
13.2966
13.0183
12.8727
13.5773
15.2766
14.6333
12.8036
12.8706
12.8687
12.7644
12.0875
12.1567
12.1139
12.2043
12.4693
12.2499
12.2715
12.3505
12.143
12.5833
12.4336
12.2827
12.348
12.7079
12.3853
12.8753
12.0764
12.2928
12.4502
12.2613
13.0831
12.916
12.604
12.3699
12.2691
12.7329
12.3788
12.3764
12.3591
12.7114
12.889
12.4975
12.2612
12.3091
12.3449
12.6522
11.9256
11.9615
12.2045
12.3067
12.5747
12.0579
12.2374
12.1162
12.1948
12.1216
12.9769
12.0206
12.1981
12.2275
12.0589
12.7801
12.2411
12.1986
12.095
12.2954
12.8256
12.1814
12.1165
12.3182
12.356
12.966
12.3327
12.5248
12.5369
12.5928
12.8565
12.3483
12.2787
12.4227
12.4651
13.1352
12.4215
12.4116
14.3989
12.2311
13.2928
14.5713
15.687
12.8183
12.1844
12.9465
12.3186
12.3769
12.1603
12.2307
12.6851
12.3204
12.0147
12.2521
12.176
12.7438
11.9129
12.3662
12.2596
12.3366
12.7681
12.2897
12.2274
12.0034
12.2042
12.1842
12.2634
12.2959
12.7514
12.3798
12.0668
12.0278
12.4169
12.6471
11.9929
12.0526
12.3264
12.1579
12.0153
12.6689
12.1352
12.0641
11.8931
12.5071
12.8124
12.1182
11.95
11.991
11.9583
12.3219
11.8458
11.6497
11.8179
11.5082
11.4847
12.0673
11.4423
11.6404
11.43
11.6947
12.0359
11.8612
11.6592
11.5781
11.7015
12.3988
11.8531
11.8526
11.9932
11.6865
11.62
12.3325
11.6689
11.7852
11.4956
11.8095
11.9989
11.4346
11.7631
12.0047
11.4578
11.6011
12.2115
11.566
11.404
11.4754
13.0286
15.5821
12.1214
11.7729
11.5555
11.5207
12.412
11.8605
11.5826
11.5312
11.874
11.7329
12.161
11.6694
12.0024
16.1486
16.1543
16.8424
16.5007
15.2533
15.9588
13.6543
14.3707
16.8696
18.2078
19.2403
16.9705
16.5726
17.0339
16.595
14.8426
14.1431
16.5445
16.7839
16.3677
16.1006
16.9255
14.4041
13.8407
14.286
14.1412
13.9532
13.3806
13.7654
13.6843
13.6669
16.0477
16.2879
17.1331
17.951
14.2824
14.6345
13.4589
16.1592
16.9185
15.1951
13.2423
13.6763
13.3927
13.6893
13.0875
14.3531
14.7966
16.173
14.644
11.902
11.5143
12.325
12.0793
11.9122
11.6399
11.9791
13.1119
15.0166
12.9552
11.833
12.0196
12.4915
12.4165
12.2223
12.3021
12.3179
12.4368
12.5848
12.0068
11.9146
11.688
12.3703
11.8759
11.781
11.9263
11.9688
11.8791
12.3362
12.0664
12.2749
11.8875
12.2958
12.3924
12.4203
12.0533
12.1816
12.2588
12.8433
12.0936
12.1557
12.3715
12.2118
12.7332
12.3394
12.6803
12.2995
11.9061
12.371
12.4144
12.0684
11.8601
11.8449
11.8857
12.4758
12.0295
12.002
11.9235
11.9071
12.6707
12.0237
11.956
12.0436
12.1568
12.8234
11.9858
12.3583
12.039
11.952
11.3352
12.1481
11.7311
11.412
11.479
11.6888
12.0496
11.5324
11.4332
11.5729
11.3021
11.4161
12.0795
11.6268
11.9462
11.6176
11.6795
12.4015
11.7703
11.8333
11.6991
11.9682
12.6372
12.1463
13.5446
15.9286
12.4478
12.2008
11.7653
11.8415
12.0364
12.2324
12.0544
11.8714
11.9333
12.0128
12.0866
12.2347
12.0616
11.8517
11.8849
11.8427
12.5162
11.7599
12.0627
12.0393
12.0927
12.2435
12.5945
11.8838
11.7637
12.0799
12.0853
11.976
12.3976
12.3777
12.2454
11.7403
12.2037
12.6358
12.1297
12.0072
12.4051
12.5505
12.4454
12.4611
12.3129
12.9345
12.5134
12.479
12.5457
12.6289
13.0627
12.5066
12.5833
12.5072
12.5305
12.8973
12.2731
12.379
12.2644
12.3422
12.7943
12.1351
12.0224
11.9698
12.0251
12.7785
12.2187
12.2996
12.4632
12.3951
12.6388
12.0655
12.3743
14.0948
12.6955
12.5299
12.0986
12.2206
12.0953
12.0971
12.0887
12.358
11.9985
11.9171
12.027
12.035
12.8839
14.6861
13.0085
11.9544
11.9848
12.3991
12.0527
11.9579
11.9179
11.8258
12.1699
11.5552
11.5202
11.6397
11.6002
11.3969
12.058
11.5405
11.2605
11.5097
11.8087
12.4655
11.5067
11.8339
11.9394
11.7607
11.7139
12.2394
11.8522
11.672
11.6487
11.9726
12.1765
11.9098
11.7688
11.8524
11.7932
12.471
11.8192
11.709
11.8535
12.0237
11.5108
11.9629
11.7863
11.9673
11.5632
11.7495
12.0334
11.3613
11.4564
11.4201
11.4656
11.298
12.0856
11.7336
11.3667
11.65
11.7851
12.1679
11.4761
11.5152
11.4901
11.4086
11.2914
11.7652
11.1216
11.4167
11.388
11.0979
11.7167
11.296
11.0979
11.3563
11.2506
11.3412
11.8824
11.6441
11.3678
11.4572
11.6242
11.0524
11.3359
11.3833
11.1594
10.9591
11.0551
11.4208
10.9368
12.3887
14.9493
11.9995
11.0467
11.4192
11.3738
10.9882
11.0023
11.2117
11.4356
11.1281
11.202
10.9944
11.1207
11.443
11.0603
11.2582
11.1766
11.2136
11.73
11.5842
11.3116
11.5149
11.2971
11.2769
11.6749
11.4958
11.3489
11.1645
11.2963
10.9811
11.8074
11.3846
11.3643
11.2599
11.3803
11.6589
10.9688
11.2388
11.3594
11.0747
11.1582
11.4308
10.9083
11.0365
11.2249
11.0368
11.286
11.93
11.2442
11.3778
11.2559
11.2143
11.8037
11.225
11.0682
11.2916
11.4103
11.4033
11.9058
11.492
11.2681
11.3151
11.215
11.593
10.9136
11.1259
11.1486
10.8975
11.0065
12.5821
11.3971
10.9461
11.2633
10.9191
11.0426
11.736
10.9254
10.8904
11.0487
10.9557
11.0796
11.6257
10.9313
11.0693
11.0514
11.0262
11.3586
10.8703
10.7233
11.6198
10.7175
11.6099
13.5438
10.9415
10.3825
10.609
10.6154
10.2828
11.0249
10.5469
10.4365
10.6844
10.6465
10.4074
11.2667
10.5679
10.5238
10.6731
10.5103
10.5957
11.2156
10.8813
11.6218
11.4947
11.3367
11.5358
10.7953
10.7095
11.0796
10.7716
10.9453
11.7549
11.0547
11.308
11.4953
11.1455
10.8984
11.4829
10.9833
10.7554
11.0953
11.1847
11.0355
11.7094
11.242
10.9083
11.0595
11.1312
11.3187
11.0201
11.2105
11.1137
10.91
11.1113
11.6373
10.9654
11.2256
11.2074
11.0376
11.2329
11.6662
10.9064
11.0928
11.2637
10.9584
11.0915
11.7184
10.9938
11.2244
11.3381
11.1083
11.7135
11.5279
11.5106
11.7133
11.6571
11.0316
11.8542
11.5329
10.9197
11.0768
11.065
11.4771
11.0469
11.5165
10.9973
10.8795
11.0887
11.8681
11.1233
11.2485
11.3185
11.0904
11.0597
12.1549
14.604
11.775
11.362
11.4545
11.6631
11.2585
11.1506
10.9358
11.169
11.0973
11.872
11.2546
10.9411
10.8674
11.044
11.2154
11.2288
11.0804
11.0444
10.8027
11.2089
11.5705
10.8304
11.2497
11.2074
10.9235
11.2877
11.9113
10.9189
11.1303
11.0509
11.0235
11.0443
11.8186
11.0858
11.1884
11.1496
11.0621
11.8743
11.1504
10.9945
11.247
11.1621
11.0672
12.42
11.284
11.1119
11.0907
11.0462
10.7593
11.5109
11.07
10.6452
10.8971
11.1428
11.0778
11.1835
10.8971
10.6702
10.78
10.8986
11.1745
10.9131
11.0298
12.3254
11.4065
10.8577
11.2486
10.9641
10.7722
10.6908
10.8307
10.789
11.2495
10.8109
11.0891
10.7338
10.9946
11.0889
11.0983
11.1206
11.1421
11.0606
11.4995
11.3042
10.6912
11.6005
10.9991
10.6884
10.8957
10.932
10.4638
12.2126
14.6063
11.3465
10.5498
10.9754
11.6174
10.7239
10.9141
10.8695
10.5273
10.6838
11.0882
10.8494
10.7949
10.6378
10.8826
10.8691
11.0545
10.8025
10.6804
11.0241
10.9303
10.698
10.6627
10.7163
10.5214
10.3884
11.2021
10.2203
10.5675
10.4324
10.2824
10.5422
10.9434
10.1208
10.3646
10.1125
10.2161
10.338
10.7369
10.3156
10.2387
10.0126
10.3787
10.2448
10.286
10.9563
10.1681
10.2024
10.5032
10.3623
10.2519
10.6052
10.1607
10.0289
10.0234
10.2466
9.9668
10.8835
10.4244
10.2326
10.6141
10.3373
10.1911
10.971
10.2246
10.5883
10.6835
10.1331
10.6277
10.9836
10.2103
10.6185
10.3021
10.3584
10.4832
11.0138
10.376
10.6256
10.3525
10.414
10.4575
10.8609
10.3994
10.3349
10.898
10.4214
10.174
10.3988
10.9235
10.2075
10.2294
10.0841
10.3522
10.3356
10.6683
10.4755
10.3438
11.6185
14.6612
11.2048
10.4871
10.6429
10.336
10.174
10.8142
10.5081
10.2624
10.3794
10.2159
10.3592
10.9575
10.2265
10.3206
10.4586
10.5548
10.4514
11.0137
10.5755
10.4724
10.3049
10.392
10.4451
10.8588
10.3691
10.5507
10.4033
10.6955
10.4227
11.0724
10.634
10.4947
10.8713
10.7265
10.6704
11.2586
10.7585
10.3522
10.6491
10.3121
10.4205
10.7822
10.2306
10.4999
10.5371
10.1243
10.559
10.9067
10.0874
10.3766
10.2186
10.2681
10.2852
10.5711
10.2508
10.1302
10.3935
10.111
10.1202
10.2199
10.8299
11.7717
10.6826
10.7461
10.2027
10.2603
10.9012
10.2911
10.2209
10.1742
10.2986
10.1849
10.6653
10.4541
10.0572
10.5689
10.5644
10.0475
10.9837
10.3454
10.4191
10.3639
10.0606
10.3447
10.3077
10.1723
10.3052
10.7603
10.2107
10.3197
10.3019
10.267
10.4669
10.8157
10.4008
10.3929
11.2398
11.7199
14.2715
10.9182
10.5317
10.3064
10.1972
10.4779
10.1556
11.0175
10.2888
10.2955
10.4118
10.2631
10.3544
10.9457
10.0746
10.2542
10.3656
9.9632
10.0357
10.3927
9.7999
10.0649
9.7429
10.0571
10.1498
9.6854
10.4581
9.936
9.873
10.0097
9.7461
10.162
10.4184
9.9139
9.9051
9.8555
9.838
9.8236
9.7638
10.2745
9.6587
9.7653
9.7375
9.8487
9.7293
10.4
9.8355
9.7685
9.7894
9.5356
9.9414
9.8321
10.3059
9.9695
9.6217
9.974
9.859
9.6445
10.5968
9.7241
9.8646
10.1603
9.5852
9.8754
9.6023
10.3357
9.9119
9.711
10.0584
10.0159
9.9344
10.614
9.8215
10.1652
10.5776
10.1058
10.272
10.4749
10.1164
9.9209
10.4035
10.1497
9.8562
9.9754
10.5191
10.0768
10.0612
9.8287
10.1809
9.9475
10.428
10.122
9.9221
10.2036
10.1387
9.9375
10.7568
10.1159
10.3162
10.1273
9.913
11.134
12.9971
12.0083
10.2427
10.4489
10.1483
10.6063
11.235
10.1771
10.3729
10.4642
10.4359
10.6199
10.6797
10.464
10.4696
10.5071
10.5074
10.3227
10.9839
10.5527
10.4205
10.6136
10.5673
10.599
11.324
10.8608
10.7993
10.786
10.6837
10.6085
11.2828
10.5727
10.7692
10.7553
10.4761
10.6186
10.8231
10.2811
10.6751
10.6205
10.3896
10.6145
11.1127
10.3643
10.7437
10.6055
10.6134
10.6744
10.997
10.6488
10.6592
10.3848
10.6346
10.6876
12.5994
11.3275
10.4844
10.3385
10.6702
10.4453
11.1035
10.64
10.3307
10.7454
10.606
10.2467
10.9068
10.854
10.3144
10.5671
10.434
10.406
10.8984
10.7969
10.5589
10.6369
10.473
10.5236
11.0915
10.5564
10.5911
10.6488
10.5922
10.5709
10.8465
10.7026
10.4866
10.4608
10.5598
10.7717
10.9761
10.6162
10.5211
10.4198
10.521
10.4778
11.7001
11.9736
13.4387
10.5468
10.6666
10.6791
10.7909
10.526
10.3319
10.5932
10.6989
10.3229
10.8408
10.5569
10.3235
10.5135
10.609
10.2103
11.0077
10.2098
10.2959
10.4592
10.4671
10.4761
11.0997
10.4669
10.4274
10.4592
10.499
10.4464
10.7701
10.8305
10.6689
10.5287
10.8534
10.6799
11.1134
10.8023
10.5739
10.6415
10.7675
10.5043
11.1768
10.7437
10.6608
10.7428
10.6406
10.4197
11.0106
10.7248
10.5478
10.7794
11.076
10.6611
11.4871
10.9823
10.7097
11.0037
11.1241
11.0242
11.4617
10.9197
10.7691
11.0943
11.5332
11.3928
11.043
11.2981
11.0909
11.4149
11.4454
11.1558
11.5101
11.2515
11.5944
11.3681
11.4401
11.0794
11.3764
11.8197
11.1416
11.5827
11.4212
11.3996
11.4396
12.072
11.6834
11.3806
11.4619
11.8599
12.0502
11.6474
11.6123
11.6822
11.6291
12.7401
14.3402
11.525
11.3111
11.442
11.5721
11.3315
11.4591
11.1324
10.9595
11.6392
11.0051
10.9692
11.1153
10.9189
10.9366
11.4924
10.9763
10.7378
11.0135
11.0218
10.8074
11.158
10.8968
10.6621
10.9901
10.7671
10.5708
11.563
10.7024
10.9896
11.0544
10.8523
10.8637
11.48
10.8463
11.1595
11.138
10.9634
11.6408
11.0682
10.8383
10.9691
10.7593
10.8706
11.4929
10.9328
12.6878
10.9815
11.031
10.7329
11.3623
10.9667
10.5885
10.9517
10.919
10.6948
11.6294
11.5691
10.8941
11.132
11.0642
11.3898
11.4068
11.3013
11.311
11.0112
11.3429
11.5992
10.9585
11.105
11.4628
11.1303
11.1935
11.7939
11.2606
11.4699
11.1425
11.0336
11.8453
11.2167
10.9401
11.1613
11.015
11.0238
11.6969
11.317
10.9568
11.3714
11.1883
10.7913
12.6437
15.3729
11.4114
11.1219
11.4242
11.6703
10.8097
10.8013
10.8383
10.6072
10.7588
11.3073
10.8194
10.9827
10.9781
10.8282
10.7783
11.1425
10.4903
10.6169
10.6845
10.7374
10.8627
11.0768
10.7818
10.8042
10.6842
10.9445
10.9305
11.4427
10.9035
11.1084
10.632
10.811
11.0719
10.2764
10.6184
10.6454
10.3933
10.7097
11.2439
10.6931
11.1087
10.6455
10.8801
11.3242
11.3014
10.852
11.0479
10.8993
11.111
11.0269
11.3441
11.1105
10.9796
10.7727
11.0686
10.9167
11.3404
11.0942
10.9225
11.0651
11.874
11.0946
11.3841
11.0329
10.9636
10.8129
11.0721
11.7653
10.9593
11.2876
11.2493
10.6969
10.9505
11.3475
10.9533
11.0504
11.5423
11.1909
11.1089
11.8821
11.3844
11.0961
11.3359
11.2767
11.4915
11.27
11.2535
11.0464
11.3216
11.6711
11.8391
12.04
13.6879
13.893
11.1943
11.6827
11.1602
10.8082
11.1979
11.0802
10.83
11.744
11.1803
11.0746
11.2433
11.2163
11.4515
11.3016
11.4421
11.4005
11.0091
11.3294
11.9656
11.2498
11.2933
11.3514
11.1931
11.3364
11.7581
11.0871
11.2093
11.4683
11.1378
11.8534
11.2779
11.1242
11.2905
11.3133
11.0734
11.683
11.2826
11.1336
11.2389
12.6253
11.6085
11.2757
11.1783
11.1389
10.8138
11.3022
11.596
11.0782
11.3913
11.7718
11.1033
11.1635
11.7302
11.0337
11.3603
11.3718
11.2389
11.1948
11.7496
11.3143
11.2877
11.3226
11.4891
11.8809
11.2478
11.4095
11.2391
11.2698
11.1588
11.481
11.3191
11.3057
11.2676
11.2414
11.7354
10.8996
11.1587
11.0747
10.8456
11.0635
11.5433
10.7919
11.1643
11.1063
10.7851
11.038
11.5235
11.0619
10.9473
12.1488
13.8564
11.2549
10.8486
10.9657
10.8302
10.9627
11.1175
11.4402
11.0477
11.0817
11.007
10.9718
10.8836
11.3979
10.9429
10.8004
10.777
10.7578
10.7761
11.0743
10.9851
10.4765
10.8461
10.8821
10.644
11.4643
10.809
10.5301
10.9856
10.8771
10.5741
11.1208
10.7464
10.371
10.6486
10.6582
10.282
11.0843
10.6144
10.4482
10.5474
10.4743
10.3722
11.0259
10.3693
10.4554
10.4093
10.5194
10.3603
11.0346
11.3854
10.7823
10.8516
10.9513
10.5893
11.3705
10.8951
10.7729
10.4231
10.8414
11.0181
10.5998
10.7577
10.5987
10.4026
10.5437
10.5207
10.777
10.3923
10.0436
10.3014
10.506
10.1259
10.7666
10.069
10.1872
10.4582
10.1172
10.1876
10.4498
10.1174
10.0652
10.1343
10.063
9.9716
10.7361
10.276
10.1137
10.2286
10.0229
9.8434
10.2473
10.0182
9.8774
9.7853
9.6939
10.7765
11.6134
12.8579
10.1974
9.5509
9.8817
9.8593
9.6008
10.4436
9.8146
10.0196
10.0618
9.6197
9.9186
10.3591
9.9698
9.9881
9.9795
10.0686
10.0464
10.1521
10.7517
10.1099
10.1705
10.0542
10.0971
10.1724
10.5502
10.2854
10.4058
10.3851
10.3403
10.0528
10.9293
10.2877
9.961
10.2612
10.1572
10.2153
10.2478
10.0519
12.5883
10.1232
9.9584
9.7616
10.2053
9.94
10.4589
10.0214
9.7651
10.5034
9.4852
9.7926
10.4435
9.6219
10.1619
9.808
10.4997
10.0679
9.8978
10.4259
9.7387
10.2491
10.5898
10.2702
10.4053
9.9316
10.6801
9.8598
10.8369
10.7776
10.0283
10.684
10.1342
10.4471
11.0343
9.8057
10.2485
10.0065
10.0812
10.3845
10.2521
10.0951
10.0609
10.2975
9.8463
10.3196
10.238
10.5261
10.3479
10.0148
10.3461
9.9968
9.7216
10.8206
9.7563
10.2442
10.187
9.7169
10.1589
9.7462
10.0644
10.672
12.6857
11.7539
9.8224
10.151
9.5016
10.3992
10.0063
9.4795
10.0868
9.702
10.1456
10.843
9.6078
10.4178
9.9929
10.0211
9.6503
9.6378
10.67
9.8897
10.0764
9.8176
10.1588
10.0558
10.3434
9.8313
9.7322
10.1953
10.1717
9.7165
10.5177
9.6825
10.0813
9.5477
9.9992
9.8545
9.5302
10.3896
9.8362
9.9666
9.7403
9.4132
9.7311
10.0694
9.8909
9.7947
9.3463
9.76
9.4982
9.5131
9.861
9.3391
9.8958
9.4321
9.5276
9.5543
9.6679
10.1355
9.6694
9.7882
9.5977
10.0603
9.9025
10.2737
9.6598
9.644
9.8623
9.4059
9.3931
10.0381
9.6695
9.9143
9.6838
10.5558
10.0775
9.6464
9.8256
9.531
9.9654
10.4587
9.6046
9.8843
9.4642
9.78
9.6799
9.3863
10.2507
9.5
9.5263
9.6341
9.8956
9.963
10.2203
9.8106
9.6499
9.894
10.1554
9.6594
9.777
10.3691
10.0724
9.7126
9.7689
9.7487
10.9695
13.8004
10.542
10.2463
9.9145
9.5552
10.3018
10.0191
10.2387
10.329
9.7385
10.2914
9.6821
10.4049
10.1833
9.5891
9.9173
9.5262
10.2152
9.362
10.5021
9.9492
9.3692
9.8779
9.2435
10.0768
10.2053
10.1388
10.3067
9.62
10.4369
9.7394
9.5614
10.5684
9.7318
11.8044
9.7101
10.0988
10.1489
10.2324
10.2327
9.9731
10.7888
10.373
9.8919
10.5062
9.7451
10.2744
10.3172
9.7365
10.0292
9.7047
10.2593
9.6956
10.0496
9.8155
9.6476
10.075
9.7202
10.0014
10.1861
9.7486
9.5869
9.7276
9.8201
9.4163
10.0692
9.7659
9.8269
9.8349
9.5987
10.1069
9.6764
10.0061
9.7773
9.4685
10.053
9.6059
9.5917
10.2854
9.5881
10.0138
9.3689
9.6454
9.7805
9.3042
9.9325
9.2599
9.8031
9.4941
9.0718
9.4114
9.0987
10.0336
9.8228
9.3581
9.8591
9.3593
9.4395
9.6596
8.8926
9.6538
8.9044
9.5562
9.0629
10.7871
12.8131
9.3697
9.3826
9.1094
9.6407
9.7259
9.013
10.2924
9.4225
9.5866
9.4132
9.2179
9.8357
9.6332
9.5354
9.2772
9.2699
9.4469
8.8418
9.3784
9.3189
9.3859
9.1656
8.9176
9.4528
8.8625
9.4719
9.3845
9.0803
9.4006
9.2698
9.4137
9.2597
9.6747
10.0037
9.3674
9.362
9.2444
9.3396
9.595
9.0507
9.4103
9.0724
9.1404
9.031
8.7274
9.4122
8.9787
9.8936
9.1022
9.3203
9.3982
8.7872
9.5252
8.8192
9.9861
9.3105
9.1504
9.4892
8.8897
9.6417
9.331
9.115
9.338
9.1001
9.3364
9.1282
9.746
9.3613
9.0974
9.9628
9.2431
9.6598
9.6662
9.1067
9.4072
9.1945
10.1754
9.0692
8.864
9.8101
9.0116
9.5037
8.9939
9.9156
9.4723
8.7697
9.3954
8.7531
9.4439
9.3198
9.2771
9.6355
8.9328
9.6204
8.9345
9.4701
9.9277
9.1879
9.6102
8.9806
9.6381
9.3925
9.169
9.8462
9.0194
9.2918
9.4719
8.9756
9.9792
10.214
12.739
9.0979
9.3743
9.4081
9.174
9.4885
9.8016
9.477
9.7493
9.1681
9.498
9.1476
9.2942
10.0203
8.8007
9.37
8.9939
9.1751
8.9183
8.7256
9.8427
8.6336
9.5947
8.7797
9.4573
9.2061
8.9239
9.9391
8.6677
11.0715
9.2699
8.7417
8.738
8.74
9.9119
8.7223
8.9768
9.1542
8.7898
8.7726
9.2021
9.2283
8.8807
9.1629
9.0355
8.7065
8.9765
9.3613
9.293
8.8419
9.3149
8.9772
8.7062
9.2713
8.6397
9.4288
8.6524
9.3035
8.7234
8.9047
9.19
8.5507
9.1657
8.9766
9.0027
8.572
8.9894
8.9578
8.8797
9.2092
9.0237
8.4306
8.6702
8.9435
8.5587
8.6948
8.361
9.2647
8.4292
9.1287
9.0929
8.8158
8.6497
8.931
9.016
8.619
8.9275
8.566
8.592
8.9171
8.9604
9.3384
8.9266
9.3787
8.8659
8.8444
9.3401
8.6438
9.5207
8.8246
9.398
8.6974
8.9889
9.4642
8.7379
9.5423
9.3242
9.0414
8.6791
8.9167
8.6566
8.7592
9.3227
10.1846
12.602
9.303
9.5906
8.9818
8.947
9.9486
8.7804
8.989
9.0894
9.6104
9.0193
9.04
10.0066
9.2305
9.0622
9.2834
8.9489
8.8203
8.9857
9.6476
9.1381
8.8975
10.1439
9.2175
9.0172
9.6575
8.8881
9.1676
8.8082
9.9515
8.9354
9.2604
9.5336
8.992
9.4871
9.2895
9.6291
8.799
9.7398
9.0569
8.9865
9.1476
9.2458
9.0515
8.8727
9.5355
9.4256
9.0604
9.3385
8.9944
8.9757
9.0856
9.6266
9.4197
9.0747
9.4228
9.3068
9.1594
9.5989
8.9613
9.5117
9.0507
8.9637
9.0017
9.0319
9.5719
8.7644
9.9143
9.1965
8.9889
8.9294
9.1987
9.2502
8.7552
9.5861
9.0986
8.9972
8.6723
9.5394
8.7449
8.8725
9.8712
8.7396
8.9159
8.7088
9.4873
8.6234
8.9253
9.121
8.801
8.8726
9.1844
9.3776
8.5499
8.8682
8.6914
8.9301
8.8443
9.1758
9.072
8.8121
9.2796
8.6581
8.6519
9.2177
8.4429
9.3936
8.6712
9.228
8.9052
9.6315
11.812
10.3011
10.9224
9.4236
8.7842
9.0566
8.7867
9.3442
8.6554
9.2769
9.4697
8.7915
9.151
9.1686
8.9724
8.7175
9.4562
8.7753
8.8856
8.8748
9.3637
8.9016
9.0578
9.9926
9.3143
11.0328
9.3426
8.9408
8.7943
8.8517
9.3952
8.5838
8.8706
9.245
8.8973
9.193
9.4207
9.4144
9.0567
8.9096
9.4377
8.955
8.8614
9.2258
9.2762
8.9097
9.1878
8.9649
8.6302
8.9847
8.5904
9.481
8.6597
9.3309
8.8997
8.6766
9.3287
8.7034
9.5906
9.1394
9.0587
8.8415
9.1357
9.2295
8.93
9.7129
9.1
9.0576
8.7804
9.4087
8.8906
8.8692
9.2798
9.4258
8.8516
9.0292
9.2851
8.8197
8.895
9.624
8.9458
8.6863
8.8864
8.6233
9.016
8.6983
9.8509
8.8305
8.8649
9.2176
8.5861
8.8123
8.9393
9.2294
8.6173
8.9559
9.0423
8.8646
8.6943
9.3775
9.2929
8.6991
9.3134
8.6945
8.8136
8.6333
9.3451
8.6318
9.3444
9.2425
8.7693
9.4554
11.0622
10.0856
11.2018
8.9928
8.7729
8.9726
8.9374
9.2605
8.7679
9.4471
9.2051
8.6369
8.813
9.1639
9.0348
8.5075
9.3552
8.9735
8.9694
8.9383
9.3459
8.935
8.6521
9.8776
8.685
8.7166
8.7137
9.3495
8.6139
9.4085
9.7818
8.6259
9.0669
9.0289
9.0295
8.9672
9.0322
9.2342
8.8976
8.97
9.3252
8.8502
8.8808
9.4715
9.2295
8.9752
9.2791
9.1759
8.8481
9.0126
9.2385
9.4589
8.9495
9.1798
8.9094
8.8274
9.2606
8.9094
8.9442
8.9376
10.0415
8.8928
9.2383
9.5661
8.8575
9.3205
9.1673
9.4065
8.7606
9.4839
8.7605
8.9642
8.8825
9.2913
9.2246
8.7309
9.3646
8.7332
9.0486
9.3825
9.0725
9.3277
9.1268
9.3248
8.7389
8.9683
9.1305
8.901
9.3111
9.2744
8.7732
8.8975
9.0136
9.3251
8.5523
9.2654
9.2021
8.5977
8.7586
9.1359
8.7936
8.717
9.4045
8.8409
9.0243
8.7093
9.3948
8.672
8.9281
8.7987
9.2889
9.2547
9.1586
9.8276
10.9202
9.9899
11.4082
8.9122
8.8245
8.9963
8.7556
8.6229
8.6791
9.1155
8.6877
9.3618
8.6432
8.8245
8.6804
8.7693
9.2563
9.0335
9.2615
8.9992
10.6743
9.2365
9.1012
9.7743
9.4641
9.197
9.3211
8.8309
8.9659
8.6684
9.5773
9.2823
8.902
8.8645
8.7539
8.9003
8.7008
9.3678
8.6706
9.5075
8.5797
8.9556
8.7179
8.7837
9.0561
8.8772
9.2565
8.5477
8.7927
8.6727
9.4154
8.6629
8.7241
9.0779
8.7987
8.6938
8.8218
9.1994
8.7431
8.6494
9.1804
9.019
9.0341
9.4139
8.9338
8.9647
9.2768
9.7512
8.992
9.3009
9.363
9.4716
9.2551
8.9907
9.3935
9.4123
10.5999
9.021
9.0973
9.2327
9.1741
9.6673
8.9728
9.6347
9.218
8.9957
8.8528
8.9459
9.6223
9.2416
9.3023
8.8551
9.0167
8.8815
8.9749
8.982
9.4035
8.8658
9.5504
8.9984
8.8967
9.1612
9.3285
9.1006
8.9551
9.637
8.9431
9.1717
8.9188
9.5525
9.2586
8.8453
10.1077
10.1496
11.6696
12.11
8.988
9.0101
8.6187
9.6518
8.7475
8.9259
9.4515
8.776
8.9194
8.7127
9.5087
8.7725
9.3825
8.8249
9.0182
8.8571
8.8768
9.3217
8.9475
9.5009
8.8254
8.8289
8.8381
8.8987
9.4236
9.4632
8.7565
9.0982
8.6328
9.1227
9.0144
9.3827
9.2738
8.734
9.0388
8.766
8.9864
8.7867
9.9716
8.8046
9.133
9.2476
9.6671
10.1866
9.0935
10.1276
8.9075
9.0614
9.0465
8.6327
9.0099
9.1986
9.7214
9.0575
8.9836
8.8494
8.8753
8.8539
9.2037
9.4656
8.6322
8.9741
8.8377
9.0791
9.1696
8.9344
9.2882
8.9879
8.8882
9.1803
8.8978
9.7223
8.9711
9.4996
9.1339
8.8949
9.1653
9.2243
9.1783
8.7638
9.7333
9.0561
8.9748
9.1742
9.2612
9.0595
8.9467
9.4636
8.7353
9.0588
9.3231
8.8732
8.9255
8.6891
9.533
8.7408
9.0493
9.3631
8.8746
8.7321
8.8543
9.1654
8.7994
9.1617
8.6625
8.8095
8.7339
8.8937
9.7094
10.1533
11.8533
11.3811
9.3643
8.9983
8.7749
9.28
9.3384
8.5405
8.8091
8.6587
8.7564
8.6559
9.2116
9.1982
10.7085
8.7072
8.4039
8.7039
8.4357
9.5973
8.3849
8.9622
8.5121
8.8357
9.1671
8.541
9.6163
8.4438
8.6854
8.3843
8.8859
8.5566
9.1625
8.4195
8.5826
9.0937
8.5073
8.5756
8.6713
8.9025
8.6185
8.4876
8.7156
8.9187
8.9448
9.0696
8.5319
8.5781
8.4108
8.5215
8.8917
8.5866
8.7431
8.4145
8.3409
8.7042
8.361
9.0483
8.6212
8.8405
8.2436
8.5893
8.2689
8.6152
8.319
9.3079
8.3212
8.6441
8.6395
8.8747
8.3944
8.8903
9.0479
8.3716
8.5045
8.2485
8.5193
8.3595
9.0068
8.3782
8.8832
8.492
8.6173
9.0603
8.9985
8.5459
8.6271
8.4934
8.578
8.4798
8.6737
9.5856
8.6359
8.4053
8.6352
8.3346
8.6043
8.7245
9.1283
8.505
8.4179
8.5735
8.4193
8.7174
8.9115
9.2363
8.3709
8.6462
8.3986
8.7182
8.8547
8.8043
8.5323
9.3587
8.4493
9.8151
11.8233
9.9234
9.3871
9.1211
8.6342
8.5544
8.592
8.8678
8.5592
8.4089
8.6795
8.9168
8.5262
8.5806
9.0612
8.5189
8.4698
8.5131
8.8565
8.5202
8.7629
8.402
8.6218
8.4305
8.3195
8.3877
8.7734
8.9206
8.2128
8.4893
8.1407
8.4224
8.2366
9.3834
8.2742
8.3689
8.1009
8.3713
8.0936
8.5995
8.516
8.9298
8.0866
8.3732
8.105
8.3106
8.6981
8.2768
8.6957
8.3825
8.2718
8.3774
8.5339
8.8475
8.3435
8.4649
8.9581
8.5953
8.8168
9.3423
8.6261
8.5032
8.4914
8.9917
8.6506
8.9606
9.3941
8.9326
9.0272
8.7989
10.0948
8.6233
9.159
8.6558
8.6371
8.7302
8.6072
9.3335
8.7008
9.2718
8.6006
8.8866
8.6037
8.8926
8.6285
9.6284
8.5305
8.543
8.5289
8.6437
8.6971
8.4671
9.5943
8.538
8.6179
8.447
8.6681
8.7013
9.1252
8.9858
8.7201
8.7357
8.6289
8.5948
8.8193
9.0465
8.9489
9.3926
8.9589
9.0486
9.0405
9.5507
8.6546
8.7906
9.0949
9.3182
9.5259
11.4339
11.3084
10.0109
8.8893
8.5971
8.9741
8.8735
9.0144
8.728
8.4555
10.5634
9.1946
8.9693
8.967
9.6719
8.7457
8.7328
9.3247
8.6563
8.8981
9.0093
9.0683
8.6783
8.7977
9.1481
8.7591
8.7072
9.1673
8.6268
8.6951
8.4891
8.6448
8.6791
9.3437
8.7767
8.9785
8.7343
8.7158
8.7985
8.7567
9.2545
8.6478
9.2873
8.5
8.8955
8.5185
9.202
8.339
8.586
8.2786
9.118
8.4432
8.5881
9.2892
8.3441
8.75
8.5632
9.1338
8.4997
9.574
8.4522
9.0056
8.8445
8.7488
9.1231
8.7849
9.0706
8.8164
8.7916
8.4769
8.7827
8.8381
9.221
8.4658
8.603
8.3857
8.6482
8.6323
8.7265
9.4681
8.6579
8.3194
8.6446
8.2944
8.6811
8.7693
9.0071
8.3345
8.5811
8.3597
8.6921
8.5945
9.1075
8.593
8.9748
8.9042
8.4387
8.8248
8.9216
8.6613
8.3902
9.182
8.472
8.8451
8.4928
9.09
8.5041
8.58
9.0786
8.6242
8.5237
8.8755
8.8616
8.4422
9.4785
10.5708
8.8492
9.2432
10.9487
9.2526
8.7599
8.5252
9.0123
8.8024
9.1505
8.8699
8.5897
8.6203
8.5283
9.2226
8.5885
9.4472
8.6044
8.7951
8.401
8.7426
8.5046
9.5532
8.5129
8.3152
8.6216
8.4156
8.6692
8.5013
9.6179
8.4057
8.6591
8.3969
8.6778
8.5376
9.0099
8.884
8.5804
8.3995
8.5876
8.4225
8.5745
8.8485
8.5695
8.7185
8.431
8.4083
8.6074
8.6844
8.5334
8.3051
8.8654
8.3344
8.5243
8.4288
8.7769
8.3778
8.2716
8.4447
8.6814
8.3731
8.555
8.987
8.2827
8.5546
8.1814
8.7804
8.2046
8.8894
8.6924
8.661
8.2417
8.6022
8.311
9.0616
8.7681
8.4434
8.2838
8.4861
8.3619
8.573
8.7054
9.0064
8.4927
8.5823
8.4321
8.5749
8.5745
9.5676
8.6411
8.5202
8.5834
8.4698
8.675
8.6507
9.0393
9.007
8.6607
8.4862
8.5897
8.4382
9.0596
8.4216
9.203
8.3873
8.8422
8.3793
8.7426
8.856
8.7578
8.6967
8.9605
8.7336
8.6166
9.2193
8.5619
9.4241
10.3568
9.3907
8.9936
9.8639
10.9546
8.9394
8.8104
9.6386
9.0347
8.6802
9.206
8.6929
8.6693
8.697
9.3655
8.5984
8.471
9.0195
8.4452
8.717
8.4515
8.3549
9.0683
8.7821
8.2822
8.5611
8.2163
8.4337
8.1514
9.0799
8.608
8.4549
8.1833
8.4848
8.2636
8.5001
8.5309
8.6529
8.0365
8.4489
8.0593
8.3345
8.1229
8.6509
8.063
8.5822
8.2023
8.4119
8.2298
8.7029
8.2315
8.2626
8.6554
8.2618
8.1073
8.3013
8.5231
8.2569
8.0918
8.3446
8.7046
8.2892
8.753
8.2956
8.0334
8.5
8.0865
8.8261
8.1913
8.8489
8.1504
8.5564
8.075
8.3992
8.1989
9.3639
8.1111
8.3647
8.097
8.3789
8.1563
8.5583
9.3349
8.4022
8.2571
8.2058
8.069
8.2663
8.6553
8.1941
8.6199
8.1731
8.1922
8.1692
8.2368
8.6103
8.2472
8.2403
8.7539
8.1778
8.2461
8.8348
8.3341
8.2647
8.1759
8.7947
8.387
8.3277
8.9151
8.4838
8.5001
8.5224
8.4091
9
8.8535
8.3033
8.4626
8.3777
8.653
8.2838
9.7151
10.5569
10.7934
8.9932
9.6604
10.7011
8.5823
9.495
8.3741
8.3341
8.3289
8.5908
8.4068
8.3455
9.003
8.3145
8.1564
8.2678
8.2161
8.2894
8.5861
8.299
8.2339
8.4473
8.3727
8.2763
8.7696
8.7802
8.2782
8.3201
8.3249
8.3469
8.5592
9.3929
8.4722
8.3557
8.3422
8.3107
8.2707
8.236
8.7424
8.7609
8.417
8.0605
8.3221
8.0664
8.6749
8.1549
8.9151
8.0434
8.4625
8.0961
8.4788
8.4758
8.3172
8.0251
8.3412
8.0756
8.4598
8.6317
8.4893
8.1361
8.9729
8.3444
8.7991
8.5556
9.0012
8.4228
8.5872
8.8729
8.6433
8.7387
9.1002
8.5478
8.6145
8.6489
9.0945
8.4789
8.8154
9.0405
8.3927
8.5368
8.5244
8.6004
8.8735
9.0696
8.5297
8.8647
8.3938
8.7187
8.2881
8.969
8.8021
8.5912
8.3481
8.6167
8.459
8.8
8.823
8.9953
8.5468
8.5366
8.6183
8.6406
8.701
8.7772
9.3542
8.3752
8.6023
8.3414
8.5958
8.8388
8.4354
8.7483
8.3635
8.2829
8.3443
8.315
8.9399
8.2815
8.3131
9.617
11.8572
9.3138
9.7037
8.7824
8.0207
9.0328
8.2534
8.3449
8.1389
8.6319
8.0398
8.3382
8.131
8.7175
8.1772
8.6898
8.1391
8.3943
8.0729
8.2679
8.2492
8.9489
8.6463
8.2959
8.2364
8.2891
8.1568
8.286
8.5119
8.1746
8.6332
8.1661
8.2548
8.1117
8.0911
8.5867
8.2557
8.273
8.6072
8.2197
8.2233
8.6698
8.2614
8.1982
8.4499
8.2948
8.6552
8.2869
8.3698
8.3099
7.9384
8.1462
7.9464
8.8584
8.3896
8.2626
7.9565
8.2864
8.0249
8.3357
8.2038
9.3207
8.1788
8.4933
8.2136
8.4197
8.3514
8.8312
8.8356
8.5513
8.3997
8.3939
8.3114
8.3339
8.738
8.4049
8.8562
8.3706
8.2769
8.4421
8.678
8.7379
8.5447
9.1973
8.7515
8.6035
8.7577
9.0701
8.7181
8.5834
8.7423
9.3733
8.8839
9.1715
8.9383
8.4385
8.6722
8.4998
9.2147
8.583
9.1759
9.0685
8.5936
8.7726
8.564
9.3906
9.0041
8.8481
8.5671
8.7092
8.4821
8.6663
9.1654
9.1805
8.5823
8.5241
8.7736
8.5104
8.7334
9.0834
9.8301
11.3771
9.8822
8.6937
8.7171
8.5045
9.6308
9.1185
8.7813
8.8063
8.9586
9.0419
9.0124
8.9929
8.5519
8.6638
8.3709
8.6047
8.3742
9.0951
8.387
9.0157
8.3612
8.6842
8.408
8.9078
8.4897
8.2714
9.0271
8.2539
8.4195
8.3097
8.8404
8.2015
8.4728
7.9787
8.6202
7.9967
8.2115
8.392
8.4319
7.9445
8.0769
8.0074
8.5628
7.9457
8.4251
7.9733
7.9542
7.9805
8.0429
8.383
8.2237
8.1443
8.2355
8.1141
7.9865
8.0323
7.8111
8.4172
7.7381
8.0758
8.0576
8.0081
7.7526
8.0088
7.7626
8.6061
7.9542
8.0959
8.2306
8.0027
7.8343
8.0816
7.9056
8.5862
7.8707
7.9273
8.2944
7.8904
7.9942
8.0291
7.9536
8.4482
8.0096
8.0182
8.3667
7.9456
8.0526
8.0991
8.0063
8.3597
8.0369
7.9709
8.1809
8.006
7.9363
7.8638
7.982
8.413
7.961
8.3092
8.329
7.9295
7.9113
7.8962
7.9669
8.1704
7.8599
8.0332
8.1632
8.0099
7.8047
7.9768
7.7361
8.5142
7.7906
8.1218
8.1037
9.7686
8.1716
8.3567
8.0385
8.8369
8.6049
9.3244
11.3563
9.1426
8.3696
8.1164
8.9226
8.2685
8.3665
8.1866
8.6006
8.1953
8.2239
8.677
8.2065
8.1855
8.2268
8.2445
8.5714
8.3129
8.1795
8.5358
8.1811
8.1158
8.1986
8.2583
8.6515
8.23
8.2892
8.7106
8.3356
8.3988
8.5255
8.6441
8.4884
8.3575
9.0372
8.2457
8.6004
8.6848
8.6144
8.2944
8.4252
8.3754
8.7762
8.3402
9.0052
8.398
8.4989
8.4056
8.4854
9.3732
8.8944
8.6629
8.3556
8.8845
8.3335
8.7947
8.6495
9.4507
8.5702
8.5606
8.4658
8.4898
8.543
8.9039
8.9047
8.5035
8.3091
8.3523
8.3205
8.3889
8.6574
8.9337
8.2998
8.5757
8.2489
8.5034
8.3065
9.0023
8.2793
8.9368
8.4025
8.4545
8.6092
8.9642
8.544
8.3579
9.037
8.3948
8.6695
8.6272
9.2706
8.4627
8.9942
8.3663
9.0616
8.5375
8.9704
8.4977
8.5325
8.5226
8.5881
9.1695
8.7034
9.0661
8.521
8.6522
9.0229
8.5354
9.0346
9.0329
8.466
8.552
8.5222
8.5724
8.695
8.5591
9.4339
8.7019
8.5534
9.2513
9.2836
12.6737
9.217
8.5853
8.6916
8.612
8.7707
8.4749
8.878
9.7089
8.5595
8.6684
8.5353
8.817
8.6182
9.3839
8.5454
8.6688
8.4325
9.2408
8.5411
8.7957
9.1624
8.7693
8.6682
8.54
9.1033
8.7244
9.1264
8.8631
8.4858
8.4462
8.5088
8.9096
8.6493
8.9625
8.5672
8.4678
8.6803
8.4711
8.8029
9.2453
8.6656
8.3928
8.6416
8.399
8.6823
8.5236
9.6093
8.9122
9.1986
8.9746
8.8204
8.9793
9.1079
9.3551
8.7619
9.0863
8.8278
8.8698
8.8628
9.2524
9.3006
8.5192
8.7553
8.4447
8.6959
9.0557
8.6418
9.1243
8.5973
8.6255
8.5671
8.655
8.987
8.39
8.5649
8.9857
8.5518
8.5553
9.1382
8.462
8.6972
8.5786
8.992
8.8511
8.9206
9.1266
8.6037
8.8106
8.4365
9.2064
8.517
9.2629
8.4484
8.7013
8.4845
8.8545
8.6046
9.2179
9.3146
8.7671
8.9009
8.4183
10.3345
8.6828
9.3287
9.0613
8.6737
8.649
8.5782
8.47
8.5886
9.047
8.4613
9.0322
8.9476
9.221
11.8361
9.6694
8.4555
9.0217
8.2786
8.5168
8.4176
8.6191
8.773
8.4328
8.0536
8.9782
8.2126
8.3029
8.6837
8.1465
8.2446
8.1933
8.1201
8.631
8.3396
8.4799
8.2723
8.0449
8.5494
8.2121
8.8128
8.7033
8.6826
8.2275
8.647
8.3342
8.5662
8.3455
8.9519
8.2696
8.4559
8.4621
8.478
8.9432
8.862
8.3161
8.3633
8.349
8.3499
8.3164
8.5666
9.2978
8.468
8.5175
8.486
8.2908
8.7096
8.758
9.1493
8.2856
8.4982
8.3543
8.5308
8.4278
9.0259
8.6087
8.9761
8.5743
8.3714
8.6609
8.8781
8.8342
8.4017
9.1124
8.4485
8.5434
8.5396
9.1483
8.3089
8.5721
8.6566
8.5821
8.4132
8.8267
8.459
8.4187
8.3555
8.4285
8.7884
8.508
8.6198
8.2352
8.2497
8.312
8.192
8.2486
8.8438
8.5572
8.6123
8.3947
8.2273
8.5228
8.2254
8.7759
8.9253
8.2503
8.4293
8.304
8.3601
8.5658
8.5333
9.3685
8.5353
8.5762
8.5859
8.3598
8.6448
8.499
8.7517
8.0499
8.2709
7.9856
8.5178
8.1339
9.7502
10.1084
10.7474
8.4197
8.1167
8.2682
8.5693
8.2762
8.0594
8.8134
8.1397
8.6484
8.2083
9.0062
8.1491
8.1973
8.5866
8.1775
8.2171
8.7079
8.2433
8.3636
8.5279
8.3286
8.7372
8.5086
8.7095
8.3394
8.2337
8.3416
8.253
8.4441
9.1648
8.3859
8.1557
8.4715
8.4398
8.8254
8.5471
9.3299
8.3929
8.5771
8.3147
8.5025
8.3688
8.8672
8.494
8.7957
8.4551
8.7128
8.7421
8.6012
9.1251
8.4019
9.1648
8.3427
8.5757
8.4447
8.9995
8.5033
8.5316
9.0476
8.6421
8.7053
8.7628
9.0313
8.7832
8.6217
8.7328
9.0417
8.7692
8.9252
8.8301
8.6533
8.5649
8.6317
9.032
8.648
8.9207
8.95
8.4038
8.6453
8.3313
9.231
8.9408
8.6859
8.3555
8.6957
8.416
8.7252
8.4724
9.9065
8.7066
8.4727
8.8777
8.4326
8.9017
9.0125
9.1567
8.3398
11.2916
8.6598
8.5357
8.5528
9.0082
8.7386
8.6673
8.7515
8.6176
8.6666
9.4686
8.5338
8.5825
8.5925
8.5922
8.5808
8.6784
9.0328
9.5753
11.1688
9.3837
9.0666
8.5917
8.7449
8.8151
8.5821
8.7035
8.3626
8.5838
8.5082
9.1864
8.3378
8.9332
8.3564
8.5441
8.4734
9.3796
8.5107
8.5974
8.975
8.5314
8.4142
8.6915
9.021
8.3332
8.568
8.3632
9.0713
8.4758
8.9748
8.4144
8.4627
8.347
8.3765
8.9438
8.5888
8.8484
8.4928
8.3697
8.4778
8.421
8.5845
9.2513
8.6271
8.2067
8.4267
8.3339
8.4021
8.2364
9.422
8.2433
8.5584
8.2189
8.3621
8.1849
8.5902
8.646
8.7297
8.6008
8.4814
8.5921
8.4757
8.9566
8.3703
9.1152
8.2838
8.5377
8.2606
8.683
8.772
8.7388
8.476
8.9289
8.3529
8.5223
9.0977
8.487
8.4606
8.4335
8.889
8.3866
8.4658
9.003
8.4312
8.5246
8.2793
8.9909
8.4192
9.1195
8.4495
8.8747
8.4036
8.3917
8.3897
9.0536
9.1208
8.5854
8.5274
8.5104
8.7576
8.4808
9.4743
8.4057
8.6569
8.473
8.737
8.4831
8.8118
9.5214
8.7354
8.9065
8.537
8.7215
8.508
9.1346
8.7936
9.7202
11.1604
10.6555
9.6403
8.7215
9.0695
9.0757
8.7601
8.6327
8.7015
8.6686
9.2022
8.7019
9.4782
8.6169
9.079
8.7383
8.7162
9.2788
8.6619
9.1407
8.6805
8.7993
8.6719
9.4515
8.6669
8.6567
8.6215
9.0138
8.635
8.822
9.2369
8.5425
8.7793
8.5875
9.353
8.6904
9.1624
8.5027
8.7838
8.7318
8.6254
9.118
8.7284
8.9735
8.6885
8.6723
8.7544
8.6073
8.9486
9.3849
8.6822
8.6009
8.6286
8.5389
8.4943
8.6993
9.3457
8.7357
8.5151
8.5836
8.4184
8.7736
8.9464
9.2862
8.3804
8.7203
8.4307
8.6997
8.5845
9.3972
9.0424
8.5613
8.8513
8.5549
8.8949
8.9918
8.9013
8.5211
9.2745
8.5558
8.6705
8.7983
9.1348
8.6042
8.7359
8.7509
8.5533
8.9212
8.9697
8.8111
8.6764
8.644
10.2226
9.6896
8.587
9.1361
8.4555
8.6796
8.4256
8.7312
8.5259
9.5635
8.6245
8.5294
8.7704
8.5992
8.7326
8.7105
9.9461
8.6948
8.9323
8.7675
8.8892
8.7929
10.0076
11.5507
10.2124
10.4012
8.647
8.7582
8.9133
9.0861
9.3578
8.6664
8.8776
8.6785
9.4167
9.5514
8.8338
9.3374
8.8865
8.7496
8.7734
8.9495
9.1875
8.8731
9.1707
8.6802
8.8346
8.6274
8.9128
8.6866
8.5122
9.148
8.6127
8.7765
8.6589
9.2396
8.6044
8.949
8.6914
8.8903
8.7358
8.8141
8.637
8.401
8.6274
8.4737
8.6107
8.5567
9.0921
8.5914
8.8448
8.4201
9.2141
8.6976
8.9616
8.5662
8.5848
8.3853
8.5998
8.9774
8.4876
9.1899
8.4195
8.8022
8.4761
8.5687
9.034
9.0094
8.4724
8.6495
8.5108
8.7267
8.9635
8.835
9.6763
8.9599
8.5918
8.9704
8.8328
8.7375
9.2827
9.4791
8.8709
8.7137
9.0485
8.7528
9.5722
9.3263
9.4143
8.9117
8.6854
8.8514
8.8571
9.4151
8.5014
8.9335
8.495
9.3429
8.5741
8.7266
9.1591
8.6815
8.5806
8.6097
9.2469
8.5333
9.1645
8.6203
8.7697
8.5629
8.5678
9.1417
8.6624
8.9862
8.5247
8.4922
8.5158
9.2416
11.0924
10.3401
10.7861
8.6378
8.5078
8.7804
8.3377
9.1671
8.7653
8.9418
8.3357
8.5587
8.4835
8.7077
8.8945
8.8154
8.5495
8.338
8.4783
8.261
8.6215
8.7526
8.5323
8.3205
8.656
8.2397
9.1584
8.7139
8.5771
8.3109
8.6474
8.4829
8.487
9.0164
9.0071
8.5423
8.5538
8.4691
8.6717
8.6274
9.0703
9.2222
8.6381
8.5403
8.5268
8.5453
8.5693
9.0575
8.8106
8.3918
8.3635
8.5138
8.7512
8.9305
8.3095
8.9156
8.2193
8.5721
8.2386
8.5896
8.65
8.549
8.1829
8.849
8.2054
8.2714
8.2363
9.0793
8.2789
8.8863
8.6839
8.6821
8.3673
8.7203
8.3497
8.4214
8.3005
8.4087
8.8583
8.3716
8.9568
8.2705
8.9351
8.3856
8.4866
8.5328
8.5089
8.9398
8.3643
8.5742
8.3781
10.0105
8.816
8.832
8.3943
8.3968
8.4143
8.2766
8.5621
8.5826
8.8856
8.1642
8.4117
8.0863
8.3428
8.2649
8.696
8.2254
8.7462
7.9548
8.2575
8.0491
8.3787
8.258
8.6017
8.0762
8.4442
8.1765
8.9524
10.9117
9.7517
9.4583
8.2496
8.5794
8.1941
8.0479
8.3623
8.1662
8.1768
8.5611
9.1519
8.2778
7.935
8.015
8.06
8.1635
8.3659
8.0493
8.5808
8.0342
7.9425
7.9532
7.9321
8.2134
8.5587
8.0569
8.591
8.0715
8.1459
8.1809
8.3968
8.1159
7.9651
8.0967
8.3693
8.0408
8.3081
8.4846
8.1021
7.9954
8.0423
8.4448
8.0973
8.0907
8.545
8.0106
8.0277
7.9743
8.0579
8.7999
8.521
8.1087
8.1256
8.2717
8.1647
8.0253
8.1817
9.192
8.1555
8.0091
8.0944
8.107
8.0373
8.0447
8.3698
8.6035
8.0629
8.3834
8.1859
7.9594
8.2268
7.8648
8.234
8.2207
8.0515
7.8576
8.0211
7.7651
8.0387
8.1867
8.5049
7.7983
8.1072
7.8491
8.0107
8.1002
8.6011
8.0599
8.7949
8.1977
8.2514
8.1744
8.1947
8.5439
8.1219
8.1687
8.7085
8.0564
8.2386
8.4932
8.1703
8.213
8.1311
8.2224
8.6429
8.2234
8.5894
8.213
8.1964
8.2557
8.1146
9.0394
8.554
8.2896
8.1811
8.5289
8.1263
8.4326
8.2052
9.2626
8.2643
9.1583
10.4644
9.8867
10.9539
9.1014
8.6036
8.5207
8.1064
8.3597
8.1991
8.5224
8.5782
8.9443
8.3349
8.278
8.1131
8.3731
8.5661
8.4868
8.1458
8.986
8.1425
8.3562
8.1841
8.9582
8.3346
8.1768
8.4991
8.4558
8.1807
8.5731
8.136
8.1628
8.0447
8.0685
8.6813
8.1126
8.4257
8.0949
7.9362
7.9275
7.8878
7.7944
8.4884
7.8067
8.0977
7.8875
8.1527
7.8736
8.1015
7.942
8.6585
8.2065
8.0422
7.8304
8.1815
7.9065
8.087
7.929
8.9665
7.9451
8.0671
7.8523
8.556
7.7882
8.3473
7.9396
8.828
7.7923
8.065
7.7525
8.0563
7.9083
8.1415
8.0065
9.1018
8.109
8.1168
7.7906
8.1564
7.874
8.0914
8.8212
8.2311
8.0493
7.8234
8.0632
7.84
8.5176
8.1945
8.6691
7.9525
9.5141
8.5717
8.0431
7.9106
8.3387
7.8454
8.5876
7.8112
8.0551
7.9188
8.0386
7.8205
8.2157
7.8684
8.6522
7.8573
8.0428
7.8233
8.0221
7.9515
8.4583
7.9403
8.6296
7.8647
8.065
7.8368
8.3666
7.994
8.5253
7.9188
8.6055
7.9017
9.0828
10.8867
9.4214
10.3576
8.2399
8.4639
8.1586
7.8378
8.0617
7.7729
8.1154
8.1967
8.5388
7.9646
8.2164
7.8488
8.1507
7.8799
8.1694
8.179
8.7449
7.8672
8.1438
7.8167
8.0704
7.8853
8.3095
8.152
8.5873
7.8517
8.1078
7.8907
8.0729
7.811
8.2122
8.1984
8.5723
7.8946
8.0335
8.1083
7.9731
8.0404
7.996
8.3455
8.3941
7.9111
7.8615
7.9082
8.0133
7.9385
7.9479
8.4571
8.4722
8.0057
7.9318
7.93
7.9795
8.0202
7.9016
8.2635
8.4424
7.9106
7.9405
8.0453
8.3472
8.0826
8.0851
8.9414
8.1224
8.0283
7.8419
7.9943
7.9269
8.1372
8.4017
8.5496
7.9822
8.0355
7.9284
7.859
7.9684
7.9295
8.2791
8.3959
7.9083
7.8418
7.9654
8.2422
8.0427
8.3993
8.4733
8.4628
8.0913
8.0913
8.1624
8.1307
8.2075
8.443
8.0155
8.5931
8.0468
8.1576
8.1397
8.0443
8.3852
7.9736
7.9972
8.5718
7.9741
7.9328
8.0234
8.0078
8.3612
7.8012
8.0078
8.4325
8.0029
7.8785
7.8148
8.1789
8.2026
7.8673
7.7164
8.5304
8.0555
8.0587
8.1885
8.8855
11.0404
9.5523
9.8526
8.0596
8.1111
7.8704
7.8568
7.9262
8.2756
8.4297
7.8955
7.9971
7.9594
8.0523
7.8236
8.0675
8.0766
8.4928
7.8003
7.9603
7.8059
8.1152
7.7797
8.123
8.2643
8.5971
7.9048
8.0818
7.8233
8.0442
7.7926
8.0369
8.0947
8.3568
7.7443
7.9733
7.8012
7.937
7.6321
7.8291
7.8198
8.3297
7.8202
7.8223
7.8825
7.9029
7.9205
7.8774
7.9847
8.8614
7.957
7.9489
8.0015
8.0221
8.0038
7.871
8.0295
8.7743
8.0047
8.1782
8.0095
7.9627
8.093
8.0332
8.4033
8.5372
8.0379
8.0573
8.0749
7.9622
7.9196
8.1594
8.1948
8.7859
7.8705
8.1931
7.8404
8.0518
7.9037
8.4786
7.9343
8.2338
8.069
8.13
7.894
8.6748
7.9388
11.0207
8.2728
8.1368
8.0332
8.0153
8.4515
8.0853
8.3041
8.0759
7.9626
7.9921
7.8892
8.0987
8.4767
8.5029
8.068
8.1235
8.1415
8.0863
8.1665
8.2613
9.1146
8.1126
8.0986
8.1266
8.1745
8.2258
8.5249
8.1465
8.7649
8.2076
7.9719
8.4401
8.0061
8.6402
7.9563
9.0273
9.1569
11.1418
8.4437
8.9704
11.0513
8.4225
8.7722
7.8928
8.2139
7.8086
8.0943
7.9962
8.6755
7.9662
8.6616
7.8827
8.2137
7.9213
8.202
8.0449
8.1053
8.1311
8.4099
7.9788
8.1531
8.5996
8.035
7.9818
7.8314
8.5499
7.8642
8.0404
7.8932
8.4437
8.0062
8.2393
7.8972
8.7082
7.9531
8.2226
8.3193
8.2049
7.9003
8.1295
7.875
8.6363
7.9163
8.4262
7.865
8.3162
7.8794
8.0689
7.8014
8.6039
7.863
8.7059
7.7824
8.0306
7.7674
8.0037
7.8753
8.5583
8.0883
8.6295
7.9675
8.1229
7.9359
7.9368
7.9372
8.5346
8.0267
8.2567
7.9912
7.9109
8.0424
7.9559
8.0881
8.2728
8.1997
8.3155
8.07
7.8661
8.0869
7.8548
8.6345
7.8275
8.0905
8.2774
8.1773
7.7062
7.9148
7.6926
8.4949
7.828
8.0169
8.1579
8.0352
7.8431
7.9475
7.9614
8.5812
7.8677
8.0017
8.1994
7.8023
7.9164
7.8916
7.929
8.4937
7.8951
7.8796
8.2452
7.9429
8.0045
7.8809
7.8729
8.4857
7.9515
8.2651
8.3015
7.8412
7.9191
7.8341
7.8731
8.3151
7.7582
8.4282
8.7712
10.4192
9.7314
8.7061
8.5332
7.8579
8.0426
7.7516
8.035
8.1151
7.961
7.8335
8.1994
7.8595
7.9135
7.6577
7.7157
8.3399
7.6278
7.8892
7.6393
8.4732
7.6415
7.8454
7.7694
8.1771
7.6059
7.8657
7.6224
8.3474
7.6205
7.926
7.6669
8.3532
7.6838
7.7907
7.8799
8.4483
7.8287
7.7849
7.9715
8.2295
7.8883
7.936
7.8656
8.387
7.9282
7.7823
7.9214
8.2694
7.8889
7.724
7.8015
8.2916
7.8205
7.7211
7.7502
8.4513
7.7267
7.972
7.7147
8.5335
7.8903
8.0124
7.8244
8.0276
7.9371
8.0746
7.7631
8.1469
7.8828
8.1896
7.9719
8.6021
7.9604
8.3551
8.1482
8.7263
8.0042
8.1593
7.9171
8.1144
7.9436
10.7091
8.3725
8.2323
8.3581
8.2409
8.0548
8.0238
8.4683
8.0134
8.0428
8.509
8.1025
8.1277
8.1525
8.1536
8.4449
8.2643
8.5432
8.1846
8.0758
8.3656
8.0319
8.8989
8.4837
8.2753
7.9514
8.1865
7.9007
8.2859
8.1626
9.1606
8.0026
8.286
7.9498
8.1813
8.0053
8.5407
7.9155
8.7203
7.9476
8.2013
8.0934
8.3258
8.7034
9.462
11.1117
9.1137
8.3274
8.2768
8.2668
8.2904
8.1442
8.2305
8.8288
8.4071
8.1358
8.5323
8.733
8.3677
8.2178
8.8128
8.1546
8.3594
8.2723
8.8955
8.3402
8.5217
8.3005
8.914
8.4563
8.9067
8.5404
8.4984
8.4062
8.3749
8.9027
8.4035
8.9066
8.2574
8.538
8.3673
8.5673
8.4713
9.4632
8.438
8.493
8.4115
8.375
8.2975
8.6044
9.2546
8.4884
8.4717
8.3914
8.43
8.3959
8.7365
8.3816
8.8318
8.515
8.1582
8.4135
8.104
8.4131
8.1306
8.8531
8.1341
8.3513
8.1335
8.3676
8.2106
8.9076
8.2743
8.7614
8.0796
8.314
8.1294
8.3421
8.1053
8.2675
8.0816
8.8332
8.1696
8.2461
8.2034
8.3079
8.3336
8.6886
8.664
8.206
8.0892
8.1131
8.0714
8.178
8.2863
8.5067
8.3747
8.1663
8.2586
8.2497
8.655
8.1944
8.0633
8.4816
8.0081
8.1335
7.9948
8.0926
8.4636
8.0625
8.4296
8.7338
7.9855
8.4743
7.9473
8.5881
7.9085
8.2585
8.0228
8.4951
7.9257
8.2674
7.9186
8.7729
7.974
8.2082
7.974
9.7072
9.0621
10.8291
8.2723
8.046
8.0408
8.1116
8.2446
8.6149
8.0548
8.0954
8.4001
8.0456
8.0002
8.0048
8.0294
8.0855
8.018
8.1111
8.4856
8.1967
8.1326
8.055
7.9888
8.0731
8.3161
8.052
8.6072
8.0374
7.9553
7.9775
7.9288
8.0718
8.4248
8.0321
8.4998
8.0307
7.8979
8.0355
8.0357
7.9864
8.386
8.5046
8.0997
7.8889
8.0344
7.9897
7.9727
8.0763
8.306
8.3014
7.9466
7.9252
7.9721
7.9378
7.9659
8.0083
8.3408
8.5851
8.0122
8.0113
7.9891
7.9582
8.0221
7.9792
8.3426
8.3224
7.9996
7.915
8.0091
8.1169
8.114
8.0526
8.2664
9.6631
8.5388
7.8846
7.9501
7.8903
7.8599
8.037
7.8336
8.4735
7.9578
8.3935
7.8062
7.9707
7.7381
8.1307
7.8322
8.7687
7.7899
8.0009
7.7817
7.9935
7.7588
8.0373
7.8144
8.8717
7.7423
7.9191
7.6647
8.0218
7.7229
7.8096
7.9512
8.7301
7.9454
7.9147
8.0882
7.8723
7.9991
8.0411
8.094
8.8832
7.9967
7.9355
7.9945
7.8667
7.9455
7.8739
7.987
8.7982
8.0861
7.7824
8.0373
7.7936
7.9429
9.0315
10.4179
9.7321
8.031
7.8544
7.9202
7.9746
8.215
7.8285
8.6822
8.2111
8.0676
7.849
8.0382
7.8051
8.0774
7.782
8.4872
7.754
8.0493
7.6817
7.81
7.8299
7.7523
7.8597
8.2826
7.9253
8.2363
7.8708
7.9061
7.9029
7.7947
7.9398
8.2963
7.9737
8.1595
7.8519
7.7676
7.8685
8.1054
7.8665
8.3365
7.9259
8.1609
7.8243
7.9946
7.7711
8.1047
7.7236
8.5051
7.8931
8.4706
7.8783
8.1764
7.7893
8.3686
7.7725
8.4481
7.8576
8.412
7.8658
8.0963
7.9232
8.0357
7.7836
8.4822
7.8286
8.4077
7.7818
8.1379
7.8896
8.0105
7.8218
8.4695
7.9044
8.1917
7.9352
7.9633
7.8751
7.7836
7.8586
8.3074
7.9025
7.9635
7.8495
7.7792
7.8748
7.9065
7.8637
7.7698
7.8141
7.8805
8.2578
8.2035
7.8337
7.7142
7.7978
7.9939
7.6961
7.9497
8.0574
8.3897
7.6547
7.9007
7.679
7.8692
7.7458
7.9302
8.1606
8.3549
7.6481
8.0868
7.7198
8.012
7.7192
7.8971
8.2268
7.7788
7.9057
7.7988
7.9135
8.0597
7.94
8.3552
8.262
7.8068
7.8995
8.2857
8.9155
10.154
9.6156
9.1758
8.3131
7.8595
8.0021
7.7624
8.0406
7.7173
8.376
7.7736
8.3188
7.7055
7.8704
7.6795
7.855
7.6652
8.0205
8.2664
7.8833
7.6986
7.7742
7.8672
7.6791
7.8918
7.621
8.3979
7.7027
8.2419
7.6826
8.0082
7.6364
7.8241
7.5684
8.4325
7.642
8.27
7.5834
7.8919
7.615
8.8725
7.6047
8.3293
7.7169
8.0409
7.817
7.7771
7.7541
7.5879
7.721
8.0506
7.8415
7.9891
7.7139
7.6166
7.7028
7.7692
7.7989
8.1596
7.7155
8.1068
7.6383
7.915
7.6514
7.9077
7.6251
8.4356
7.695
9.5194
8.5026
7.9697
7.5392
7.7665
7.5637
8.1141
7.6568
8.2105
7.5945
7.804
7.6166
7.7439
7.6937
8.3041
7.7544
7.6673
7.7909
7.6875
7.776
7.7179
7.7315
7.8535
7.9336
7.7455
8.0963
7.5998
7.8882
7.6847
7.7498
7.7032
8.2511
7.8748
8.1321
7.7806
7.699
7.761
7.7265
7.7389
8.1857
7.9044
8.1396
7.6878
7.7229
7.7877
7.7382
7.5988
8.3354
7.6834
8.1622
7.671
8.0379
7.6144
7.9108
7.5568
8.2512
7.6526
8.2388
7.6228
8.2077
8.618
10.1657
9.4102
9.0703
7.8914
8.0538
7.7848
7.8297
7.7224
7.786
7.6216
8.2874
7.6888
8.186
7.5693
7.8664
7.5548
7.841
7.7845
8.2733
7.8077
7.6539
7.7003
7.7107
7.7214
7.7746
7.735
8.2068
7.7645
7.7782
8.108
7.8273
7.7359
7.9996
7.5813
8.3029
7.6303
7.8648
7.9812
7.9878
7.5991
7.8131
7.6418
8.3766
7.6617
8.0528
7.9911
7.9406
7.7249
8.4498
7.6963
8.3712
7.7372
7.8274
8.1734
7.8098
7.9299
7.88
7.9426
8.1945
7.8531
7.8231
8.2109
7.7741
7.8216
7.7991
7.787
8.1706
7.8249
7.7995
8.2228
7.8909
7.7852
7.8516
7.6942
8.4742
7.6376
8.0023
8.0181
7.9185
7.7438
7.9368
7.7372
8.4136
7.7301
7.95
7.6926
8.0475
7.7332
7.8478
7.7669
7.8891
8.2808
7.7156
7.8126
8.0326
8.2072
7.6297
7.9091
7.6227
8.3131
7.6931
8.0158
8.0436
7.8644
7.5482
7.9276
7.6121
8.3406
7.6904
7.969
7.9885
7.8515
7.672
7.7311
7.774
8.1765
7.7578
7.743
8.0935
7.5998
7.71
7.8105
7.684
8.1418
7.7114
7.7999
8.0837
8.225
8.63
10.0836
9.2414
9.0295
7.8663
7.7206
8.3099
7.6073
7.8023
7.4592
7.5142
7.9612
7.3811
7.8057
7.7464
7.6082
7.4321
7.5954
7.3873
8.1498
7.3561
7.6142
7.4072
7.491
7.5429
7.4216
7.4643
7.3438
7.938
7.4678
7.5276
7.7585
7.837
7.4373
7.4577
7.4773
8.1149
7.5097
7.5021
7.8443
7.4264
7.4888
7.4922
7.4565
7.9416
7.3826
7.7765
7.7098
7.648
7.3428
7.484
7.4364
7.4444
7.9935
7.4904
8.0234
7.2903
7.7456
7.3349
7.6133
7.4538
8.0971
7.4155
7.8811
7.3163
7.528
7.3051
8.0275
8.8034
8.1988
7.4451
7.858
7.5201
7.6008
7.5297
7.5568
7.5022
7.3417
8.1887
7.7025
7.5691
7.3515
7.3804
7.4748
7.4751
7.4355
7.9566
7.4852
7.4242
7.4629
7.3596
7.2989
7.5138
7.3284
7.4351
7.9481
7.802
7.6409
7.4377
7.4728
7.6478
7.4376
7.3335
8.1843
7.6908
7.5602
7.3854
7.5678
7.369
7.745
7.4166
8.0631
7.7849
7.8191
7.4026
7.3896
7.7977
7.4064
7.6107
7.4252
8.49
7.3839
7.6978
7.3706
7.5748
7.3662
7.5254
7.6535
8.1991
7.4949
7.4311
7.4315
7.4416
7.5355
7.8426
8.2731
10.6339
9.1202
8.4892
7.803
7.4185
7.4717
7.4323
7.473
8.3189
7.3118
7.5113
7.3306
7.5493
7.3359
7.524
7.3021
7.6105
7.8708
7.4612
7.3085
7.3363
7.5762
7.2975
7.571
7.4003
8.3909
7.368
7.6159
7.3476
7.5083
7.4133
7.6116
7.5203
8.3381
7.4506
7.5232
7.4884
7.3406
7.5391
7.3383
7.4837
7.8432
8.0387
7.4695
7.4557
7.4611
7.4625
7.4125
7.4625
7.7698
7.9144
7.3625
7.4461
7.2681
7.4933
7.2772
7.45
7.7396
7.5484
7.9717
7.3773
7.3764
7.2967
7.6669
7.3326
7.8652
7.4383
8.031
7.5855
7.8001
7.6252
7.7978
7.6686
8.2085
7.5663
7.7148
7.7029
7.5692
7.8847
7.5824
7.8159
7.5048
8.0306
7.598
7.9218
7.5381
7.7947
7.5905
7.6712
7.8224
8.7453
8.0192
8.1655
8.0415
7.9773
8.0504
7.8626
7.9588
8.4889
7.8329
7.6876
7.794
7.6742
7.7706
7.6934
7.8759
8.5168
7.8007
7.6347
7.5745
7.9023
7.6488
7.959
7.439
8.5203
7.3798
7.6911
7.352
7.6493
7.4678
7.7502
7.863
8.5756
7.8498
8.019
7.8211
7.8231
8.0152
7.8124
7.9836
8.8088
8.4609
10.8565
8.845
9.3207
7.7324
8.041
7.8187
8.7616
7.6952
7.9128
7.6862
7.9068
7.8278
7.7527
7.7987
8.1375
7.8139
7.787
7.9519
7.7405
7.8222
7.7447
7.8066
8.3288
8.2177
7.8158
7.8376
7.807
7.6572
7.9152
7.7104
8.8367
8.0529
7.853
7.6396
7.8336
7.6295
7.8564
7.6194
8.305
7.966
7.7636
7.6131
7.886
7.6863
7.821
7.7665
8.2768
8.0649
7.6639
7.7075
7.6447
7.6762
7.8316
7.7006
8.1109
8.0878
8.0426
8.1061
8.57
8.4979
7.7171
7.7756
8.1332
8.1364
7.8481
7.7928
7.6664
7.6111
7.9445
7.5363
7.885
7.8857
7.9137
7.8349
7.7203
7.6033
7.7174
7.6201
7.6532
7.662
7.6345
8.0832
7.6007
7.7601
7.4923
8.001
7.5553
7.8241
7.8935
7.9787
7.5487
7.7831
7.5388
7.7288
7.566
7.7591
8.0187
8.067
7.5909
7.6699
7.6063
7.6004
7.7039
7.5347
8.0611
7.5823
7.8073
7.5286
7.9587
7.5231
8.2912
7.7346
7.9809
7.6872
7.6644
7.6889
7.5746
7.6956
7.9461
7.7484
8.0728
7.7952
7.5971
7.7029
7.6047
7.5265
8.1778
7.6323
8.7171
8.3835
9.835
9.2277
9.0369
7.7623
7.9604
7.7512
7.9418
7.5179
7.8002
7.5217
7.7756
7.561
8.169
7.5104
7.7718
7.5065
7.6989
7.6138
8.0617
7.5401
8.049
7.6043
7.6899
8.0759
7.6452
7.6644
7.6901
7.6771
8.0153
7.6482
7.7759
8.0157
7.6849
7.6391
7.6267
7.6069
7.6935
7.7619
7.7542
7.9465
7.6708
7.7452
7.6717
7.9671
7.701
8.1932
7.8018
7.9655
7.7013
7.6667
7.5591
7.721
7.4991
8.2406
7.8975
8.361
7.9287
8.0021
7.7808
7.9466
7.5027
8.0279
7.6214
8.0985
7.5482
7.6842
7.5056
7.7249
7.6074
8.0441
7.7996
7.9686
7.7055
7.5424
7.6829
7.5601
7.6748
7.7996
8.1036
7.6602
7.5031
7.712
7.751
7.7915
7.7662
7.4398
7.8515
7.4763
7.777
7.4374
7.3691
7.3248
7.4621
7.2976
8.0232
7.3657
8.0201
7.2754
7.4535
7.3113
7.4321
7.4291
7.3044
8.1426
7.6364
7.5587
7.2734
7.5281
7.2993
7.4992
7.413
8.1931
7.6559
7.3685
7.4476
7.4026
7.4102
7.3339
7.5183
7.3632
8.3852
7.3516
7.4543
7.3779
7.5064
7.4738
7.4705
7.4853
8.2212
7.4791
7.9073
8.34
9.7051
9.1063
9.0215
7.778
8.3928
7.4583
7.391
7.4224
7.4819
7.4915
7.317
7.2945
8.0763
7.2873
7.5052
7.3045
7.8541
7.2842
7.6395
7.3045
7.3581
8.3676
7.3602
7.4756
7.3001
7.4904
7.3225
7.518
7.4015
8.285
7.3343
7.4316
7.4367
7.5567
7.4636
7.2181
7.6851
7.65
8.0587
7.3105
7.5128
7.4427
7.4558
7.4168
7.4617
7.8694
7.4576
7.4513
7.909
7.4273
7.4142
7.4297
7.4719
7.6374
7.472
7.4065
7.3918
9.5975
7.7547
7.3771
7.5157
7.7122
7.4606
7.3891
7.265
8.044
7.2737
7.5464
7.3911
7.8915
7.2356
7.4984
7.3581
7.3849
7.8349
7.2579
7.4702
7.2944
7.4887
7.297
7.6295
7.2758
8.1185
7.3134
7.438
7.6198
7.761
7.4265
7.3393
7.4013
7.4452
7.8461
7.243
7.5418
7.6542
7.3962
7.4731
7.3913
7.4655
7.852
7.442
7.4515
7.7703
7.4066
7.3251
7.4736
7.2774
7.3836
8.0286
7.5182
7.7147
7.4079
7.3545
7.5548
7.5197
7.329
8.009
7.2839
7.9222
7.2672
7.5423
7.3227
7.6392
7.3111
7.443
7.989
7.7003
7.5321
7.3016
7.5807
7.2837
7.5529
7.2157
8.6387
8.828
10.0017
7.8214
8.124
7.4356
7.6789
7.2224
8.0794
7.334
7.397
7.4306
7.3901
7.4485
7.4121
7.3995
7.8521
7.5539
7.7899
7.2466
7.553
7.4664
7.4019
7.3521
7.4431
8.0473
7.8295
7.2799
7.3667
7.3773
7.3127
7.5678
7.2614
8.1534
7.6514
7.5326
7.2872
7.3574
7.3428
7.2493
7.7561
7.3961
8.357
7.3073
7.5558
7.3122
7.5417
7.4439
7.5785
7.3328
8.4526
7.3311
7.4095
7.4663
7.3618
7.5466
7.3139
7.5487
7.631
7.9507
7.264
7.6044
7.4522
7.4201
7.4541
7.4563
7.7484
7.8226
7.4242
7.4187
7.4632
7.334
7.3942
7.4379
7.4399
7.3794
7.9064
7.4064
7.352
7.3826
7.3944
7.2798
7.9152
7.614
8.2197
7.3689
7.5271
7.2717
7.5843
7.361
7.4886
7.8082
7.2752
7.9971
7.2711
7.5449
7.3356
7.555
7.3739
7.8629
7.2597
7.9129
7.2956
7.3129
7.5117
7.3249
7.6255
7.596
7.5081
7.3343
8.0937
7.3443
7.3987
7.4605
7.4281
7.8937
7.4914
7.3998
7.923
7.5064
7.362
7.5211
7.3655
7.7789
7.4842
7.4312
7.397
7.8653
7.398
7.5134
7.4994
7.7745
7.4435
7.38
7.2365
8.0783
8.1622
9.998
8.2437
9.9122
7.8503
7.6631
7.2942
8.112
7.283
7.5136
7.2587
7.8431
7.5768
7.4339
7.3294
7.4645
7.6898
7.3278
7.5349
7.4552
7.8348
7.3177
7.5434
7.2933
7.9671
7.2994
7.4391
7.4244
8.0325
7.4465
7.4277
7.4032
7.363
7.96
7.3274
7.5939
7.9192
7.4433
7.4184
7.4958
7.4484
7.8931
7.49
7.4375
7.7691
7.3439
7.5434
7.49
7.3289
7.7884
7.5945
7.4865
7.8202
7.4532
9.2797
7.613
7.464
7.4084
7.8788
7.5645
7.7528
7.2923
7.514
7.318
7.5268
7.2519
7.9981
7.3101
7.4077
7.3173
7.5084
7.4457
7.3243
7.5817
7.341
8.0622
7.3544
8.1525
7.283
7.54
7.2447
7.3932
7.4313
8.0884
7.523
7.8062
7.4625
7.4436
7.4916
7.306
7.5215
7.2767
7.94
7.8054
7.439
7.4454
7.3546
7.4218
7.3405
7.4054
8.0907
7.7956
7.3524
7.2708
7.5285
7.3307
7.454
7.3873
7.4558
8.2556
7.4418
7.3656
7.2936
7.587
7.3833
7.5489
7.346
8.3816
7.2985
7.5201
7.2601
7.4351
7.3305
7.2916
7.5739
7.6597
8.0665
7.3336
7.6321
7.2953
7.5506
7.3502
7.3518
7.461
8.161
8.1136
10.4982
8.1584
7.9426
7.7098
7.4837
7.547
8.2496
7.486
7.7476
7.4413
7.3932
7.4546
7.3584
7.3838
8.1212
7.6065
7.4344
7.375
7.4751
7.3934
7.5846
7.4203
7.7712
7.8452
7.2561
7.6169
7.2886
7.4876
7.311
7.6415
7.6436
7.5639
7.5601
7.4632
7.3821
7.2773
8.0547
7.3656
7.9091
7.2357
7.5811
7.301
7.5147
7.3053
7.8109
7.6082
7.8788
7.458
7.3717
7.4627
7.3977
7.4734
7.2693
8.1268
7.676
7.3443
7.4863
7.4489
7.3998
7.4931
7.4437
7.944
7.4311
7.5883
7.4135
7.479
7.2248
7.458
7.3158
7.4182
7.9857
7.8028
7.5214
7.4568
7.6771
7.2923
7.507
7.3018
7.6234
7.6517
7.6599
7.3097
7.4804
7.3066
7.4098
7.3962
7.4623
8.212
7.3188
7.4736
7.2873
7.513
7.2644
7.546
7.3533
8.3764
7.2896
7.4772
7.4477
7.4026
7.5454
7.2945
7.624
7.5918
8.0333
7.2812
7.3446
7.4365
7.3581
7.4029
7.5903
7.7862
7.8866
7.5986
7.5059
7.4136
7.3848
7.2797
7.4774
7.7337
7.5026
8.016
7.4502
7.3754
7.448
7.4667
7.2502
7.6549
7.2928
7.9731
7.2847
7.5457
7.258
7.5516
7.2877
7.4647
9.1147
9.2797
9.7379
7.9368
7.644
7.8132
7.5551
7.8062
7.9809
8.3432
7.5316
7.5978
7.6506
7.6586
7.7299
7.7388
8.0071
8.1379
7.6934
7.7911
7.7721
7.6349
7.6749
7.6112
7.995
7.7192
8.051
7.7259
7.7697
7.6693
7.8587
7.7213
7.8934
7.6933
8.0935
7.6415
7.5576
7.7079
7.7472
7.5261
8.1295
7.5846
8.139
7.6367
7.8662
7.5174
9.4578
9.1785
8.231
7.5171
8.3989
7.8216
8.0138
7.7024
8.1103
7.7351
8.0365
7.5555
8.0636
7.5313
7.6803
7.5269
7.5593
7.6493
7.6764
8.0376
7.9446
7.6426
7.8283
7.8161
7.5949
7.6936
7.6983
8.0346
7.4699
8.0423
7.5202
7.6368
7.6586
7.6026
7.7319
7.9242
7.7528
8.3634
7.6865
7.6675
7.7041
7.736
7.7203
7.8655
7.3138
8.0132
7.2424
7.5392
7.349
7.528
7.4675
7.7916
7.242
7.6853
7.5164
7.2556
7.6606
7.2755
7.6799
7.5942
7.6153
7.2919
8.0008
7.3449
7.5603
7.2732
7.4139
7.7987
7.4754
7.4328
7.4632
7.8236
7.3094
7.4694
7.2795
7.3424
7.4225
7.5126
7.3892
7.8809
7.5031
7.3944
7.4044
7.5911
7.7317
7.4799
7.3058
7.4598
9.0293
10.0129
9.4342
7.8451
7.7895
7.7069
7.3244
8.1094
7.3442
7.6573
7.3192
7.5737
7.6776
7.4315
7.3486
7.3721
7.5658
7.2745
7.5142
7.401
7.8721
7.2963
7.5865
7.4591
8.0944
7.3214
7.4393
7.5057
7.751
7.5931
7.2206
7.506
7.2165
7.8952
7.2398
7.5578
7.7111
7.3142
7.4746
7.5025
7.4459
7.9995
7.3641
7.6754
7.7718
7.3485
7.3115
7.5172
7.2769
7.4481
7.8857
7.4556
7.3792
7.3819
7.4218
7.3152
7.6673
7.2225
7.9828
7.3011
7.5779
7.6148
7.4924
7.246
7.3373
7.6341
7.2636
7.9977
7.3616
7.8755
7.4282
7.5749
7.3119
7.5232
7.2459
7.8765
7.3745
7.7433
7.4621
7.4212
7.4275
7.2466
7.61
7.2285
8.2285
7.623
7.4057
7.4681
7.5154
7.4325
7.3615
7.4172
7.9079
7.8434
7.3285
7.4132
7.4701
7.3906
7.3759
7.3835
7.4975
8.2446
7.3798
7.4633
7.4888
7.4086
7.2749
7.558
7.3767
8.2953
7.3276
7.7874
7.3013
7.5718
7.3241
7.4734
7.335
7.2214
8.0469
7.3231
7.5433
7.3194
7.5262
7.2211
7.6173
7.4002
8.4032
7.2717
7.3807
7.462
7.3075
7.7674
7.2805
7.7069
7.6873
8.0617
7.2681
8.4773
8.3017
10.8191
7.7677
7.7702
7.8881
7.8598
7.3234
7.405
7.4173
7.387
7.3904
7.4527
7.8166
8.0621
7.4387
7.3923
7.4521
8.0992
7.3297
7.6101
7.6655
7.9828
7.3277
7.4934
7.2868
7.457
7.5473
7.4302
7.767
7.3309
8.144
7.3313
7.5984
7.387
7.512
7.367
7.9542
7.3192
8.3774
8.6
7.7784
7.3024
7.3795
7.3742
7.2526
7.6441
7.3255
7.5571
7.2897
8.035
7.3202
7.4445
7.4403
7.9002
7.4569
8.0053
7.4637
7.9876
7.4376
7.7483
7.5161
7.7767
7.3805
7.3014
7.3869
7.4687
7.9191
7.6176
7.4287
7.7895
7.3012
7.4074
7.3948
7.32
7.9621
7.3271
7.6214
7.6772
7.5609
7.311
7.5509
7.3543
7.4058
7.9242
7.3618
7.913
7.3192
7.4918
7.2794
7.523
7.3092
7.956
7.3234
7.8491
7.4119
7.3765
7.3826
7.2238
7.6077
7.2238
8.0457
7.6539
7.6421
7.3367
7.4307
7.4569
7.4004
7.4252
8.2385
7.5077
7.3937
7.4562
7.4147
7.4448
7.285
7.3643
7.3942
8.0325
7.8125
7.5071
7.405
7.4935
7.3555
7.4037
7.2164
8.0992
7.642
7.5853
7.2568
7.5655
7.2554
7.4222
7.4368
7.4965
8.2978
7.3995
8.8036
8.9392
10.2686
7.7382
7.3931
7.7012
7.6396
7.3869
7.4696
7.3255
7.5564
7.2382
7.7072
7.5107
8.3659
7.2647
7.387
7.4365
7.3908
7.4437
7.3973
7.4958
8.2022
7.4869
7.4259
7.4958
7.3176
7.4147
7.5039
7.4451
7.7896
7.9548
7.4282
7.7073
7.4224
7.3773
7.4256
7.3433
7.3269
8.247
7.3505
7.5914
7.2677
7.3756
7.4312
7.3825
7.4073
7.5757
8.009
7.239
7.546
7.3181
7.6617
7.2174
7.7257
7.6456
7.7995
7.3326
7.4347
7.4434
7.2833
7.5375
7.3787
7.8484
7.2747
7.9734
7.4299
7.4497
7.4131
7.5184
7.5007
7.7172
7.4663
7.7627
7.4535
7.3443
7.4189
7.2483
7.4565
7.7525
7.4639
7.4223
7.8696
7.48
7.4633
7.4427
7.5191
7.8005
7.5566
7.3252
8.1222
7.3206
7.5246
7.3955
7.6329
7.6732
7.4543
7.4119
7.3447
7.9703
7.3311
7.5422
7.3294
7.7036
7.3193
7.5145
7.3292
8.1102
7.3547
7.4299
7.4395
7.3635
7.9422
7.2807
7.5713
7.3506
8.0306
7.2759
7.5148
7.2808
7.6721
7.5325
7.6636
7.4055
7.9186
7.4524
7.3603
7.5019
7.9307
7.3712
7.2811
7.406
7.464
8.0046
7.5143
7.4657
7.8096
8.4334
8.6479
11.1982
8.1677
7.5317
7.6984
7.495
7.8239
7.6693
7.4879
7.5754
7.4537
7.8475
7.3102
7.6265
7.6574
7.631
7.3132
7.5901
7.2762
7.5098
7.3133
7.4559
7.9501
7.2857
7.4838
7.2954
8.0134
7.3228
7.5262
7.2415
9.6383
8.4791
7.7597
7.3117
7.9948
7.3018
7.5321
7.4121
7.4444
7.7691
7.514
7.4282
7.9428
7.4639
7.3777
7.4629
7.3873
7.7783
7.4548
7.8422
7.4534
7.9048
7.4263
7.3254
7.4446
7.7211
7.3406
7.3951
7.2608
7.5089
7.2689
7.5395
7.3882
7.897
7.3908
7.4058
7.9329
7.3135
7.8791
7.3141
7.6396
7.6798
7.5476
7.2817
7.8959
7.2964
7.8233
7.3103
7.5073
7.7121
7.4333
7.4081
7.4025
7.9716
7.308
7.5573
7.3591
8.0025
7.3324
7.4107
7.5977
7.7535
7.4474
7.4071
7.4828
7.4072
7.4007
7.4388
7.2462
7.4566
7.9856
7.4445
7.4083
7.4752
7.9239
7.4184
7.4901
7.4777
7.7412
7.3092
7.5899
7.3697
7.8778
7.2947
7.8172
7.3198
7.6256
7.8962
7.4512
7.4853
7.6738
7.5748
7.3221
7.5516
7.3497
8.1978
7.3043
7.5542
7.6588
7.5178
7.3116
7.622
7.4864
7.915
7.4707
7.2684
9.1328
9.8677
9.1984
7.6696
7.6204
7.7691
7.4654
7.5207
7.7862
7.4215
7.413
7.4658
7.3083
7.4124
7.9137
7.4979
7.7185
7.4471
7.3721
7.4415
7.373
7.3936
8.2929
7.5115
7.7029
7.5237
7.7688
7.573
7.7597
7.516
7.743
7.5799
7.6919
8.0304
7.7742
7.7642
7.5069
8.0572
7.5774
7.8201
7.5947
8.2297
7.5586
8.0182
7.584
8.1573
7.4874
7.7642
7.6737
8.0596
7.5346
7.6206
7.7151
8.0112
7.6534
7.7355
7.7406
7.9968
7.6894
7.583
7.6557
8.0658
7.6775
7.5535
7.6353
8.1103
7.5208
7.7263
7.7124
7.6579
8.1236
7.6208
7.6862
8.0512
7.7218
7.6042
7.5929
7.6683
7.9974
7.4823
7.8034
7.8808
7.8654
7.533
7.7289
7.5211
8.3164
7.6414
7.7715
7.5565
7.6737
7.5842
7.6193
7.6279
7.6716
7.986
7.4818
7.8724
7.9054
8.0584
7.6899
7.85
7.5287
8.1936
7.5812
7.7955
7.8739
7.603
7.6708
7.8302
7.6191
8.0511
7.6879
7.6969
8.0829
7.7913
7.6688
7.5796
7.6792
8.0609
7.6473
7.7095
7.8915
7.7898
7.5947
8.3269
7.5042
8.1453
7.5276
7.8203
7.8809
8.0978
8.3697
9.5246
8.9749
7.7847
7.5534
7.7912
7.8401
8.1834
7.4852
7.7487
7.4735
7.7229
7.5535
7.5987
8.0248
7.8568
7.9156
7.5849
7.6699
7.5197
7.8684
7.6204
7.7872
7.5395
9.4836
7.825
7.7371
7.5209
7.6551
7.6836
7.6533
8.0204
8.0501
7.6403
7.7874
7.6484
7.6633
7.7017
7.6559
7.9883
8.1874
7.635
7.6133
7.4688
7.7897
7.4997
7.7019
8.0306
8.2477
7.5327
7.7811
7.4858
7.6926
7.5252
7.7353
7.9776
7.6838
8.0825
7.5673
7.7161
7.6891
7.7441
7.6039
8.3239
7.5126
8.2291
7.5153
7.7258
7.5265
7.7108
7.5498
8.0544
7.5911
8.2008
7.6799
7.5755
7.6018
7.6863
7.7568
7.9562
7.6929
8.4302
7.7017
7.6971
7.689
7.6027
7.7073
7.6933
7.5268
7.9706
7.7306
7.8024
7.5041
7.7167
7.6063
7.7097
7.9694
7.738
8.0913
7.6241
7.718
7.5741
7.7537
7.5276
8.3779
7.5547
8.1457
7.5876
7.7729
7.5026
7.6812
7.5324
8.1421
7.6182
8.1475
7.5667
7.6291
7.6151
7.7414
7.6935
7.959
7.6978
7.8397
7.8925
7.5086
7.7276
7.6576
7.9053
8.0596
7.7426
7.5682
8.023
7.7362
8.5138
8.9377
10.8283
8.0048
7.8454
7.9959
7.7005
7.6685
7.5514
7.7757
7.6199
8.1487
7.5353
7.9809
7.7724
7.6662
7.5598
7.686
7.618
7.7606
7.5931
7.5435
8.1315
7.5405
7.7916
7.5192
7.8281
7.6343
8.1685
7.5078
8.1841
7.5064
7.977
7.5801
7.9069
7.6358
8.0948
7.6977
8.0932
7.6771
7.5459
7.7038
7.6619
7.718
7.9838
7.8334
7.7118
8.0277
7.4622
7.6901
7.6238
7.6224
8.0493
7.6177
7.6251
8.0812
7.6419
7.7747
7.7693
7.6842
8.0068
7.6694
7.6481
8.0054
7.8488
7.8873
7.7043
8.0289
8.1017
8.0575
7.5141
8.3017
7.5826
7.7747
7.5014
7.9439
7.9013
7.788
7.5047
8.2645
7.5075
7.6321
7.6208
7.6296
7.6686
7.6433
7.8468
7.5619
8.1653
7.5479
7.7339
7.5066
7.7525
7.9041
7.6753
7.5922
8.0101
7.6675
7.7609
7.6317
7.8722
7.9735
7.6212
7.7116
7.9387
7.5871
7.5965
7.7296
7.6177
7.8748
7.7029
7.6543
8.0728
7.6481
7.9887
7.5134
7.837
8.0897
7.6628
7.5753
7.6579
8.0098
7.6304
8.2712
7.7414
8.2107
7.5529
7.7983
7.4818
8.1058
7.5877
7.6988
7.5449
8.8669
8.4098
11.3052
7.7294
7.8535
7.5561
7.7869
7.6057
8.2826
7.4863
7.7275
7.4914
8.1592
7.5308
7.7175
7.5807
9.5364
7.7391
7.5529
7.6771
7.939
7.6683
7.6973
7.6085
7.6252
8.0472
7.6273
7.7564
7.8588
7.6003
7.9131
7.5509
7.8179
7.8334
7.7446
7.5579
8.391
7.5599
7.7023
7.537
7.8051
7.8539
7.6554
7.5031
7.8245
7.2755
7.2592
7.5383
7.392
7.8676
7.3086
7.5616
7.2897
8.0823
7.3177
7.3788
7.5059
7.8516
7.405
7.3372
7.4343
7.4957
7.8385
7.2294
7.523
7.6157
7.5675
7.4361
7.397
7.4417
7.9772
7.4674
7.4297
7.7664
7.3716
7.3176
7.5373
7.2797
7.4409
7.9678
7.4553
7.4318
7.3985
7.4885
7.5982
7.3757
7.2386
7.995
7.3387
7.6393
7.6289
7.4815
7.3065
7.5014
7.3316
7.3259
7.9688
7.3769
7.9654
7.265
7.5415
7.2719
7.5672
7.3072
8.0976
7.3359
7.7256
7.4771
7.5254
7.4385
7.3924
7.5711
7.2592
7.5838
7.6274
7.7885
7.2815
7.3481
7.3635
7.3036
7.4023
7.7323
7.7668
7.4476
7.4331
7.5542
7.3023
7.4436
8.1253
7.48
7.6425
7.3872
7.5728
7.4709
7.3596
7.3934
8.4605
8.3576
11.1301
7.9109
7.4851
7.6267
7.3861
7.3185
8.1329
7.2747
7.4881
7.2433
7.4741
7.2828
7.4766
7.3192
7.6798
7.2981
7.3526
7.8272
7.3174
8.1036
7.2829
7.5412
7.2917
7.8118
7.3609
7.7149
7.453
8.0661
7.4077
7.4944
7.4323
7.4026
7.4859
7.6831
7.4722
7.3337
7.4683
7.3589
7.4703
7.4865
7.4367
7.8666
7.3578
7.4617
7.9558
7.3993
7.3928
7.2955
7.6984
7.6071
7.5238
7.304
7.4402
8.0024
7.3978
7.3969
7.3145
7.9544
7.3281
7.5448
7.2931
8.0669
7.3377
7.4716
7.3914
7.9122
7.2758
7.3414
7.5763
7.2902
8.035
7.31
7.597
7.2905
7.496
7.2937
7.3252
7.3699
7.8766
7.4074
7.349
7.4661
7.8321
7.5371
7.3786
7.4354
7.3159
7.9075
7.4339
7.4641
7.7874
7.641
7.3826
7.3598
7.3923
8.2189
7.5018
7.4852
7.6734
7.5876
7.2822
7.6436
7.3567
7.4511
7.9309
7.496
7.7071
7.3905
7.7339
7.4026
7.5255
7.3043
8.0391
7.4281
7.89
7.4762
7.6421
7.3223
7.4685
7.4181
7.3871
7.492
7.7458
7.5558
7.3227
8.1208
7.2259
7.5215
7.2793
7.4849
7.7631
7.4409
7.4548
7.784
7.4555
8.1524
8.4471
10.6187
8.5444
7.5784
7.5671
7.92
7.434
9.0656
7.7168
7.4547
7.4702
7.7207
7.454
7.9869
7.3205
7.5605
7.3158
7.5105
7.3693
8.1681
7.3126
7.8088
7.5652
7.3841
7.4554
7.3134
7.9006
7.6894
7.6463
7.2844
8.0413
7.2851
7.4637
7.3226
7.4677
7.8083
7.5061
7.4531
7.7326
7.7151
7.36
7.484
7.3269
7.9298
7.2845
7.3602
7.388
7.8718
7.4918
7.3879
7.5225
7.7308
7.4932
7.49
7.3378
7.6583
7.5217
7.4669
7.4128
7.756
7.3681
7.4758
7.4298
7.484
7.8432
7.3825
7.5609
7.4482
7.61
7.3103
7.5323
7.2771
7.5079
7.8628
7.4056
7.4706
7.659
7.5378
7.2951
7.5066
7.2635
8.048
7.2713
7.648
7.6505
7.8895
7.3258
7.4199
7.3954
7.9296
7.3859
7.4504
7.7579
7.311
7.956
7.2717
7.5328
7.3969
7.9436
7.5433
7.7446
7.4373
7.4711
7.4128
7.3747
7.4088
7.8778
7.3734
8.0657
7.2683
7.6306
7.64
7.4479
7.3135
7.3876
7.9258
7.7806
7.4113
7.3113
7.4961
7.3229
7.6666
7.3446
8.1749
7.6735
7.5587
7.2579
7.5198
7.2833
7.2583
7.5288
7.3316
7.9025
7.3391
7.5602
7.3599
8.4004
8.1818
11.0688
7.7617
8.1067
7.7179
7.5449
7.3071
7.5868
7.3122
7.3593
7.461
8.1255
7.8218
7.4061
7.4779
7.8637
7.4084
7.4091
7.4425
7.6294
7.9498
7.4511
8.244
7.4401
7.6323
7.4614
7.3654
7.4802
8.293
7.4005
7.5162
7.3127
7.4812
7.3221
7.5663
7.2816
8.6055
7.3092
7.6104
7.3499
7.5068
7.2778
7.262
7.6013
7.6301
7.9391
7.3222
7.6666
7.2422
7.4784
7.2151
7.558
7.7268
8.0042
7.4246
7.4353
7.4719
7.4112
7.4518
7.4605
7.4766
7.2967
7.9478
7.4565
7.4466
7.5132
7.3411
7.4878
7.4942
7.7741
7.9553
7.4167
7.4586
7.3024
7.514
7.2895
7.5972
7.6627
7.5341
7.9559
7.3614
7.5914
7.3758
7.4597
7.3334
7.8239
7.3129
8.0265
7.3444
7.5966
7.3267
7.6218
7.4614
7.8493
7.3305
7.3157
8.1079
7.2862
7.5731
7.3007
7.6008
7.6276
7.6465
7.3247
7.8589
7.565
7.6398
7.4752
7.4353
7.7273
7.3991
7.4415
7.9025
7.4011
7.3342
7.3234
7.4938
7.8012
7.4671
7.5267
7.4486
7.9328
7.4409
7.3849
7.3997
7.3732
7.259
7.5727
7.3097
7.9372
7.5356
7.4626
7.4247
7.6169
7.6967
7.2492
9.2291
8.9559
10.529
7.9457
7.4172
7.5473
7.7046
7.4354
7.4318
7.2844
8.1496
7.3048
7.514
7.3493
7.8676
7.2427
7.4539
7.3059
7.9863
7.5171
7.4217
7.4895
7.8325
7.5364
7.3898
7.4556
7.2487
7.9106
7.3061
7.4142
7.7645
7.3789
7.445
7.3567
7.3894
7.8798
7.4596
7.6175
7.6903
7.6457
7.3182
7.5357
7.2855
7.4152
7.8709
7.4183
7.6986
7.3772
7.3592
7.3107
7.6669
7.2765
8.0418
7.3184
7.5648
7.2327
7.4309
7.2403
7.2164
7.5332
7.2235
8.0189
7.307
7.779
7.4375
7.5226
7.2767
7.5431
7.4333
7.8726
7.5318
7.7106
7.361
7.3481
7.4657
7.3289
7.5491
7.2849
7.9622
7.7929
7.453
7.4728
7.477
7.4548
7.3594
7.3508
8.1277
7.7976
7.3916
7.2889
7.6202
7.4108
7.541
7.3182
7.5872
7.853
7.4694
7.4082
7.2519
7.5641
7.2302
7.5264
7.5197
8.5113
7.2633
7.5862
7.2756
7.5065
7.3012
7.307
7.5577
7.6595
7.9778
7.2904
7.5106
7.2661
7.5307
7.3309
7.4665
7.5646
7.9208
7.4785
7.4102
7.4236
7.4775
7.4247
7.2898
7.5365
7.626
8.0011
7.4405
7.3582
7.561
7.4494
7.4889
7.4497
7.8114
8.4651
8.2283
11.068
8.0997
7.7406
7.4447
7.7187
7.7645
8.0177
7.4058
7.3807
7.3045
7.6108
7.3056
7.5819
7.7305
8.1181
7.3233
7.5807
7.3262
7.4469
7.4198
7.4202
7.8813
7.3065
7.901
7.3213
7.5332
7.2393
7.4903
7.3423
7.8356
7.4331
7.9676
7.4531
7.4691
7.4662
7.2862
7.5789
7.6332
7.5663
7.3146
7.9629
7.4699
7.3706
7.4008
7.4977
7.3912
7.3928
7.4992
7.9874
7.445
7.3777
7.2823
7.4224
7.4812
7.778
7.462
7.4531
7.9013
7.4231
7.4628
7.4213
7.6003
7.6619
7.5799
7.2323
8.0721
7.2859
7.5649
7.3284
7.5083
8.0037
7.3151
7.6383
7.3059
7.9616
7.2704
7.4423
7.3434
7.876
7.2745
7.4893
7.2457
7.9225
7.5691
7.396
7.5218
7.6896
7.7707
7.4465
7.5496
7.2863
7.994
7.301
7.4346
7.8749
7.5844
7.5007
7.3776
7.4723
7.9333
7.4261
7.6595
7.7484
7.4351
7.2207
7.4453
7.3713
7.4112
7.8834
7.4666
7.4032
7.4398
7.4189
7.2992
7.4957
7.4157
7.9789
7.2906
7.5382
7.6286
7.459
7.3762
7.281
7.4742
7.2633
8.0129
7.3811
9.5618
7.9445
7.71
7.3399
7.5818
7.3623
8.0659
7.3777
8.9122
8.1991
11.3817
7.8318
7.6349
7.3544
7.655
7.3729
7.7927
7.3888
7.5933
7.4631
7.7896
7.42
7.3962
7.5273
7.7066
7.454
7.4331
7.4197
7.9645
7.3978
7.4635
7.3436
7.808
7.5265
7.4452
7.4651
7.4663
7.9304
7.2671
7.5863
7.5887
7.603
7.2631
7.5217
7.3216
7.9696
7.3171
7.2428
7.5339
7.3438
7.5597
7.3432
7.4743
7.3317
7.9532
7.3901
7.535
7.6704
7.4713
7.4752
7.5449
7.4267
7.8782
7.4655
7.4118
7.7044
7.3207
7.4129
7.4204
7.3747
7.4941
7.8963
7.4593
7.756
7.4659
7.6877
7.4329
7.4479
7.2358
8.0779
7.3604
7.8207
7.369
7.4457
7.4101
7.4101
7.2988
7.3868
7.8355
7.6778
7.5637
7.3127
7.6861
7.3032
7.7356
7.3457
7.9946
7.6662
7.6322
7.4572
7.3581
7.5169
7.3023
7.5148
7.3444
8.2539
7.3149
7.491
7.2873
7.5152
7.435
7.3828
7.4183
7.8867
7.4511
7.371
7.3971
7.3739
7.417
7.3432
7.5666
7.4666
8.3477
7.5207
7.3999
7.4585
7.3438
7.4825
7.294
7.3907
8.3496
7.3148
7.5375
7.3016
7.4309
7.4899
7.5477
7.4449
7.7585
8.0707
7.2729
7.8274
7.3232
7.572
7.3057
8.383
8.5338
10.8752
7.9501
7.8602
7.4077
7.5259
7.3019
7.5891
7.5916
7.8877
7.301
7.4309
7.3364
7.3594
7.4041
7.6531
7.8393
7.7173
7.7614
7.298
7.5266
7.329
7.4129
7.4768
7.7383
7.4084
7.9441
7.4061
7.3614
7.4264
7.5495
7.4691
7.3937
7.2722
7.4269
7.938
7.4284
7.6861
7.466
7.4607
7.4576
7.8139
7.3296
8.1049
7.3869
7.6513
7.267
7.5707
7.3564
7.8869
7.2997
7.7927
7.589
7.3303
7.4929
7.2795
7.5693
7.6844
7.5969
7.3251
8.1487
7.3196
7.532
7.263
7.4122
7.7948
7.3769
7.4531
7.4176
7.8389
7.3651
7.6522
7.3481
7.8075
7.2909
7.4366
7.3649
7.7983
7.4684
7.5334
7.501
8.1054
7.4381
7.6392
7.3534
7.841
7.4048
7.4845
7.5527
7.8149
7.397
7.4735
7.4111
7.4596
7.9136
7.3299
7.4607
7.2626
7.5659
7.2853
7.5061
7.3181
7.6853
7.6706
7.3471
7.4934
7.6072
7.4653
7.2759
7.517
7.2163
7.9636
7.4186
7.6092
7.5999
7.3278
7.4924
7.5065
7.435
7.2772
9.4829
7.6094
7.8104
7.3251
7.5064
7.386
7.531
7.3261
7.8329
7.5524
7.788
7.4256
7.4899
7.4387
7.2941
7.4647
8.1992
8.6977
11.0692
