20.7153
16.8104
14.519300000000001
15.0125
15.0326
20.8967
16.728099999999998
16.7364
13.2683
11.3123
12.0639
11.2668
13.941699999999999
9.959900000000001
9.2342
10.266499999999999
9.806000000000001
16.2988
9.0328
11.9584
8.671800000000001
8.7662
8.4551
9.0151
11.3727
9.9207
9.2301
7.2499
9.553799999999999
7.5988
10.468699999999998
7.1337
8.9827
6.8514
8.150400000000001
6.7115
7.5985000000000005
8.295
8.759599999999999
8.901299999999999
7.7059
7.7765
7.1887
6.4551
5.871099999999999
6.1073
6.5507
6.6011999999999995
5.878900000000001
6.1118
6.6115
5.668399999999999
5.905900000000001
5.9169
5.0686
5.5365
6.3613
6.7232
5.8202
5.8452
4.9086
4.8392
5.5519
5.2004
6.4063
5.103899999999999
6.4989
6.638599999999999
6.565600000000001
4.8985
4.6401
4.8602
4.7532
4.4831
4.8267
4.359100000000001
5.0689
4.9804
4.3186
4.5019
4.9279
5.564
4.518000000000001
4.2989999999999995
4.9988
4.225300000000001
4.556
4.3456
5.0179
4.4982
4.2557
4.6188
4.335
4.375
4.0718000000000005
4.1895999999999995
4.1338
3.8205999999999998
4.0739
4.5634
4.955
3.9674000000000005
4.2406
4.4483
4.5296
3.8049
4.0818
3.9753999999999996
4.3302000000000005
3.6762
4.160699999999999
4.1357
4.2989
3.6832000000000003
4.0537
4.4391
4.3012
4.1442
4.0061
4.0017000000000005
3.9362
3.6893
3.6427
3.7117999999999998
4.4593
3.6305
3.8501999999999996
3.5747
4.0156
4.5118
3.9227999999999996
3.4353000000000002
4.186999999999999
3.4814999999999996
3.6246
3.4166000000000003
5.1640999999999995
3.5057
3.736
3.403
4.0875
3.7535
3.7169
3.5143
4.2688
3.6646
3.3152
3.3047
3.9903999999999997
3.617
3.8306
4.637600000000001
4.5981
3.3613
3.3825000000000003
3.4343
3.5809
3.9325999999999994
3.9478999999999997
3.4238
3.2935999999999996
3.4264
3.1741
3.8253
3.3697000000000004
3.1005
3.3729
3.2591
3.8099000000000003
3.0373
3.0003
3.2662
3.4407
3.0475
2.8699
2.8449
3.3108999999999997
3.3614
3.6843000000000004
2.8205
3.0284
3.0395000000000003
2.8415
3.1963999999999997
2.7087
2.9724999999999997
2.9798
2.8137000000000003
2.9041
4.8868
2.7394
3.0122999999999998
2.818
3.5675
2.9543
2.7069
2.9276
2.9
3.2953
3.0848999999999998
2.6967
3.0515999999999996
2.7924
2.8623
2.7275
2.7123999999999997
2.6951
3.3983
2.633
2.9131
2.9730999999999996
2.5698000000000003
3.4315
2.6034
2.4358
2.6397999999999997
3.0525
2.3992
2.7275
2.8804999999999996
2.6098
2.7747
2.7211000000000003
2.8075
2.4686999999999997
2.8942
2.7932
2.4832
2.7479
2.8447
2.6911
2.584
2.418
2.4041
2.8968000000000003
2.5899
2.3435
2.4610000000000003
2.8495999999999997
2.7159
3.1313999999999997
2.9783
2.4425
2.8228
2.9132
2.4489
2.4393000000000002
3.0707
2.7232
2.5869999999999997
2.7399
2.4911
2.6435999999999997
2.7601
2.5263
2.391
2.8080000000000003
2.6602
2.4206000000000003
3.0197000000000003
2.5143
2.9482000000000004
2.7727
2.3714
2.3468999999999998
2.6201000000000003
2.5546
2.9409
2.6328
2.3457999999999997
2.5561
2.6137
2.5059
3.1145
2.7748999999999997
2.9846999999999997
2.648
2.7172
4.8931000000000004
3.8589
3.2548999999999997
2.695
2.4659
3.1907
3.1005999999999996
2.4974
2.375
2.3757
2.7319
2.565
2.2953
2.2738
2.3403
2.8476999999999997
2.297
2.5989
2.2813999999999997
2.7191
2.2546
2.2066999999999997
2.5658
2.3024999999999998
2.8424
2.5693
2.2397
2.2669
2.7374
2.1757
2.4181
2.5434
2.5267000000000004
2.4697
2.1648
2.4762
2.1241
2.2079
3.6478
2.1613
2.1719
2.2674000000000003
2.2022
2.8971999999999998
2.8752
2.1433
2.1385
2.2366
2.4125
2.32
2.286
2.7685
2.2367
3.2077
2.5208
2.1350000000000002
2.2463
2.1262999999999996
2.922
2.1574
2.1353
2.5836
2.1307
2.5393
2.4852
2.4211
2.195
2.1582
2.6298
2.2355
2.3851
2.4405
2.388
2.3255
2.4552
2.3314
2.3382
2.0615
2.322
2.3838000000000004
2.0108
2.3655
2.0284999999999997
2.4042999999999997
2.0658
2.3357
2.3154999999999997
2.1319
2.6509
2.085
2.1492999999999998
2.0561
2.3695999999999997
2.3767
2.2218
2.2488
2.0106
2.3523
2.4361
2.2663
2.0399
2.3415
2.3679
2.2771
2.0618
2.0000999999999998
2.2721
2.0153
2.5154
2.1715
2.1609
2.2017
1.9751
2.5126
1.8841
1.9171
2.1914000000000002
2.3341999999999996
2.1167
1.9339
1.8892
2.2198
1.9872
2.1919
2.1172
1.8947
1.9034
2.1848
2.117
1.8561
1.8217
1.7927
2.6635999999999997
2.7878
1.9584
1.8693
1.9076
1.9691999999999998
2.2414
2.1722
2.1534
1.9073
2.0238
2.2395
1.8003
1.7992
1.8134
1.7895999999999999
3.1765
1.9377000000000002
1.7762
2.0906000000000002
1.8161
2.0874
1.7637
1.9965
1.9989999999999999
1.9288
2.2873
2.1919
1.7029
1.706
1.6793
2.2577000000000003
1.898
1.7106000000000001
1.8162
1.7173
2.1914000000000002
1.7068999999999999
1.6655000000000002
1.6666
2.0393
1.9052
2.1196
1.6698
1.9945000000000002
1.6497
1.6427
1.8988
1.6874
2.0795000000000003
1.9082999999999999
1.8415000000000001
1.645
2.285
1.6351
1.6388
1.6199999999999999
1.943
1.9078000000000002
1.955
1.9229
1.9866
1.7479
1.7436
1.9602
1.7294999999999998
2.1002
1.739
1.9866
2.9637000000000002
1.7604
1.8097
1.8114
1.9143999999999999
2.0817
1.8940000000000001
2.0335
2.1465
1.8658
2.1326
1.8719999999999999
2.1816
1.8611
2.0052999999999996
2.2666
2.0525
1.7573
1.7650000000000001
1.7493999999999998
2.3613000000000004
1.7673999999999999
1.8316000000000001
2.4663
2.3409
2.0686
1.8286
1.772
2.1329000000000002
1.7604
2.0290999999999997
1.7095
2.3082
1.7379
1.8046
2.0958
2.1405
1.7343
1.7087999999999999
1.88
1.8403
2.5589
1.8362999999999998
1.6554
1.8644
1.8642
1.9308
1.6133
1.5962
2.0352
1.6151
1.6547
1.8417999999999999
1.8769
2.0942
1.7249999999999999
1.7478
2.0802
1.8014999999999999
1.5661
1.5567
1.5945
1.9758000000000002
1.7747
1.5749
1.5199
1.4805000000000001
1.8288
2.5837999999999997
1.5854000000000001
1.5537
1.8906999999999998
1.6251
1.6659000000000002
1.8929
1.6252
1.9052
1.7869
1.6174
2.3914
1.5376999999999998
1.544
1.6372
1.9011
1.9237
1.8689
1.9358000000000002
2.1297
1.9078000000000002
1.6111
1.8612
1.6042
1.5853
1.9181000000000001
1.5672
1.8975000000000002
2.4537
2.0145
1.7395
1.5663
2.2388
2.1844
1.5653
1.6594
1.9841
1.7883
1.6067
1.7953000000000001
1.6621
1.5713000000000001
1.934
1.5583
2.6864
1.5678999999999998
1.9517
1.5642
1.6965000000000001
1.7543000000000002
1.9684
1.7463
1.753
1.8824
1.5502
1.9937000000000002
1.5455
1.6229
1.5041
1.647
1.5348
1.6941
1.4686000000000001
1.6817
1.7406
1.4628
2.3939999999999997
1.4902
1.5074
1.8254000000000001
1.5342
1.5724999999999998
1.7994
1.7484
1.4984
1.471
1.6006
1.7662000000000002
1.4656
1.4562
1.4649999999999999
1.4876
1.4545000000000001
2.6662
1.4461000000000002
1.4266999999999999
1.9658000000000002
1.4241
2.2881
1.4257
1.4224999999999999
1.9357
1.5466
2.2445999999999997
1.935
1.6115000000000002
1.4609
1.8055
1.5112
2.0896
1.796
1.6315
2.0349999999999997
1.5569
1.6144
2.4974
1.7076
1.6695
1.6914
1.6674
1.8616
2.1235999999999997
1.5393
1.4777
1.5046
1.8232000000000002
1.6899
1.4655
1.4453999999999998
1.4459
1.7728
1.7271999999999998
1.9301
1.4549
1.4344
1.4253
1.4111
1.427
1.6489
1.4133
1.3578999999999999
1.3529
1.5872
1.4315
1.5873
1.3296000000000001
1.3348
1.3258
1.3800999999999999
1.35
1.5851000000000002
1.3578
1.3666
1.3578
1.7129999999999999
1.4074
1.6878
1.3454000000000002
1.3234
1.3408
1.2943
1.2828
1.7233999999999998
1.2869
1.3006
1.5556
1.3108
1.2953000000000001
1.5962999999999998
1.2815999999999999
1.2795
1.2772000000000001
1.2712
1.2906
1.5561
1.3072
1.2827
2.0676
1.3008
1.8258
1.5939
1.2933000000000001
1.3135
1.2822
1.2776
1.278
1.5128
1.2455
1.3611
1.4516
1.2165
1.2642
1.478
1.2078
1.6854
1.2136
1.2081
1.2362
1.4773
1.2313999999999998
1.3189
1.4391
1.2798
1.2806
1.5168
1.3816
1.2328000000000001
1.2302000000000002
1.2487
1.2649
2.0882
1.3014999999999999
1.3166
1.4987
1.2651999999999999
1.2829
1.5199
1.7565
1.2390999999999999
1.2508000000000001
1.2493999999999998
1.2717
1.6153
1.2457
1.2419
1.4081000000000001
1.2054
1.1655
1.4909000000000001
1.1987
1.1875
1.1965000000000001
1.1864
1.2144
1.4488
1.3135
1.3789
1.1994
1.4424
1.2418
1.4623
1.2254
1.2147
1.2130999999999998
1.2086
1.2147
2.1183
1.4549999999999998
1.2191999999999998
1.2231
1.4049
1.2248999999999999
1.5854000000000001
1.7263000000000002
1.3105
1.565
1.2648
1.2511
2.0451
1.2405000000000002
1.6188
1.4048
1.3236
1.2773
1.9881
1.3027
1.3677
1.2461
1.345
1.3397000000000001
1.5801999999999998
1.381
1.2792000000000001
1.4932999999999998
1.3065
1.2878
1.4802000000000002
1.5434999999999999
1.1985
1.1905
1.3181
1.1897
1.415
1.5306
1.1714
1.4385
1.6376
1.5184
1.7995999999999999
1.3898000000000001
1.4348
1.4040000000000001
1.4144999999999999
1.4427999999999999
1.8159
1.4075
1.597
2.4072
1.5944
2.0087
1.9929000000000001
1.3457000000000001
1.3734000000000002
1.4411
1.4471
1.6815
1.4778
1.2565
1.4648
1.2178
1.2136
1.2203
1.4522000000000002
1.1966999999999999
1.9498
1.163
1.1643000000000001
1.657
1.3726
1.4404000000000001
1.3519999999999999
1.3338
1.3486
1.3009
1.1453
1.6399
1.1277
1.2171
1.2084000000000001
1.4449
1.2051
1.6133
1.1393
1.1586
1.2015
1.1985
1.1766
1.4113
1.3358
1.1129
1.1199999999999999
1.1969
1.2182
1.268
1.3455
1.1111
1.1247
1.1399
1.1058999999999999
1.0904
1.1364999999999998
1.3714
1.1161999999999999
1.1811
1.1318000000000001
1.0703
1.1373
1.5215999999999998
1.0956
1.0996000000000001
1.103
1.1045
1.1238000000000001
1.1098
1.3589
1.0883
1.0816999999999999
1.0777
1.5586
1.0669
1.4636
1.0796000000000001
1.0434999999999999
1.0231999999999999
1.0512
0.9885
1.0344
1.2857
1.0379
1.0775
1.0388000000000002
1.1176000000000001
1.2265
1.4322
1.0643
1.2583
1.0691
1.2614
1.1682000000000001
1.1193
1.3485
1.1925
1.1658
1.1941
1.1958
1.2679
1.3751
1.1259
1.1305
1.2997
1.0914
1.1103
1.1247
1.3745
1.3684
1.1019
1.0725
1.0707
1.1716
1.3244
1.0614000000000001
1.4543
1.3322
1.0405
1.1025
1.09
1.3226
1.2065000000000001
1.0368
1.0265
1.0546
1.3840000000000001
1.2926000000000002
1.0690000000000002
1.4176
1.0965
1.2849000000000002
1.1549
1.141
1.3276
1.3943
1.11
1.1131
1.1343
1.2344000000000002
1.3658
1.1102
1.4350999999999998
1.0536
1.2767
1.052
1.0709
1.3567
1.4359
1.1633
1.0924
1.0907
1.2102
1.3523999999999998
1.116
1.4668
1.1153
1.1012000000000002
1.393
1.1637
1.3346
1.4185999999999999
1.1165
1.1308
1.1913
1.1582999999999999
2.9527
1.405
1.4028999999999998
1.4505
1.1494
1.113
1.7124
1.2308
1.0866
1.2099
1.2336
1.0881
1.1944
1.3483
1.1047
1.116
1.2615
1.21
1.1006
1.359
1.1233
1.1284
1.2296
1.0959999999999999
1.108
1.0642
1.3334
1.0878999999999999
1.0673
1.0742
1.0584
1.267
1.767
1.0543
1.0568000000000002
1.0462
1.1938
1.0515999999999999
1.0467
1.3291
1.0851000000000002
1.0948
1.106
1.1084
1.1012000000000002
1.5311000000000001
1.4652
1.1440000000000001
1.1836
1.4123
1.1800000000000002
1.403
1.668
1.2001
1.2103000000000002
1.1599
1.2257
1.6733
1.3901000000000001
1.1699
1.1692
1.3228
1.2567
1.3919
1.4047
1.1632
1.1543
1.1793
1.1579
1.4051
1.5162
1.2785
1.2003000000000001
1.1328
1.9787
2.2107
1.6602999999999999
1.398
1.2479
1.1988
1.201
1.8809
1.2014
1.1757
1.231
1.1567999999999998
1.1352
1.9446
1.1684
1.1768
1.2149999999999999
1.1938
1.2
1.7115
1.4304000000000001
1.2342
1.4464000000000001
1.2144
1.2518
1.4502
1.229
1.2075
1.3252
1.1897
1.1688
1.4063
1.2714
1.2257
1.3023
1.5185000000000002
1.5876
1.8004
1.1096000000000001
1.1174
1.1686
1.1515
1.1655
1.4184
1.1466
1.3182
1.2785
1.1759
1.1334
1.1413
1.355
1.1161999999999999
1.091
1.1325
1.1111
1.0958999999999999
1.3343
1.0862
1.0778
1.2838
1.1643000000000001
1.0838
1.1354
1.4067
1.0840999999999998
1.0834
1.0955
1.0965
1.0809000000000002
1.2653
1.0281
1.0112
1.0234
1.1257000000000001
1.2248999999999999
1.0482
1.331
1.3476
0.9874
0.9944000000000001
1.0382
1.074
1.2937
1.0465
1.4415
1.0491000000000001
1.0378
1.0915
1.681
1.3262
1.0668
1.0604
1.0711
1.077
1.108
1.4163
1.1036
1.0804
1.0949
1.0888
1.0392000000000001
1.1949
1.5266
1.0437
1.1164
1.0555
1.0410000000000001
1.0531
1.2827
0.9969
0.9795999999999999
0.9838
0.9741
0.9828
1.0463
1.2681
1.0518999999999998
1.2405000000000002
1.0101
1.0068
1.0087
1.3388
0.9889
1.0057
0.9642999999999999
0.957
1.167
1.1086
1.2828
0.9528
1.1425
0.9662
1.1948
1.3737000000000001
0.9618
1.1871
0.9470999999999999
1.0181
0.9263
0.9253
0.9247
1.2830000000000001
1.2676
0.9198999999999999
0.9206000000000001
1.4503000000000001
0.9125
1.1669
1.3221
1.1982
0.9369
0.9457
0.9599
0.9519
0.9411
1.1738
1.2267000000000001
0.9385
0.9380999999999999
1.0229
0.9341
0.9377
0.9679000000000001
1.4105999999999999
0.9288000000000001
0.9280999999999999
0.9108999999999999
0.9264
0.9018
0.8987999999999999
1.2352
1.2607
0.93
0.9135
0.9115
1.0101
0.9229
1.1717
1.0281
1.0196999999999998
0.9112
0.91
0.9153
1.2574
1.4768
1.1093
0.969
0.9329
0.9259000000000001
1.1898
0.9423
1.1669
0.9207
1.2408000000000001
1.1488
0.9623
0.9724999999999999
1.0231999999999999
1.2229
0.9552999999999999
1.2985
0.9497000000000001
0.9650000000000001
0.9546
1.1553
1.4008
0.9853999999999999
1.3016
1.3239
1.0759
0.9913000000000001
0.9942
1.1739000000000002
0.9483999999999999
1.2496
0.9433
0.9341
0.9327
1.0023
1.1653
0.8991
0.891
1.2442
0.9022
1.054
0.9878
1.2578
0.9208000000000001
0.9216
0.9218
1.2207
0.9282
0.9196
1.1245999999999998
1.3496000000000001
0.8918
0.8677999999999999
1.0739
1.0958999999999999
1.0613000000000001
1.3342
0.877
0.8458
0.8318000000000001
0.8159000000000001
1.2172999999999998
0.8199000000000001
1.0428
0.8130000000000001
0.9256
1.0629000000000002
1.0576999999999999
1.0717999999999999
1.2639
0.8669
1.0526000000000002
1.3962
0.9154
0.9068
0.9136
1.2832
0.8952
1.0983
0.8723
0.9924999999999999
1.361
1.0692
1.0856
1.0678
1.1226999999999998
0.8731
0.9856999999999999
1.0592
1.0265
0.9182
0.9356
1.1644999999999999
0.9224
0.9087999999999999
0.9956999999999999
0.9294
0.9398
0.9176
1.2576
0.9557
0.9127000000000001
1.0816000000000001
0.9228
1.1637
0.9073
1.2079
0.8983
0.8947
0.9142
0.9259000000000001
1.0283
1.2960999999999998
1.518
1.3258
0.9430999999999999
0.9299
0.9133
1.0631
0.9886
1.2696
1.1314
0.9601
0.9311
0.9349999999999999
0.9667
0.9383
1.2299
0.9433999999999999
1.2942
0.9671000000000001
0.9736
0.9608000000000001
1.1871
1.3671
1.0867
1.2307
0.9430999999999999
0.9533
0.9428000000000001
0.9577
1.1472
0.9372
0.9388000000000001
1.2502
0.9627
0.9607
0.9681
1.2828
0.9497000000000001
1.1132
1.3201
0.9825999999999999
0.9978
1.0036
1.2924
1.0434999999999999
1.0271
1.3320999999999998
1.2305000000000001
1.2308
1.3049
1.2669000000000001
0.9909000000000001
1.1639000000000002
1.2179
1.2127
1.2130999999999998
1.2299
1.2318
1.0009000000000001
1.3899
1.01
1.0102
1.0077
1.0892
1.2382
1.0074999999999998
1.3089
1.1821
1.0245
0.9789
1.5356
1.256
1.017
1.0096
1.0108000000000001
1.0116999999999998
1.0024000000000002
1.3547
1.004
1.0104
1.3226
1.6985
1.0102
1.0112999999999999
1.3274000000000001
1.0038
1.1458
0.9872
0.9792
0.9625
1.0728
1.2427
0.9485
0.9515
1.3979000000000001
1.2616
1.0338
1.0173
1.1900000000000002
1.3458999999999999
1.2066
1.201
1.1981
1.1914
1.0648
1.1938
0.9675
1.4771999999999998
0.9649
1.2333
0.9188999999999999
1.003
1.1847999999999999
0.9417
1.2967
0.9748
0.9963000000000001
1.0820999999999998
1.3002999999999998
1.4387
1.0434
1.3504999999999998
1.008
1.0417
1.1899
1.037
1.214
0.9813999999999999
1.1998
0.9531000000000001
0.9491
0.9429
1.054
1.1866999999999999
0.9509
0.9922
1.1638
0.9602
0.9268
1.1457
1.2841
0.8983
0.9056
1.64
0.9202
0.9332
0.9248999999999999
1.3331
0.957
0.9307
0.9422
0.9536
0.9573999999999999
0.9349000000000001
1.2183000000000002
1.1368
0.8931
0.8872
0.9802000000000001
0.9790000000000001
0.8518
1.1156
0.8652
0.9638
0.8557
0.8543999999999999
0.8307
1.1703
1.4388
0.8270000000000001
0.8146
0.8257
1.0740999999999998
0.8186
1.046
1.234
0.8158
0.8170000000000001
0.8241999999999999
1.2405000000000002
1.0368
0.8224
0.8647
1.2844
0.7925
1.1307
0.8009999999999999
0.8241999999999999
0.8431
1.0661
1.0873
1.1234000000000002
0.8704000000000001
0.8689
0.865
0.9415
0.8782
0.8993
1.0932
1.5418
0.8735999999999999
0.8914
0.8913
0.9197
0.8899
1.2457
0.9828
1.1865999999999999
0.8825999999999999
0.8911
0.8773
1.0534
1.1195000000000002
0.8920999999999999
1.2669000000000001
1.1727
0.8928999999999999
0.8817
0.8885
1.0861
0.8656999999999999
0.8621
1.0663
1.1268
0.8556
0.8404
1.0698999999999999
1.013
0.8624999999999999
0.8812
0.8720000000000001
0.8666
0.8679
1.0805
0.8532000000000001
1.2390999999999999
0.9211999999999999
0.9433999999999999
0.9409000000000001
1.178
1.0819
0.8455
0.8472
1.4086
1.2139
0.8338
0.8476
1.1298000000000001
0.8450000000000001
0.8537
0.8599
0.8540000000000001
0.8557
0.833
1.0856
1.0376
0.9848999999999999
0.8871
0.8926999999999999
0.9954000000000001
0.9003
1.1418000000000001
0.9213
1.3367
0.9267000000000001
0.8999
0.8920999999999999
0.9905999999999999
1.2263
0.8857
0.8724
1.3334
1.0428
0.8622000000000001
0.8675999999999999
1.3967
1.2313999999999998
0.8646
1.0766
0.8738
0.8547
0.8365999999999999
1.0712
0.9305
0.8321999999999999
0.8392999999999999
0.8351
1.1133
0.9057
1.0071999999999999
1.0836999999999999
1.2706
1.1891
0.8526
1.0629000000000002
1.0701
1.0609
1.0768
0.858
0.8409
0.8484
0.8415
1.017
1.0689
0.9805
1.21
1.357
0.8867
0.8946
0.909
0.8911
0.8947
1.1675
0.9084
0.923
0.8174
0.8264
0.8157000000000001
0.8151
0.8505
1.0560999999999998
0.8233
1.07
1.0048
0.9054
0.9143
0.8409
1.2852000000000001
0.8400000000000001
0.8356
0.8348
0.8597
0.8296
0.8084
0.8629
1.2246
1.1576
0.8294
0.8270000000000001
1.0242
0.9041
0.8076
1.0645
0.8782
1.1098
0.8001
0.7998999999999999
0.756
0.8148
0.7805000000000001
1.0344
1.0503
1.0081
0.8162
0.7485
0.7473
0.8075
1.3317999999999999
1.0663
0.8645
0.9238999999999999
0.9219999999999999
0.8537
0.8556
0.868
1.2185
0.8196
0.8401
0.7934
0.8497
0.8138000000000001
0.8162999999999999
0.7879
1.0924
1.0116
1.4738
1.201
1.05
1.3137999999999999
1.2001
0.87
2.5709
0.7755000000000001
1.029
0.7613
0.7588
0.7733
0.7795000000000001
0.8571
1.0526000000000002
0.9516
0.7517
0.7429
0.7529
0.7641
0.7733
0.9909999999999999
0.7795000000000001
0.7821
0.7937000000000001
0.8058
0.8095
0.7847000000000001
0.8172
1.0525
0.7958000000000001
0.7761
0.8976999999999999
0.7765
0.8592
0.9148999999999999
0.9866
0.76
0.7594000000000001
0.7624
0.7585
0.759
0.7636999999999999
0.7538999999999999
1.0722
0.7678999999999999
1.1747
0.7956000000000001
0.7908000000000001
0.7866000000000001
0.7874
1.137
0.7817
0.7847000000000001
1.0926
1.0047000000000001
0.7797999999999999
0.7662
0.8042
1.0324
0.7971
0.7685
0.7723
0.7752
1.0361
0.7645
1.0323
0.7814
0.778
1.2431
0.8337
0.794
1.029
0.8974
1.0428
0.8024
0.8647
0.8138000000000001
0.8202
0.8296
0.8416
1.4642
0.8779
0.8653000000000001
0.8476
0.8607
0.9401
0.8441
0.8759
1.3039
0.9313
0.8741000000000001
0.8047
0.8101
0.8291000000000001
0.8377
1.0586
0.8314
1.1274
0.8272
0.8302
0.8437
0.8189
1.0053
1.0640999999999998
0.8223
1.1019999999999999
0.9902000000000001
0.9231
0.8161
0.8035
1.0591000000000002
0.8207000000000001
0.8082
0.8228000000000001
1.1943
0.8027000000000001
0.7812
0.9873
1.1375
1.1014
0.7861
0.7845000000000001
1.1424
0.8323
1.0217
1.0271
0.8382
0.8113
0.8176
0.8308
0.8236
1.1651
0.8431
1.0695999999999999
0.8489
1.0039
0.9974000000000001
0.8297
0.8246
0.8179
1.0532
0.8124
1.0364
0.8180000000000001
0.9075
0.8268000000000001
0.7837000000000001
0.8184
1.3915
0.8101
0.8725999999999999
0.7961999999999999
0.7906000000000001
0.8233999999999999
0.8108
1.0793000000000001
0.8086
1.0330000000000001
0.794
0.796
1.0035
0.9474
0.8412
1.0386
1.0988
1.1373
0.8125
0.8107
0.8166
0.7978
1.0278
0.7843
0.7862
0.8001
1.1061999999999999
0.8217
0.7928
0.8275
1.3412000000000002
0.8233999999999999
0.7985
1.1129
1.0102
0.8555
0.8279
1.0788
0.8281000000000001
0.8482999999999999
0.8564999999999999
0.8633
0.8432999999999999
1.1075
0.8907
1.085
0.8611
1.6352
0.8872
0.9157
1.0648
1.0732000000000002
1.1123999999999998
0.8865999999999999
0.8648
0.864
0.8867
0.8945
1.0527
1.1447
0.895
0.892
1.0057
1.1061999999999999
0.9052
0.891
1.119
1.2717
0.9617
1.0068
1.0106
0.93
0.9369
1.1902
0.9365
1.1068
0.9726
0.9558
1.1673
1.1637
1.5664
1.137
0.9556
0.9888
0.9993000000000001
0.9898000000000001
0.9894000000000001
1.2593999999999999
1.2413999999999998
0.9924000000000001
1.0185000000000002
1.0044
1.107
1.0301
1.4544
1.3666
1.3149
1.0721
1.106
1.0207
0.9973
1.2486000000000002
1.1573
0.9977
0.9954000000000001
0.9737
1.4395
1.1751
1.2537
0.9779999999999999
0.9041
0.8987999999999999
0.9148999999999999
0.8778
0.9255
1.1771
1.7172
1.2252
0.8796999999999999
0.8822
1.0403
1.1012000000000002
0.8801
1.1019999999999999
0.9132
0.8894000000000001
0.8867
0.8834
0.9599
1.1467
0.9288000000000001
1.0149
1.1231
1.1455
1.1633
1.0495999999999999
1.2294999999999998
0.9426
1.2001
0.9966
0.9162
0.9455
0.9585
1.1658
0.8722
1.0955
1.3933
0.8713
0.8787
0.8701
1.2402
0.8968999999999999
0.8855999999999999
0.886
0.8957999999999999
1.0993000000000002
0.9132
1.1566
1.3539999999999999
0.9425
0.9201
0.9287
0.9458
0.9528
1.1644999999999999
0.9470999999999999
1.3145
0.9790000000000001
1.0296999999999998
0.9723
0.9845999999999999
1.3561999999999999
0.9632
1.2147
0.9594
0.9443
1.1948
0.9568
1.4959
0.9114
0.9295
0.9194
0.9229
0.9282
1.287
1.186
1.1845
1.0051999999999999
0.9322999999999999
0.9399000000000001
0.9380000000000001
1.1457
1.1733
0.9271
0.9185000000000001
1.2081
0.9646
0.9064
0.8893
1.387
0.8835
0.9155
1.1461999999999999
0.9909000000000001
0.8825000000000001
0.8539
1.081
1.1549
0.8377
0.8392000000000001
0.8576
0.8867
0.8762000000000001
1.1211
0.8781
1.2730000000000001
0.8955000000000001
0.9035
0.9213
1.3235000000000001
1.4153
0.891
1.0667
0.9206000000000001
0.8872
0.8919
0.9282
1.1607
0.9369
0.958
1.3109
0.9641
0.9468
1.0229
1.4766
0.9916
0.9931
1.2672
1.0661
1.0754
1.0773
1.3276
1.0058
1.0119
1.3751
1.2123
1.2026999999999999
1.0165
1.4848999999999999
1.0055
1.0246000000000002
1.3355000000000001
1.0191
1.0068
0.9992
1.2584
1.0051999999999999
1.0266
1.3173
1.0485
1.0289
1.2274
1.0947
1.3504999999999998
0.9833000000000001
1.3604
1.0164
1.0230000000000001
1.3092
1.0315999999999999
1.0445
1.0610000000000002
1.4077
1.0330000000000001
1.2645
1.1212
1.9562999999999997
1.2377
1.2886
1.2845
1.3465
1.3075999999999999
1.064
1.0908
1.2684
1.0327
1.0317
1.2232
1.0129
1.0077
1.3353
1.2606
1.2409000000000001
1.2485
1.3522
1.0483
1.0539
1.3420999999999998
1.065
1.0564
1.3289
1.0606
1.0579999999999998
1.2285
1.2412
1.0788
1.4429
1.4184
1.0621999999999998
1.0511
1.2973
1.0621
1.0467
1.2908
1.0755000000000001
1.0468000000000002
1.0427
1.5581
1.0422
1.0721
1.4474
1.2186000000000001
1.1017
1.3684999999999998
1.0128
1.0861
1.2924
1.0324
1.0192999999999999
1.0403
1.2707
1.1966999999999999
1.0022
1.1804000000000001
1.0640999999999998
0.9817999999999999
0.9699
1.07
1.1792
1.1764
1.2237
0.9990000000000001
0.9909999999999999
0.9721000000000001
1.231
1.0066000000000002
1.2695
1.2779
1.2142
0.9833000000000001
0.9687
1.3520999999999999
1.2114999999999998
1.1835
1.262
0.9554
0.9673
0.9600000000000001
0.9609
0.9621999999999999
1.4178000000000002
1.6075
0.953
0.9107
0.9211999999999999
0.892
0.8825000000000001
0.8945
1.1633
0.8953
0.929
0.896
0.8918
0.9007000000000001
0.9009
1.2557
0.9123
1.0805
1.5465
0.9713
0.8917
0.9522
1.1911
0.9224
0.9133
0.9119
0.8852000000000001
0.8857
0.8843
1.2279
0.8651000000000001
0.8571
0.8439
0.9551
1.0298
0.9057
1.1084
0.8599
0.8685999999999999
0.8653000000000001
0.8683000000000001
0.8472
0.855
1.0957000000000001
1.1791
1.1332
0.8461000000000001
0.8398
0.8217
0.7939
1.0985
1.1620000000000001
1.0658
0.7929
0.7993
0.8024
0.8015
1.0369000000000002
0.7933
0.8134
0.8009000000000001
0.8130999999999999
0.8053
0.7834
0.82
1.0555
0.7846
0.8021
0.8040999999999999
1.1335
0.9642999999999999
0.8266
1.0924
0.8489
0.8398
0.8368
0.833
0.8490000000000001
0.8047
0.8379000000000001
1.0431
0.7861
0.8394
0.7567
0.7482
0.7361
0.7442
1.3142
1.1275
0.7481
0.7461
0.743
0.7444
0.7381
0.8775000000000001
0.9966
0.8133
0.7169
0.7118
0.7146
0.7191
0.7279
0.9269999999999999
0.6960999999999999
0.69
0.6981
0.7102
0.7426
0.7047000000000001
0.7915
0.853
1.0086
0.7424000000000001
0.7964
0.7885
0.7182
0.8515
0.8120999999999999
0.9947999999999999
0.7084
0.7355
0.7343999999999999
0.7327
0.7221000000000001
0.7485999999999999
0.75
1.0245
0.7513
0.7536
0.7657
0.9904000000000001
0.778
0.7948999999999999
1.0485
0.7940999999999999
0.8441
1.0023
0.7926
0.8094
0.8756
0.887
1.0675999999999999
1.1605999999999999
0.8064
0.8363999999999999
0.8112
0.7987
0.8007
1.2644
0.8044
0.7921
0.7877
0.8049
0.8352999999999999
1.2407
0.8291000000000001
1.0536
0.8117000000000001
0.8193
0.8151999999999999
0.8218
0.8872
0.9005000000000001
1.1025
0.7757000000000001
0.78
0.7958999999999999
1.0394
0.8141999999999999
0.8229
0.874
1.2023
0.865
0.8579
0.99
0.933
0.8972
0.8755
1.1254
0.9135
0.8933
0.8991
0.9026000000000001
0.8709
1.0728
1.3217
1.26
0.9892
0.8498
0.8508
0.8305
0.8412
1.0852
0.8363
0.8365
0.8474
0.9488
0.8241999999999999
0.8883
1.1039999999999999
0.8513999999999999
0.929
1.1352
0.8310000000000001
0.8852000000000001
0.9086
0.9057
1.138
0.8072
0.9576
0.8122999999999999
0.7993
0.8047
1.157
1.2051
0.7927000000000001
0.7888
0.7761
0.763
0.7623000000000001
0.9835
0.8074
1.0669
0.8038000000000001
0.8675
0.8241
0.8187
0.8357
0.8344999999999999
1.0816999999999999
0.816
0.8959
0.8270000000000001
0.8207000000000001
0.8235
0.7958999999999999
0.8299
1.0504
0.9426
0.9667
0.8001
0.8058
0.8055
0.7943
1.0351
0.8048000000000001
0.8009999999999999
0.7935000000000001
0.8017000000000001
1.1509999999999998
0.7656
0.8093
1.0251
1.0777
0.7586
0.7548
0.7509
0.8666
0.8685
0.9787000000000001
0.7315
0.7355
0.7328
0.7363
0.7361
0.7373
0.7171000000000001
0.9816
0.8963000000000001
0.7402
0.7413
0.7551
0.7671
0.7557
1.0054
0.7638
0.7646000000000001
0.7617
1.0086
0.7683
0.7417
0.7777
1.0082
0.7766
0.795
0.7903
0.7931
1.1274
1.0924
1.1558
0.7787000000000001
0.766
0.7695
0.7797000000000001
0.7718999999999999
0.7663
0.8133
1.1586999999999998
0.7469
0.7411
0.743
0.7392
0.7623000000000001
0.772
1.0306
0.8703
0.9462
0.7908999999999999
0.7952
0.8003
0.7891
0.8222
1.0563
0.7928
0.8394999999999999
0.8841
1.0678
0.7957
0.7797999999999999
1.1284999999999998
0.7988999999999999
0.8016
0.8036
0.7916000000000001
0.9430000000000001
0.8198
0.8307
1.3236999999999999
0.8484999999999999
0.8424
0.8584
0.8226
0.8312
0.7921999999999999
1.0088
0.9825
0.7852
0.7895000000000001
0.7801
0.7725
0.7661
0.7982
1.2539
0.7734000000000001
0.7824000000000001
0.7706
0.7613
0.7666
0.7721
0.9734
0.7671
0.7528
0.7501
0.7418
0.736
0.9633
0.7712
0.985
0.7321
0.7123999999999999
0.8006000000000001
1.1542
0.9970000000000001
0.8285
0.7671
1.0003
0.7581
0.7459
0.7434
0.7384
0.7323
0.7129000000000001
0.7586
0.9839
0.8432
0.9255
0.7948000000000001
0.7136
0.7808
0.7602000000000001
1.1245999999999998
0.6930999999999999
0.7004999999999999
0.7033
0.7144999999999999
0.7165
0.7240000000000001
0.7316
0.9673
0.7025
0.7028
0.6970000000000001
0.6941
0.6895
0.7004999999999999
0.6848
1.1177
0.6734
0.6527
0.6563
0.665
0.8027000000000001
0.6606
0.6426999999999999
0.9068
0.6518999999999999
0.6416
0.6285000000000001
0.6265
0.6256999999999999
0.6291
0.6214999999999999
0.8808
0.6244
0.6274
0.6126
0.5997
0.6011000000000001
0.5937
0.5937
0.8108
0.9377
0.6116
0.6198
0.7577
0.8843
0.874
0.7236
0.6591
0.9041
0.6592
0.6648999999999999
0.6765
0.7027
0.6981999999999999
0.6905
0.6779000000000001
0.9372
0.6669999999999999
0.6517
0.6421
0.6407
0.7493000000000001
0.7784
0.6442
0.8796999999999999
1.0771000000000002
0.7343999999999999
0.6533
0.6511
0.6579999999999999
0.6641
0.6715
0.9173
0.6970000000000001
0.6968
0.6954
0.6914
0.9364
0.6938
0.6829
0.9143
0.6716
0.6883
0.8426
0.7728
0.8224
0.7746
0.7123999999999999
0.9838
0.6986
0.6878
0.6918
0.7020000000000001
0.7033
0.7077
0.7274999999999999
1.11
0.6547999999999999
0.6518999999999999
0.655
0.6562
0.6615
0.6617
0.6628
0.9433
0.8732
0.6728
0.6731
0.6679
0.6664
0.6653
0.6803
0.9481999999999999
0.6905
0.9773
0.7548
0.7607
0.8664000000000001
0.6869000000000001
0.7008
0.9663
0.6736
0.6692
0.6718
0.6611
0.6658999999999999
0.661
0.8327
0.9322
0.6537999999999999
0.6451
0.6461
0.6466
0.6626
0.6887
0.6768
0.9166000000000001
0.6954
0.6998
1.2429999999999999
0.7678
0.7207
0.69
0.6840999999999999
0.9257
0.6782999999999999
0.662
0.6587999999999999
0.653
0.8552
0.6745
0.6546
0.882
0.6488
0.6624
0.6632
0.6752
0.6890000000000001
0.7046
0.696
1.0947
0.7089000000000001
0.6945
0.6926
0.6806
0.6753
0.6728
0.6623
0.9201
0.6534000000000001
0.6463000000000001
0.6589
0.8591
0.651
0.6608999999999999
0.6384
0.8819
0.6433
0.6346
0.6476000000000001
0.6404
0.6436000000000001
0.7739999999999999
0.6401
0.879
0.8254
0.6898
0.623
0.6274
0.6342
0.6271
0.641
0.6399
1.0913
0.9498
0.7537
0.7412
0.7279
0.7417
0.7251
0.6944
0.9571999999999999
0.6966
0.7662
0.6891
0.8222
0.709
0.7159
0.7131000000000001
0.9787999999999999
0.7071999999999999
0.7094
0.7357
0.8698999999999999
0.7166
1.1972
1.1492
0.8595
1.2268
0.9947999999999999
1.1845
1.0021
0.6930000000000001
0.9333
0.7718999999999999
0.6079
0.8704999999999999
0.6076
0.608
0.6139
0.6312
0.631
0.7878
0.687
0.6389
0.878
0.6521
0.6101
0.6099
0.6149
0.6265
0.636
0.6425
1.0403
0.7594000000000001
0.6601
0.6557
0.6565
0.6583
0.6597999999999999
0.655
0.6495
0.8874
0.6949000000000001
0.73
0.6534000000000001
0.6502
0.6435
0.6509
0.8313
0.9255
0.6618
0.646
0.6394000000000001
0.6235999999999999
0.6338999999999999
0.6211
0.6167
0.8914
0.6325000000000001
0.6384
0.643
0.6424
0.6389
0.6506
0.6605
0.9417
0.7873
0.6767
0.6763
0.679
0.6752
0.7667
0.7604000000000001
0.925
0.6712
0.6827
0.6861
0.7171000000000001
0.6906
0.6922
0.6939
0.9354
0.6893999999999999
0.6859000000000001
0.6880000000000001
0.6882
0.9571999999999999
0.9006
0.7021
1.0016
0.6983999999999999
0.6947
0.7033
0.8733000000000001
0.6981
0.6824
0.6769999999999999
0.9594999999999999
0.6755
0.6792
0.6786
0.6744
0.6811
0.6789
0.6857
0.9064
0.6753
0.6766
0.8832
1.0301
0.6883
0.679
0.6930999999999999
0.957
0.7062999999999999
0.9085
0.7022
0.7062999999999999
0.6974
0.6740999999999999
0.675
0.9176
0.6707
0.6618
0.6589999999999999
0.655
0.6546
0.6601
0.655
1.0598999999999998
0.669
0.6618999999999999
0.6621
0.6622
0.6532
0.6499
0.6495
0.8945
0.9695
0.6634
0.6484000000000001
0.6428
0.6445
0.6375000000000001
0.6423000000000001
0.8951
0.6464
0.6478
0.6407
0.6312
0.6233000000000001
0.637
0.7777
0.6507000000000001
0.9526
0.6484000000000001
0.6973
0.6811999999999999
0.6752
0.6163
0.6134
0.7111
0.9049
0.6167
0.6041
0.6012
0.6077
0.5988
0.5996
0.6015
0.5984
0.9093
0.5988
0.588
0.5892999999999999
0.735
0.5896
0.5902999999999999
0.6073
0.8513999999999999
0.6263
0.6069
0.5971000000000001
0.5959
0.6057
0.5945
0.5883
0.9369
1.1414000000000002
0.6237
0.6296
0.6338999999999999
0.6476999999999999
0.6278
0.6263
0.6137
0.8465
0.5847
0.5586
0.5864
0.5855
0.6106
0.6056
0.6074
0.5974
0.8533
0.6147
0.6029
0.6038
0.5932
0.6124
0.8113
0.6758
0.8352
0.5847
0.5777
0.5799
0.5743
0.5812
0.5864
0.5796
0.5773
0.8220000000000001
0.5810000000000001
0.5720000000000001
0.5741
0.5748
0.5898
0.6051
0.6051
0.8469
0.5955
0.5915
0.5989
0.5936
0.5936
0.8321
0.7636999999999999
0.6313
0.8851
0.5992000000000001
0.6027
0.6005999999999999
0.8205
0.5946
0.5905
0.585
0.8319
0.5833
0.5827
0.5861
0.5825
0.5859
0.5846
0.5797000000000001
0.5876
0.8252
0.5745
0.5628
0.5578
0.7799
0.7649999999999999
1.0129
0.7376
0.9986999999999999
0.8664000000000001
0.751
0.8105
0.5992999999999999
0.7707
0.7395
0.6584
0.7265
1.0678
0.8162999999999999
0.5781000000000001
0.8277
0.7266
0.6777000000000001
0.8235
0.9753000000000001
1.0462
1.0153
0.9748
1.3089
0.8283
0.6237
0.6143000000000001
0.6053000000000001
0.6028
0.7579
0.5851
0.5886
0.5806
0.5749000000000001
0.5744
0.5683
0.5844999999999999
0.8499
0.5988
0.5987
0.5901
0.6924
0.5776
0.5768
0.5636
0.8118
0.8487
0.5856
0.5778
0.5781000000000001
0.5887
0.6443
0.6489
0.762
0.8487
0.5852
0.5807
0.5828
0.5798
0.5925
0.6128
0.5988
0.6033
0.8582000000000001
0.6053999999999999
0.6383
0.615
0.6059
0.598
0.5932999999999999
0.7277
0.9316
0.6068
0.6051
0.5999
0.6211
0.6017
0.9611
0.9844
0.9206000000000001
1.239
0.9164000000000001
0.8063
0.7634
0.7642
0.6774
0.6668000000000001
0.6402
0.9219999999999999
0.63
0.6174999999999999
0.6969
0.6986
0.5842
0.5923999999999999
0.5968
0.599
1.067
1.0495
0.6535
0.6229
0.6116999999999999
0.5942000000000001
0.5948
0.5879
0.799
0.5952999999999999
0.5929000000000001
0.5834
0.6093999999999999
0.5958
0.6039
0.5775
0.5558
0.7946
0.5566
0.6675
0.6761
0.5722
0.5820000000000001
0.5963999999999999
0.8587999999999999
0.9831
0.597
0.5939
0.6042000000000001
0.5982999999999999
0.6022
0.6033
0.5951
0.5857
0.8524
0.5978
0.6005999999999999
0.6019000000000001
0.5952999999999999
0.5976
0.5971000000000001
0.6026
0.8328
0.618
0.7069
0.7186
0.6061000000000001
0.6128
0.7274999999999999
0.6155
0.6177999999999999
0.8875000000000001
0.6537999999999999
0.6572
0.6708999999999999
0.6711
0.6789
0.6944
0.6996
0.9330999999999999
0.6855
0.6962
0.684
0.6679999999999999
0.6568999999999999
0.6463000000000001
0.6309
0.8922
0.8503999999999999
0.6411
0.7553
0.6336999999999999
0.6436999999999999
0.6433
0.651
0.9921000000000001
0.6384
0.6264000000000001
0.621
0.6101
0.6209
0.6187
0.6162
0.6424
0.8598
0.6348
0.6846000000000001
0.6826
0.6944
0.622
0.6282
0.6265
1.0917999999999999
0.862
0.9114
0.6279
0.6435
0.6489999999999999
0.6565
0.6565
0.9229
0.6560999999999999
0.652
0.6581
0.6738
0.6744
0.6941999999999999
0.6930000000000001
0.9568
0.7051
0.6997
0.7047000000000001
0.6898
0.7009
0.8616999999999999
0.8281999999999999
0.9419
0.6830999999999999
0.6945
0.6846000000000001
0.6788000000000001
0.6603
0.6650999999999999
0.7364
0.9759
0.6771
0.6849999999999999
0.6779000000000001
0.6792
0.6721
0.6763
0.6737
0.9420999999999999
0.6639
0.6733
0.6725
0.8066
0.7789
0.6816
0.6901
0.9246
0.7043
0.7045
0.7192000000000001
0.6938
0.6924
0.6858
0.6826
0.912
0.6566000000000001
0.6476999999999999
0.6333000000000001
0.6311
0.6261
0.6288
0.6275999999999999
0.8784
0.6253
0.6944
0.7491000000000001
0.7722
0.6453
0.6454
0.6187
0.9106
0.6740999999999999
0.6685000000000001
0.6658999999999999
0.6547000000000001
0.6504
0.6792
0.6560999999999999
0.8772
0.6432
0.6555000000000001
0.6483
0.6658000000000001
0.6557
0.6666000000000001
0.6642
0.8489
1.0571000000000002
1.0595999999999999
0.6759999999999999
0.6436999999999999
0.6394000000000001
0.6494
0.6533
0.9004
0.6688
0.6662
0.7607
0.7454000000000001
0.7506
0.6965
0.699
0.9586
0.6997
0.6717
0.6663
0.6618
0.6543
0.753
0.6531
0.9111
0.8692
0.6566000000000001
0.6715
0.6425
0.6357
0.636
0.6412
0.8976000000000001
0.6666000000000001
0.6531
0.8135
0.6468999999999999
0.6611
0.6628
0.6712
0.9472
0.6734
0.6768
0.6745
0.8347
0.6736
0.6806
0.6763
1.1628999999999998
0.9266
0.664
0.6667
0.6865
0.6843
0.6999000000000001
0.6755
0.8938
0.6744
0.6697
0.6669999999999999
0.6544
0.6586
0.6475
0.6373000000000001
0.8796999999999999
0.6459
0.7412
0.6518
0.6426000000000001
0.6464
0.6351
0.8534
0.8857999999999999
0.6241000000000001
0.6098
0.6093000000000001
0.6163
0.6401
0.6328
0.6288
0.8361
0.6156999999999999
0.6183
0.6141
0.6058
0.6083
0.6053000000000001
0.6009
0.6267
1.0843999999999998
0.9219
0.6628
0.6558
0.5915
0.7691
0.7038
0.588
0.7983
0.5808
0.5705
0.6428999999999999
0.5766
0.5916
0.594
0.5892000000000001
0.5682
0.8067000000000001
0.5748
0.5676
0.5608
0.5624
0.5630999999999999
0.5630000000000001
0.6375000000000001
0.7875
0.5596000000000001
0.5619000000000001
0.5669
0.5599
0.5559000000000001
0.5694
0.6915
0.6541
0.8429000000000001
0.5774
0.5805
0.6254000000000001
0.5806
0.5720000000000001
0.5643999999999999
0.5586
0.7932
0.545
0.5486
0.5414
0.5347999999999999
0.5361
0.5466
0.5421999999999999
0.6097
0.8258
0.5383
0.5315
0.5456000000000001
0.5479
0.5439
0.5437000000000001
0.5354
0.6543
0.8934000000000001
0.5450999999999999
0.533
0.5607
0.5438
0.5548000000000001
0.5523
0.5381
0.545
0.7743
0.5461
0.5575000000000001
0.5568
0.5685
0.5637
0.5697
0.5693
0.9238000000000001
0.5741999999999999
0.5724
0.5804
0.6011000000000001
0.5801
0.5817
0.5817
0.5664
0.9407000000000001
0.6377
0.5537
0.5668
0.5479
0.5561999999999999
0.5565
0.5601
0.8182
0.5634
0.5637
0.5601999999999999
0.5596000000000001
0.5584
0.5691
0.5753
0.5630999999999999
1.5412
0.6011000000000001
0.6003999999999999
0.5819
0.5761
0.5701999999999999
0.5748
0.5712
0.7879
0.7513
0.5709000000000001
0.5603
0.5413
0.5509999999999999
0.5553
0.5576
0.5643
0.8159000000000001
0.5511999999999999
0.5428
0.5337000000000001
0.537
0.5394
0.5419
0.5329
0.8492000000000001
0.5294
0.5271
0.5279
0.5259
0.5424
0.521
0.5143
0.5186999999999999
0.5144000000000001
0.8409
0.5103
0.6152
0.6267999999999999
0.5121
0.5117
0.5061
0.5012000000000001
0.7609
0.5022
0.5077
0.5075000000000001
0.5056
0.499
0.4939
0.49850000000000005
0.49739999999999995
0.4971
0.8391
0.5107
0.7435
0.653
0.6558
0.5318
0.5342
0.5465
0.8130000000000001
0.5347000000000001
0.5284000000000001
0.5314
0.638
0.6683
0.8056
0.5149
0.5247
0.5182
0.8661
0.5316000000000001
0.5372
0.5362
0.5303
0.5327
0.5327
0.6700999999999999
0.7532
0.5385
0.5371
0.5434
0.5558
0.5529000000000001
0.5463
0.5601
0.5572
0.8107
0.5504
0.5294
0.5318
0.5389
0.7371
0.53
0.5226999999999999
0.5246
0.8004
0.5135
0.5171
0.5215000000000001
0.5222
0.5167
0.5263000000000001
0.5316000000000001
0.5318
1.1252
0.5357
0.5381
0.5313
0.5371
0.5559000000000001
0.5552
0.5546
0.5553
0.8296
0.5574
0.6064
0.6173
0.6101
0.6669999999999999
0.6589999999999999
0.555
0.5518
0.8002
0.5547
0.5546
0.5545
0.5577
0.5603
0.5438
0.7424000000000001
0.7871
0.5392
0.5352
0.5261
0.5352
0.5375
0.5297999999999999
0.5312
0.5405
0.762
0.5425
0.5473
0.6431
0.5969
0.5436
0.6432
0.646
0.546
0.8147
0.5527000000000001
0.5957
0.5938
0.5967
0.5264
0.5389
0.5659000000000001
0.5461
0.7810999999999999
0.5518
0.5504
0.5524
0.5601999999999999
0.5553999999999999
0.5678000000000001
0.5457
0.5222
0.9374
0.5092
0.5733999999999999
0.49
0.49050000000000005
0.4971
0.5032
0.6407999999999999
0.6091
0.7675
0.5213
0.5364
0.5161
0.5121
0.5151
0.5214
0.5529000000000001
0.5331999999999999
0.7506
0.5278
0.5276000000000001
0.5305000000000001
0.5344
0.5337999999999999
0.5363
0.5146999999999999
0.515
0.7491000000000001
0.7517
0.505
0.8539
0.7092
0.5172
0.5201
0.5225
0.6641
0.7774
0.4925
0.4931
0.49319999999999997
0.49629999999999996
0.49799999999999994
0.5055
0.6127
0.5107999999999999
0.7561
0.524
0.5257999999999999
0.5381
0.5268
0.5286
0.5604
0.5337000000000001
0.5385
0.7817
0.5203
0.5236000000000001
0.5535
0.5271
0.5254
0.5207
0.5235
0.5225
0.7232000000000001
0.7184
0.5373
0.5161
0.5148
0.5079
0.5096999999999999
0.502
0.6183
0.7904
0.6357999999999999
0.5462
0.5860000000000001
0.6365999999999999
0.7242000000000001
0.5689
0.5324
0.5358
0.7475
0.5268999999999999
0.5450999999999999
0.5218
0.5267
0.5239
0.5226000000000001
0.5218999999999999
0.5247
0.7351000000000001
0.5096
0.7612
0.6576000000000001
0.5088
0.5109999999999999
0.5085
0.6036
0.5161
0.7472
0.4993
0.4996999999999999
0.5049
0.499
0.5032
0.5043
0.5086
0.5135
0.7427999999999999
0.5048
0.5033000000000001
0.49520000000000003
0.5181
0.4896
0.48569999999999997
0.481
0.4848
0.6872999999999999
0.49129999999999996
0.4809
0.4753
0.4704
0.6082000000000001
0.6089
0.5871999999999999
0.4713
0.8911
0.7345
0.5086999999999999
0.4572
0.464
0.4525
0.4595
0.4588
0.4595
0.4657
0.7369
0.4681
0.4652
0.47209999999999996
0.475
0.5038
0.48710000000000003
0.4822
0.4795
0.6970000000000001
0.4732
0.47209999999999996
0.4772
0.4835
0.4855
0.4798
0.49019999999999997
0.7337
0.785
0.4989
0.5756
0.5129
0.5197999999999999
0.5083000000000001
0.5065999999999999
0.5072
0.5088999999999999
0.7711
0.5075000000000001
0.5115000000000001
0.5109
0.5152
0.5088
0.5067
0.5922
0.506
0.7271
0.5339999999999999
0.5031
0.5102
0.5038
0.5163
0.5188
0.6804
0.5272
0.7404999999999999
0.7701
0.5325
0.7842
0.5289999999999999
0.5345000000000001
0.5483
0.5316000000000001
0.5342
0.8392000000000001
0.5353
0.5361
0.5379999999999999
0.5352
0.5408000000000001
0.5379999999999999
0.5693
0.527
0.739
0.5138
0.5098
0.5023
0.5001
0.4992
0.5073
0.5102
0.5088
0.7115999999999999
0.5032
0.6322
0.6933
0.515
0.539
0.5128
0.5157999999999999
0.5127
0.787
0.5148
0.5122
0.509
0.5072
0.5085
0.4983
0.49850000000000005
0.4921
0.722
0.48919999999999997
0.5032
0.48050000000000004
0.46900000000000003
0.4778
0.47409999999999997
0.503
0.49319999999999997
0.7215
0.4819
0.4854
0.48410000000000003
0.48460000000000003
0.4904
0.9
0.7213
0.5024
0.7226999999999999
0.4914
0.4992
0.4921
0.49030000000000007
0.4922
0.49069999999999997
0.49879999999999997
0.5029
0.721
0.5195
0.5084
0.5086
0.5186000000000001
0.5136999999999999
0.5098
0.5111
0.5131
0.736
0.4998
0.5064
0.5096
0.5117999999999999
0.5101
0.5204
0.7445
0.8457
0.7381
0.501
0.4961
0.4904
0.4881
0.4872
0.4859
0.4921
0.495
0.6956
0.49700000000000005
0.49410000000000004
0.5111
0.4912
0.49799999999999994
0.5006999999999999
0.501
0.5094000000000001
0.7301
0.5185
0.5164
0.514
0.5164
0.5465
0.5169
0.5336
0.5308999999999999
0.8119
0.5162
0.7312
0.5255000000000001
0.5307000000000001
0.5329
0.5479
0.5398999999999999
0.5329
0.8231
0.5419
0.5397000000000001
0.53
0.5394
0.5542
0.6092
0.6286
0.6367999999999999
0.7921999999999999
0.5119
0.5065999999999999
0.5053
0.505
0.5121
0.5049
0.49850000000000005
0.5072
0.852
0.5003
0.4996999999999999
0.6492
0.6101
0.5075000000000001
0.5172
0.5135
0.5146999999999999
0.7322
0.5293
0.5331
0.54
0.5456000000000001
0.5490999999999999
0.5468
0.5427000000000001
0.5323
0.7602000000000001
0.505
0.4958
0.507
0.5235
0.5103
0.5017
0.5006
0.501
0.6893
0.9902000000000001
0.5697
0.49510000000000004
0.5067999999999999
0.8825000000000001
0.5176999999999999
0.5115999999999999
0.5101
0.7458
0.5243
0.5024
0.5058
0.509
0.5225
0.5205000000000001
0.5273
0.5252
0.7333
0.515
0.5067
0.5138
0.5132
0.5178999999999999
0.5257999999999999
0.5333
0.5372
0.7477
0.7509
0.5425
0.5235
0.5178999999999999
0.5192
0.5189
0.7158000000000001
0.5149
0.7209
0.5154
0.5163
0.5189
0.5207
0.515
0.5272
0.5154
0.5062000000000001
0.7356
0.49720000000000003
0.5013
0.4998
0.5119
0.5197999999999999
0.5207
0.5168
0.5196000000000001
0.7282000000000001
0.5117
0.6299
0.5238
0.5256
0.507
0.5128
0.515
0.5114
0.8616
0.5680000000000001
0.4936
0.49779999999999996
0.5048
0.5163
0.515
0.5355
0.5236999999999999
0.7565000000000001
0.5079
0.5073
0.5033000000000001
0.5039
0.5056
0.5071
0.5028
0.49779999999999996
0.7262
0.4918
0.4937
0.4921
0.6074
0.49269999999999997
0.49589999999999995
0.4971
0.5024
0.7239
0.5075999999999999
0.496
0.6118
0.615
0.5083000000000001
0.5059
0.5196000000000001
0.5181
0.9769
0.7503
0.7569
0.6156999999999999
0.5314
0.5312
0.5356
0.5173000000000001
0.4935
0.734
0.49160000000000004
0.48879999999999996
0.5038
0.7496999999999999
0.8311
0.5129
0.5157
0.5075000000000001
0.745
0.5129
0.5024
0.5023
0.7105
0.5075000000000001
0.4956
0.491
0.5106
0.7151
0.48500000000000004
0.5003
0.4873
0.48879999999999996
0.4802
0.48519999999999996
0.4855
0.4986
0.7359
0.5142
0.5228
0.5133
0.5206
0.6336
0.5719
0.5774
0.5776
0.8039
0.5812999999999999
0.5747
0.5802
0.5775
0.5640000000000001
0.7741
0.5804
0.5825
0.8595
0.5469
0.5398999999999999
0.5607
0.6061000000000001
0.6108
0.6135999999999999
0.5498000000000001
0.5567000000000001
0.7843
0.5571
0.5637
0.5543
0.6733
0.5687
0.5624
0.5576
0.5467
0.7707
0.5303
0.525
0.5349
0.5395000000000001
0.5444
0.7627
0.5688
0.5791999999999999
0.8401
0.7087
0.5421999999999999
0.5528
0.5458999999999999
0.5450999999999999
0.5452
0.5362
0.5355
0.8506
0.5427000000000001
0.5279
0.7334
0.5156
0.5159
0.5125000000000001
0.5169
0.5231
0.764
0.5301
0.5524
0.5323
0.5305000000000001
0.5255000000000001
0.5259
0.9378000000000001
0.8365
1.0026
0.5263000000000001
0.527
0.5176000000000001
0.5195
0.5186000000000001
0.5135
0.5197
0.509
0.7475
0.515
0.524
0.5136000000000001
0.5107999999999999
0.5057
0.5045
0.4979
0.49510000000000004
0.7321
0.47800000000000004
0.4705
0.47100000000000003
0.46599999999999997
0.4706
0.47459999999999997
0.47909999999999997
0.6022
0.8285
0.4823
0.4822
0.4765
0.4706
0.4677
0.46799999999999997
0.4658
0.4646
0.4586
0.7229
0.4473
0.44989999999999997
0.4502
0.456
0.46
0.4529
0.457
0.45389999999999997
0.7049
0.4482
0.43429999999999996
0.4261
0.4222
0.4205
0.41800000000000004
0.4209
0.43150000000000005
0.4353
0.6560999999999999
0.4331
0.5505
0.44260000000000005
0.6454
0.4446
0.4442
0.4518
0.4563
0.6747
0.4566
0.44680000000000003
0.4477
0.4527
0.45330000000000004
0.4482
0.4469
0.45199999999999996
0.4761
0.7092999999999999
0.4487
0.4475
0.45
0.4576
0.4542
0.4554
0.4563
0.4543
0.6951
0.4597
0.4424
0.4414
0.4639
0.4522
0.5672
0.48569999999999997
0.4498
0.5639
0.7249
0.4432
0.4399
0.435
0.441
0.44670000000000004
0.4434
0.4525
0.451
0.7059
0.446
0.44470000000000004
0.4647
0.43879999999999997
0.44939999999999997
0.4348
0.43839999999999996
0.4451
0.4512
0.6866
0.4623
0.4645
0.4601
0.4521
0.4514
0.4473
0.4664
0.4503
0.8792
0.6578
0.5577
0.44089999999999996
0.6053999999999999
0.458
0.4564
0.45990000000000003
0.4532
0.4589
0.6809999999999999
0.4411
0.4366
0.44499999999999995
0.4464
0.4712
0.4444
0.4597
0.4562
0.6777000000000001
0.4883
0.4652
0.46759999999999996
0.47659999999999997
0.47869999999999996
0.4796
0.4896
0.49660000000000004
0.4919
0.7313000000000001
0.4933
0.6876
0.742
0.6827
0.5351
0.7102
0.6118
0.5863
0.8157000000000001
0.6037
0.6079
0.5486
0.5937
0.7349
0.63
0.5827
0.615
0.8609
0.5636
0.5961
0.6229
0.5584
0.5778
0.5585
0.5718
0.6005999999999999
0.8553000000000001
0.5638000000000001
0.9840999999999999
1.0304
0.7238
0.5286
0.8559
0.7707999999999999
0.7793
0.9102
0.5429999999999999
0.5488999999999999
0.6108
0.5563
0.5408999999999999
0.5168
0.5347999999999999
0.5064
0.9002
0.7388
0.7474
0.7555
0.7174
0.5351
0.5519999999999999
0.5458999999999999
0.5468
0.9460999999999999
0.8113
0.7553
0.7716999999999999
0.7137
0.5368
0.5724
0.5339999999999999
0.5310999999999999
0.7735
0.5424
0.539
0.5495
0.5411
0.5462
0.536
0.5331999999999999
0.5283
0.7240000000000001
0.5231
0.6507000000000001
0.6428
0.5558
0.4968
0.4958
0.4979
0.4996
0.7197
0.6552
0.5781999999999999
0.5184
0.5201
0.5283
0.5366000000000001
0.5661
0.545
0.7509
0.5389
0.5625
0.5466
0.5392
0.5343
0.5423
0.5479999999999999
0.5555
0.771
0.5519999999999999
0.6527
0.5314
0.5376
0.544
0.5509999999999999
0.5462
0.5559000000000001
0.8074
0.5634
0.6906
0.6650999999999999
0.5823999999999999
0.5796
0.6016
0.5672999999999999
0.8402000000000001
0.5651
0.57
0.585
0.5772
0.5772
0.5726
0.5735
0.5662
0.815
0.565
0.6623
0.566
0.5737
0.5668
0.5823999999999999
0.584
0.8199000000000001
0.6007
0.5923
0.5976
0.7268
0.5865
0.605
0.5786
0.5707000000000001
0.8586
0.5871000000000001
0.583
0.5653
0.5494
0.5516
0.5438
0.5481
0.8068
0.5310999999999999
0.6172000000000001
0.5429999999999999
0.5373
0.5304
0.5362
0.5253
0.5249
0.7961999999999999
0.5083000000000001
0.5126
0.5191
0.5212
0.6432
0.6156999999999999
0.7728
0.8030999999999999
0.7675
0.5339999999999999
0.541
0.5458999999999999
0.5434
0.5429999999999999
0.5318
0.5256
0.6855
0.7596999999999999
0.5379999999999999
0.5557
0.5333
0.532
0.5358999999999999
0.5475
0.5448999999999999
0.5429
0.7645
0.5411
0.598
0.5843
0.583
0.6225
0.7525999999999999
0.5215000000000001
0.5241
0.7496
0.5129
0.5052
0.5074
0.5077
0.5121
0.507
0.5042
0.5082
0.721
0.4925
0.524
0.4958
0.508
0.5096
0.5034
0.4954
0.5005
0.7187
0.5074
0.49879999999999997
0.5021
0.5056
0.5078
0.5075000000000001
0.5032
0.6684
0.9062
0.5896
0.5005
0.5263000000000001
0.49529999999999996
0.49629999999999996
0.4986
0.49660000000000004
0.5029
0.7452
0.49160000000000004
0.5013
0.5046999999999999
0.5317
0.5031
0.4968
0.4965
0.509
0.7004999999999999
0.4961
0.49799999999999994
0.4911
0.4808
0.4843
0.49
0.49319999999999997
0.49589999999999995
0.7401000000000001
0.6034999999999999
0.6242
0.5936
0.49810000000000004
0.5012000000000001
0.4973
0.5041
0.5035000000000001
0.7129000000000001
0.49799999999999994
0.4969
0.5038
0.5053
0.5136000000000001
0.5636
0.5255000000000001
0.5247
0.7634
0.5313
0.5299
0.5323
0.5318
0.5326000000000001
0.53
0.5192
0.5226999999999999
0.7504000000000001
0.5019
0.6503
0.7889
0.7794
0.5157
0.4889
0.48840000000000006
0.4849
0.7262
0.4842
0.4845
0.472
0.47150000000000003
0.46030000000000004
0.4598
0.48260000000000003
0.4661
0.6748000000000001
0.4628
0.4667
0.4657
0.4698
0.4697
0.482
0.4824
0.4875
0.4833
0.7172
0.4936
0.5509
0.6003000000000001
0.512
0.49700000000000005
0.5018
0.5982999999999999
0.6332
0.7247
0.4968
0.5049
0.5017
0.5006999999999999
0.4971
0.49589999999999995
0.4992
0.5011
0.757
0.4925
0.4874
0.4779
0.4824
0.49229999999999996
0.48950000000000005
0.4996999999999999
0.5069
0.7567
0.5136000000000001
0.5124
0.5169
0.5101
0.5095
0.6179
0.5054000000000001
0.5035999999999999
0.7051
0.6042000000000001
0.6085
0.5202
0.5283
0.5226999999999999
0.5329
0.5423
0.5403
0.7538999999999999
0.6016
0.5333
0.5389
0.5358999999999999
0.5351
0.5283
0.5249
0.5201
0.7448999999999999
0.5469
0.5295
0.5202
0.5096
0.5122
0.6298
0.5069
0.496
0.7277
0.4887
0.4961
0.61
0.6068
0.5326000000000001
0.536
0.5257999999999999
0.5245
0.7363
0.5119
0.5202
0.5164
0.5139
0.5169
0.5247
0.5384
0.5403
0.7759
0.5479999999999999
0.5552
0.5530999999999999
0.5497
0.5485000000000001
0.5419
0.8402000000000001
0.7822
0.7908000000000001
0.5368999999999999
0.5334
0.5395000000000001
0.7392
0.5548000000000001
0.531
0.5256
0.5252
0.7645
0.5294
0.5107999999999999
0.5134
0.5088
0.5148
0.5146999999999999
0.5225
0.5285
0.7815
0.5207
0.5203
0.5181
0.5236000000000001
0.5203
0.5251
0.7151
0.5297000000000001
0.8044
0.5408999999999999
0.5175
0.5218999999999999
0.5267
0.533
0.753
0.5508000000000001
0.5446
0.7609
0.5354
0.5376
0.5249
0.5268
0.5358
0.54
0.5444
0.5597
0.7826000000000001
0.5267
0.5265
0.5185
0.5178
0.5154
0.5119
0.8488
0.584
0.7147
0.5212
0.5176000000000001
0.5131
0.5145
0.5224
0.5178
0.6376
0.6062
0.7324999999999999
0.5067
0.5162
0.5126
0.5166
0.5207999999999999
0.5096999999999999
0.5072
0.5042
0.7446
0.5006
0.5074
0.5122
0.5014000000000001
0.5051
0.5048
0.5069
0.6422
0.7221000000000001
0.5006999999999999
0.5265
0.5061
0.5114
0.5035999999999999
0.503
0.5039
0.5088
0.7055
0.6976
0.4915
0.4808
0.4822
0.47709999999999997
0.4831
0.501
0.4824
0.6906
0.48119999999999996
0.48109999999999997
0.474
0.4756
0.4864
0.4933
0.5096
0.509
0.7538999999999999
0.7111
0.8170999999999999
0.5638000000000001
0.5161
0.51
0.506
0.5081
0.5069
0.7446
0.5203
0.5139
0.6034999999999999
0.6083
0.5105
0.5024
0.5016
0.5105
0.7207
0.49950000000000006
0.4912
0.4961
0.4964
0.49779999999999996
0.49470000000000003
0.4982
0.4969
0.7165
0.5029
0.6327
0.507
0.5077
0.51
0.5014000000000001
0.5044
0.6717
0.7501
0.5004000000000001
0.5057
0.5206
0.5242
0.5218
0.6356
0.6388
0.5286
0.7745
0.5272
0.5304
0.5358
0.5352
0.5426
0.5355
0.5346
0.528
0.7404
0.5236999999999999
0.5329
0.64
0.5347999999999999
0.5397000000000001
0.5379
0.5318999999999999
0.535
0.7445
0.54
0.5416000000000001
0.5351
0.5353
0.5354
0.5463
0.5482
0.7633
0.7632
0.5511999999999999
0.5661
0.5577
0.5635
0.5577
0.5549
0.5594
0.5599999999999999
0.8215
0.5812
0.6957000000000001
0.5773
0.611
0.6163
0.5377
0.5445
0.7995
0.5469999999999999
0.553
0.5527000000000001
0.5593
0.5518
0.5453
0.5447
0.5703
0.9785
0.5382
0.5342
0.537
0.5455
0.5509999999999999
0.5497
0.5484
0.5408999999999999
0.7831
0.5379999999999999
0.5318
0.8271
0.8272
0.5391
0.5315
0.5331999999999999
0.5268999999999999
0.7397
0.5244
0.5265
0.5253
0.5284000000000001
0.5331999999999999
0.5303
0.5506000000000001
0.526
0.8638
0.6468999999999999
0.5501
0.5546
0.5580999999999999
0.5561
0.55
0.5546
0.5404
0.7954
0.5561999999999999
0.6454
0.5372
0.5452
0.5457
0.5469
0.5434
0.5323
0.7419
0.5196000000000001
0.5245
0.5232
0.5249
0.5341
0.5317
0.5599
0.5213
0.7276
0.5225
0.6937
0.5301
0.5357
0.5368999999999999
0.5358999999999999
0.5361
0.539
0.805
0.5457
0.5996
0.6376
0.5618
0.5837
0.5701
0.5949
0.5937
0.864
0.5712
0.5672
0.5672
0.5697
0.5625
0.5925
0.571
0.5697
0.7973
0.8365999999999999
0.7298
0.5806
0.5802999999999999
0.5798
0.5758
0.5757
0.8368
0.7444
0.7232000000000001
0.5647
0.5643999999999999
0.5698
0.5624
0.5617000000000001
0.5363
0.7726999999999999
0.5205000000000001
0.5193
0.524
0.5183
0.5273
0.5511999999999999
0.5398999999999999
0.5463
0.9414
0.5495
0.6859999999999999
0.5776
0.513
0.514
0.5143
0.5232
0.5335
0.7598
0.8744999999999999
0.8105
0.5203
0.5157999999999999
0.5213
0.5218
0.5193
0.5273
0.7607
0.5164
0.5112
0.5077
0.5052
0.5498999999999999
0.5176999999999999
0.5207
0.518
0.7749
0.531
0.5194000000000001
0.63
0.6155
0.5215000000000001
0.5123000000000001
0.526
0.5297999999999999
0.7596999999999999
0.6196
0.5328
0.5464000000000001
0.5477000000000001
0.5639
0.5583
0.5837
0.5481
0.8359
0.5722
0.5749000000000001
0.5764
0.5730000000000001
0.6112
0.6095999999999999
0.5795
0.8294
0.5785
0.5801
0.5729
0.5672999999999999
0.7017
0.5518
0.5497
0.5368
0.7929999999999999
0.6296
0.5255000000000001
0.5336
0.539
0.5341
0.5346
0.5479
0.7856
0.5398000000000001
0.5358
0.526
0.5271
0.5211
0.5174
0.5783999999999999
0.5182
0.5109999999999999
0.8244
0.5205000000000001
0.5185
0.5212
0.5181
0.5277
0.6558999999999999
0.5913999999999999
0.7693
0.5148
0.7835
0.5326000000000001
0.51
0.5003
0.5102
0.5106
0.5065999999999999
0.4883
0.7438
0.4967
0.496
0.4896
0.48500000000000004
0.49200000000000005
0.4922
0.5083000000000001
0.7289
0.49089999999999995
0.4971
0.4954
0.499
0.5062000000000001
0.5046
0.5161
0.5151
0.5136000000000001
0.9551
0.5265
0.5287
0.896
0.7105
0.5308
0.5351
0.545
0.7659
0.5530999999999999
0.5355
0.5257999999999999
0.5283
0.5211
0.5102
0.5151
0.5109999999999999
0.4996999999999999
0.8129
0.508
0.4979
0.49089999999999995
0.4845
0.4827
0.4859
0.48990000000000006
0.7043
0.4785
0.588
0.5694
0.5488999999999999
0.5168
0.4758
0.47459999999999997
0.4828
0.4736
0.7172
0.4823
0.47419999999999995
0.47909999999999997
0.4768
0.4709
0.4797
0.48879999999999996
0.491
0.7511
0.4908
0.49319999999999997
0.49260000000000004
0.491
0.4874
0.49510000000000004
0.4784
0.4752
0.6960999999999999
0.4816
0.48519999999999996
0.4828
0.48919999999999997
0.6097
0.853
0.49870000000000003
0.4885
0.7707
0.4944
0.488
0.4816
0.4761
0.4737
0.46490000000000004
0.4637
0.4639
0.4563
0.7444
0.4688
0.4562
0.4473
0.4418
0.6511
0.5995
0.6562
0.4682
0.7246
0.4659
0.4629
0.46759999999999996
0.4663
0.4788
0.47590000000000005
0.6283000000000001
0.9129
1.0621
0.8245
0.4745
0.4789
0.4883
0.4861
0.4867
0.4802
0.4734
0.465
0.7081000000000001
0.4767
0.4681
0.4626
0.453
0.4608
0.46480000000000005
0.4534
0.4629
0.4745
0.7395
0.4697
0.4681
0.4708
0.4662
0.4849
0.464
0.7295
0.9606
0.7081999999999999
0.4775
0.4794
0.48000000000000004
0.4816
0.47709999999999997
0.47140000000000004
0.474
0.4751
0.4754
0.7316
0.46759999999999996
0.4835
0.4627
0.4682
0.47409999999999997
0.4839
0.4968
0.49910000000000004
0.7141
0.4993
0.4979
0.49229999999999996
0.48660000000000003
0.4822
0.4792
0.4781
0.6277
0.4641
0.8357
0.5919
0.462
0.46900000000000003
0.4763
0.4732
0.4726
0.4736
0.47
0.7092
0.4514
0.44930000000000003
0.449
0.4783
0.45990000000000003
0.453
0.45239999999999997
0.4552
0.4531
0.673
0.4584
0.4645
0.46490000000000004
0.46799999999999997
0.46799999999999997
0.47859999999999997
0.5003
0.4993
0.7385999999999999
0.6729
0.4965
0.4867
0.4813
0.6324
0.49019999999999997
0.49269999999999997
0.4967
0.4957
0.7607999999999999
0.5045
0.5098
0.5106
0.5004000000000001
0.6241000000000001
0.5067
0.5065999999999999
0.7484
0.5074
0.5065999999999999
0.5156
0.522
0.5232
0.5304
0.533
0.5188
0.5498999999999999
0.8196
0.5146000000000001
0.5063
0.5061
0.5041
0.5031
0.617
0.612
0.7257
0.515
0.5165000000000001
0.5162
0.5224
0.5232
0.5287
0.6378
0.8874
0.7648
0.8316
0.5225
0.5171
0.5220999999999999
0.5207999999999999
0.5312
0.5323
0.5254
0.7356
0.516
0.5272
0.5092
0.5065999999999999
0.5049
0.496
0.49620000000000003
0.5496
0.6377
0.7291
0.49470000000000003
0.4776
0.47459999999999997
0.6411
0.46299999999999997
0.45489999999999997
0.5793
0.4572
0.6907000000000001
0.4531
0.4529
0.4881
0.4731
0.47659999999999997
0.4719
0.47169999999999995
0.4657
0.4686
0.6819999999999999
0.4483
0.45439999999999997
0.45990000000000003
0.45580000000000004
0.4697
0.4609
0.4682
0.4684
0.6862
0.45899999999999996
0.5745
0.5599
0.451
0.4523
0.45
0.4504
0.4462
0.4672
0.7744
0.6904
0.566
0.5325
0.5569000000000001
0.588
0.48840000000000006
0.6833
0.5195
0.6977
0.4699
0.47550000000000003
0.4706
0.4628
0.4633
0.4646
0.4632
0.4633
0.4679
0.7567
0.4659
0.4616
0.5493
0.7858
0.4645
0.4507
0.4596
0.46099999999999997
0.8051
0.465
0.4621
0.4566
0.4663
0.4652
0.4747
0.4738
0.4617
0.464
0.6678
0.4532
0.4557
0.4545
0.4531
0.4525
0.455
0.4636
0.4496
0.6675
0.45830000000000004
0.451
0.4552
0.4562
0.45740000000000003
0.45849999999999996
0.4534
0.5978
0.6325999999999999
0.9404
0.46099999999999997
0.6941999999999999
0.7284999999999999
0.488
0.4526
0.4551
0.45849999999999996
0.4584
0.7033999999999999
0.4637
0.45330000000000004
0.45780000000000004
0.45389999999999997
0.4517
0.45
0.475
0.4573
0.44930000000000003
0.6769999999999999
0.44939999999999997
0.4486
0.4511
0.4449
0.4501
0.4486
0.451
0.4552
0.6784
0.5927
0.5547
0.4545
0.45609999999999995
0.5901
0.4654
0.46940000000000004
0.4611
0.45780000000000004
0.6695
0.44329999999999997
0.4406
0.4439
0.4458
0.44499999999999995
0.4452
0.4435
0.4516
0.6581
0.4551
0.47100000000000003
0.4376
0.4505
0.4545
0.4503
0.4497
0.44880000000000003
0.44539999999999996
0.6586
0.4503
0.4526
0.46
0.4627
0.4593
0.5921000000000001
0.537
0.6374
0.7262
0.4555
0.464
0.4645
0.4543
0.4563
0.4482
0.45399999999999996
0.4501
0.4415
0.6876
0.4406
0.4345
0.4395
0.44049999999999995
0.4674
0.4491
0.4553
0.4618
0.6986
0.46900000000000003
0.4638
0.47100000000000003
0.475
0.4767
0.48040000000000005
0.46940000000000004
0.4686
0.4765
0.8294
0.6844
0.46549999999999997
0.4702
0.4691
0.4623
0.45849999999999996
0.4659
0.45439999999999997
0.7039000000000001
0.6084
0.4885
0.45849999999999996
0.44880000000000003
0.44470000000000004
0.4465
0.46030000000000004
0.48109999999999997
0.4688
0.6652
0.44260000000000005
0.4345
0.4331
0.4293
0.4366
0.43570000000000003
0.43570000000000003
0.4305
0.6553
0.4308
0.42000000000000004
0.4321
0.4421
0.43810000000000004
1.0185000000000002
0.5139
0.4386
0.4434
0.6596
0.441
0.4458
0.45
0.45239999999999997
0.4486
0.4385
0.4365
0.44680000000000003
0.7098
0.442
0.575
0.45130000000000003
0.45199999999999996
0.4546
0.4515
0.4611
0.45849999999999996
0.4618
0.6586
0.4425
0.438
0.4375
0.43150000000000005
0.4296
0.4244
0.4263
0.43320000000000003
0.7599
0.5599
0.4269
0.4235
0.4263
0.4333
0.4406
0.4401
0.44739999999999996
0.4461
0.69
0.44279999999999997
0.44089999999999996
0.449
0.4568
0.5952999999999999
0.6239
0.4517
0.4527
0.6755
0.4553
0.4535
0.4512
0.453
0.4573
0.4656
0.4623
0.4843
0.4682
0.7163999999999999
0.4586
0.4757
0.4705
0.5599999999999999
0.5704
0.4575
0.46749999999999997
0.4596
0.6854
0.45130000000000003
0.4536
0.456
0.462
0.4654
0.4629
0.4618
0.5543
0.5663
0.721
0.46930000000000005
0.46440000000000003
0.4621
0.464
0.4634
0.4703
0.47150000000000003
0.4851
0.6991999999999999
0.4656
0.46099999999999997
0.4594
0.4589
0.4568
0.4557
0.4688
0.4847
0.6407999999999999
0.7716999999999999
0.49280000000000007
0.4937
0.49169999999999997
0.488
0.4861
0.48879999999999996
0.4889
0.4869
0.8136
0.7882
0.6194
0.4875
0.47869999999999996
0.48700000000000004
0.4844
0.48109999999999997
0.47709999999999997
0.696
0.4596
0.4532
0.4498
0.45580000000000004
0.462
0.4692
0.4699
0.4622
0.4625
0.6980000000000001
0.5391
0.5726
0.4661
0.4679
0.4687
0.4695
0.4668
0.48840000000000006
0.6859999999999999
0.47459999999999997
0.6092
0.5366000000000001
0.4743
0.4713
0.46799999999999997
0.4637
0.46480000000000005
0.4618
0.7228
0.4476
0.44129999999999997
0.4412
0.443
0.44289999999999996
0.4512
0.462
0.48250000000000004
0.6908
0.47419999999999995
0.4763
0.4667
0.46480000000000005
0.5412
0.5934999999999999
0.4751
0.47140000000000004
0.4594
0.6904
0.4547
0.45489999999999997
0.45830000000000004
0.5450999999999999
0.45370000000000005
0.44329999999999997
0.4446
0.44289999999999996
0.6602
0.4437
0.619
0.44989999999999997
0.4571
0.46480000000000005
0.467
0.4621
0.4588
0.4617
0.7208
0.482
0.4551
0.44270000000000004
0.4613
0.4394
0.4459
0.4453
0.447
0.7728
0.5289
0.4484
0.4453
0.44739999999999996
0.44289999999999996
0.45
0.4522
0.5498999999999999
0.45649999999999996
0.7089000000000001
0.4489
0.4432
0.4425
0.4432
0.4369
0.4392
0.434
0.4423
0.6645000000000001
0.4412
0.4511
0.4464
0.4529
0.4779
0.4509
0.4466
0.4418
0.4372
0.6494
0.43839999999999996
0.4348
0.4407
0.44329999999999997
0.5386
0.5376
0.44739999999999996
0.4472
0.6937
0.4506
0.6118
1.027
0.6695
0.7031000000000001
0.4636
0.47150000000000003
0.4452
0.4476
0.7184999999999999
0.4445
0.43560000000000004
0.43389999999999995
0.4307
0.4395
0.4698
0.43879999999999997
0.4411
0.6601
0.4438
0.4458
0.4394
0.4434
0.45130000000000003
0.4324
0.42769999999999997
0.4372
0.6082000000000001
0.6970000000000001
0.4203
0.4194
0.4194
0.5127
0.4229
0.42519999999999997
0.4261
0.42519999999999997
0.6244
0.41619999999999996
0.4095
0.4154
0.4059
0.41140000000000004
0.4172
0.4138
0.4112
0.4212
0.4219
0.6828
0.4515
0.4247
0.42700000000000005
0.42460000000000003
0.4263
0.4395
0.4491
0.43839999999999996
0.6702
0.43839999999999996
0.43820000000000003
0.43370000000000003
0.4327
0.5686000000000001
0.504
0.42969999999999997
0.4282
0.5220999999999999
0.7591
0.6725
0.669
0.6809000000000001
0.6829
0.6904
0.6928000000000001
0.6932
0.6996
0.8193
0.6715
0.45
0.4529
0.4602
0.456
0.4498
0.4567
0.4569
0.46549999999999997
0.6887
0.4688
0.4763
0.4794
0.5339999999999999
0.6308
0.4824
0.5891
0.4835
0.6934
0.4749
0.4779
0.4713
0.46299999999999997
0.47150000000000003
0.4774
0.4729
0.4815
0.4594
0.7136
0.4658
0.4744
0.513
0.4936
0.49169999999999997
0.49620000000000003
0.48950000000000005
0.49160000000000004
0.7508
0.4989
0.5019
0.5067999999999999
0.4937
0.49720000000000003
0.4989
0.4973
0.6926
1.1015000000000001
0.516
0.4798
0.49050000000000005
0.479
0.4872
0.4796
0.4801
0.4798
0.7029
0.4761
0.4776
0.4776
0.4815
0.5176000000000001
0.4992
0.48979999999999996
0.6624
0.7203
0.47419999999999995
0.4773
0.4726
0.46959999999999996
0.4719
0.4727
0.46759999999999996
0.4643
0.4713
0.7222
1.0427
0.4865
0.4887
0.48069999999999996
0.4876
0.47140000000000004
0.4724
0.4777
0.7177
0.48040000000000005
0.49010000000000004
0.4986
0.5011
0.4957
0.5053
0.49810000000000004
0.506
0.7266
0.49910000000000004
0.48700000000000004
0.4904
0.4925
0.49129999999999996
0.4933
0.5035000000000001
0.5102
0.7336
0.519
0.5157999999999999
0.7007
0.6399
0.5777
0.4983
0.49720000000000003
0.495
0.7359
0.486
0.4885999999999999
0.4833
0.5025000000000001
0.4827
0.4868
0.4964
0.5115000000000001
0.758
0.48939999999999995
0.46940000000000004
0.4645
0.4687
0.4704
0.4684
0.482
0.4643
0.4677
0.7239
0.46890000000000004
0.47209999999999996
0.462
0.4569
0.6332
0.4612
0.5603
0.594
0.7017
0.4541
0.44920000000000004
0.4522
0.4518
0.4517
0.4548
0.4541
0.44989999999999997
0.4482
0.6681
0.5004000000000001
0.43429999999999996
0.4309
0.4321
0.4391
0.43970000000000004
0.4387
0.43389999999999995
0.6493
0.4485
0.44020000000000004
0.4341
0.4312
0.4263
0.42250000000000004
0.4177
0.4168
0.5127
1.0483
0.4547
0.5287999999999999
0.5495
0.4312
0.4309
0.4268
0.4189
0.423
0.6342
0.42410000000000003
0.4248
0.4212
0.423
0.4211
0.4295
0.42279999999999995
0.4249
0.4254
0.6224
0.4281
0.4307
0.431
0.4265
0.42260000000000003
0.4214
0.4248
0.4278
0.6467
0.4359
0.4218
0.42069999999999996
0.5023
0.41750000000000004
0.4105
0.42410000000000003
0.4287
0.4314
0.7315
0.48819999999999997
0.4219
0.4179
0.4174
0.42260000000000003
0.41800000000000004
0.4143
0.4174
0.43879999999999997
0.6675
0.42250000000000004
0.4045
0.4056
0.41590000000000005
0.40900000000000003
0.4128
0.41140000000000004
0.4144
0.4099
0.6148
0.4111
0.40850000000000003
0.4095
0.40650000000000003
0.4029
0.3957
0.3921
0.3963
0.3963
0.7896
0.4057
0.4028
0.3976
0.3963
0.399
0.4081
0.5936
0.4264
0.4081
0.6605
0.4022
0.4029
0.40299999999999997
0.4084
0.4112
0.402
0.414
0.4037
0.4011
0.6325999999999999
0.4074
0.40900000000000003
0.41459999999999997
0.4188
0.4115
0.4083
0.4043
0.3996
0.3995
0.6061000000000001
0.4066
0.4063
0.4031
0.4022
0.6851
0.5916
0.6131
0.4288
0.4761
0.7583
0.4211
0.5419
0.47590000000000005
0.4491
0.43879999999999997
0.4359
0.4242
0.4638
0.4145
0.7886
0.4289
0.45899999999999996
0.4329
0.4303
0.4174
0.41350000000000003
0.4144
0.44710000000000005
0.4858
0.6843
0.49410000000000004
0.422
0.4348
0.4795
0.43570000000000003
0.6352000000000001
1.0472000000000001
0.7189
0.7695
0.6801
0.5552
0.6890000000000001
0.5971000000000001
0.6605
0.5969
0.6765
0.47709999999999997
0.4358
0.531
0.7265
0.4034
0.4032
0.3987
0.39649999999999996
0.4078
0.4081
0.4149
0.4191
0.4102
0.6476000000000001
0.4041
0.4091
0.40650000000000003
0.46490000000000004
0.3942
0.3993
0.4062
0.3897
0.4043
0.6213
0.3878
0.3798
0.3781
0.37829999999999997
0.3796
0.3882
0.5134
0.4765
0.3779
0.6246999999999999
0.3708
0.4255
0.3851
0.4074
0.38430000000000003
0.4017
0.3741
0.37829999999999997
0.38039999999999996
0.6177999999999999
0.3709
0.375
0.3742
0.378
0.3787
0.4014
0.3876
0.4149
0.3991
0.6229
0.5353
0.40259999999999996
0.39780000000000004
0.3989
0.3973
0.3942
0.39780000000000004
0.4042
0.4106
0.6198
0.40059999999999996
0.4001
0.4041
0.40049999999999997
0.5310999999999999
0.4567
0.39399999999999996
0.39809999999999995
0.4176
0.6249
0.3879
0.392
0.3918
0.38939999999999997
0.3929
0.3942
0.3911
0.4043
0.3869
0.6095999999999999
0.3884
0.382
0.3781
0.3702
0.3699
0.37070000000000003
0.36910000000000004
0.4876
0.3793
0.583
0.3827
0.3832
0.37379999999999997
0.3767
0.3747
0.3746
0.3729
0.3704
0.3678
0.5847
0.35960000000000003
0.35760000000000003
0.35619999999999996
0.4641
0.45899999999999996
0.3675
0.3991
0.3725
0.3726
0.6373000000000001
0.3737
0.3729
0.37429999999999997
0.3781
0.3745
0.3745
0.3821
0.3794
0.3821
0.6196
0.3905
0.38180000000000003
0.3793
0.3816
0.3807
0.6289
0.6295
0.4817
0.3813
0.6585
0.3692
0.3736
0.3746
0.3762
0.373
0.4036
0.3836
0.37970000000000004
0.38020000000000004
0.6199
0.3717
0.5035000000000001
0.4815
0.3706
0.3681
0.373
0.37589999999999996
0.3725
0.3705
0.5972
0.3639
0.366
0.37139999999999995
0.3665
0.361
0.3622
0.3618
0.3871
0.36279999999999996
0.35609999999999997
0.5908000000000001
0.3487
0.4179
0.3476
0.3487
0.3482
0.34900000000000003
0.35100000000000003
0.3528
0.3497
0.5693
0.3498
0.3473
0.3499
0.34459999999999996
0.34890000000000004
0.3649
0.34509999999999996
0.347
0.5079
0.3497
0.5805
0.4731
0.45399999999999996
0.3535
0.35819999999999996
0.3612
0.3618
0.3609
0.366
0.3624
0.6404
0.3657
0.36729999999999996
0.3684
0.36460000000000004
0.3626
0.3612
0.35760000000000003
0.3533
0.3532
0.3559
0.735
0.35169999999999996
0.3494
0.3493
0.3493
0.3554
0.3589
0.34919999999999995
0.35159999999999997
0.3523
0.5904
0.3612
0.35819999999999996
0.36279999999999996
0.3518
0.3674
0.35300000000000004
0.3551
0.3569
0.3546
0.38220000000000004
0.7028
0.4622
0.3543
0.3565
0.35579999999999995
0.3617
0.3598
0.3581
0.36200000000000004
0.358
0.5854
0.3619
0.3565
0.3573
0.35550000000000004
0.3564
0.3549
0.3519
0.3581
0.5005
0.3518
0.5815
0.3498
0.3493
0.35
0.3461
0.3454
0.34259999999999996
0.3402
0.34459999999999996
0.3435
0.5968
0.3546
0.3535
0.3572
0.3511
0.3513
0.3531
0.3737
0.37579999999999997
0.3556
0.3608
0.6623
0.46040000000000003
0.35100000000000003
0.35100000000000003
0.3653
0.35159999999999997
0.3542
0.3543
0.3584
0.3624
0.5871999999999999
0.3606
0.3511
0.35340000000000005
0.3484
0.3483
0.3461
0.5918
0.5468
0.46
0.3548
0.5871000000000001
0.35369999999999996
0.35159999999999997
0.35100000000000003
0.35050000000000003
0.372
0.3538
0.3484
0.3533
0.3566
0.5709000000000001
0.3611
0.357
0.363
0.356
0.36929999999999996
0.359
0.3617
0.36279999999999996
0.366
0.46240000000000003
0.7024
0.36900000000000005
0.367
0.3681
0.3692
0.3705
0.3719
0.3765
0.38079999999999997
0.3789
0.5991
0.382
0.3708
0.4885
0.3642
0.3619
0.3606
0.36210000000000003
0.365
0.3634
0.3664
0.5919
0.368
0.36200000000000004
0.36200000000000004
0.3612
0.3635
0.3771
0.3683
0.37520000000000003
0.37320000000000003
0.6108
0.4473
0.40440000000000004
0.377
0.3742
0.3702
0.3765
0.3761
0.4703
0.4896
0.6085
0.3688
0.36860000000000004
0.3664
0.3642
0.36269999999999997
0.3613
0.3683
0.3643
0.367
0.6002
0.36469999999999997
0.3622
0.3586
0.3595
0.352
0.3585
0.3573
0.3608
0.3578
0.35409999999999997
0.5601
0.3531
0.3518
0.3527
0.3533
0.3512
0.3519
0.3474
0.3518
0.35619999999999996
0.6505000000000001
0.3483
0.3486
0.3457
0.34890000000000004
0.3478
0.35790000000000005
0.35750000000000004
0.3593
0.475
0.4511
0.5932
0.35340000000000005
0.35369999999999996
0.3535
0.356
0.3523
0.3572
0.3577
0.35960000000000003
0.3816
0.5934
0.3581
0.3557
0.35550000000000004
0.3547
0.357
0.35550000000000004
0.3568
0.36000000000000004
0.3574
0.3563
0.5737
0.34890000000000004
0.34600000000000003
0.3462
0.34650000000000003
0.34650000000000003
0.3472
0.3487
0.34850000000000003
0.643
0.8685999999999999
0.5831999999999999
0.5143
0.5175
0.5539
0.642
0.7251
0.519
0.4943
0.5101
0.41819999999999996
0.8656999999999999
0.5564
0.5746
0.6354000000000001
0.4665
0.4144
0.36929999999999996
0.378
0.3658
0.38989999999999997
0.6023
0.3665
0.36279999999999996
0.3624
0.3572
0.3552
0.36469999999999997
0.3474
0.3549
0.5478
0.3676
0.5932999999999999
0.3682
0.3687
0.36460000000000004
0.364
0.3659
0.36450000000000005
0.3626
0.3612
0.4509
0.7236
0.36769999999999997
0.3643
0.3578
0.3608
0.3573
0.3782
0.3547
0.3563
0.35750000000000004
0.3554
0.5873
0.34919999999999995
0.34640000000000004
0.3547
0.3388
0.3434
0.3382
0.3392
0.3391
0.3484
0.6008
0.3473
0.3463
0.3497
0.3512
0.3528
0.4751
0.5372
0.3577
0.3605
0.3636
0.606
0.3629
0.36160000000000003
0.3664
0.3585
0.35819999999999996
0.359
0.355
0.46490000000000004
0.4723
0.5833
0.3661
0.35609999999999997
0.359
0.381
0.3611
0.3552
0.3535
0.3522
0.35369999999999996
0.3547
0.5704
0.3482
0.3479
0.3459
0.3454
0.34509999999999996
0.3441
0.3417
0.3452
0.3418
0.5624
0.3326
0.3338
0.3301
0.4224
0.3393
0.3401
0.3434
0.3432
0.34469999999999995
0.3442
0.5608
0.3388
0.3391
0.3366
0.3369
0.3416
0.3428
0.3469
0.3469
0.4547
0.674
0.3545
0.3487
0.37110000000000004
0.34509999999999996
0.3461
0.34440000000000004
0.34890000000000004
0.3472
0.3488
0.3493
0.5696
0.3466
0.3417
0.3428
0.342
0.34059999999999996
0.3389
0.33340000000000003
0.3364
0.3367
0.5798
0.3303
0.3304
0.49339999999999995
0.5024
0.5441
0.4674
0.3387
0.3344
0.335
0.335
0.5722
0.332
0.3279
0.331
0.337
0.335
0.3352
0.3409
0.3412
0.4667
0.6707
0.3527
0.342
0.345
0.34890000000000004
0.3483
0.3458
0.3476
0.34509999999999996
0.3461
0.34909999999999997
0.5703
0.34469999999999995
0.3386
0.339
0.3391
0.34650000000000003
0.3456
0.3472
0.34890000000000004
0.35710000000000003
0.5789000000000001
0.4562
0.35
0.3581
0.3594
0.3653
0.3617
0.36010000000000003
0.3589
0.36000000000000004
0.3674
0.5881000000000001
0.3639
0.36519999999999997
0.3605
0.35550000000000004
0.3551
0.357
0.3499
0.3557
0.4683
0.7110000000000001
0.3624
0.3637
0.36469999999999997
0.3612
0.3586
0.36210000000000003
0.36519999999999997
0.374
0.3778
0.3812
0.6077
0.3806
0.3883
0.38739999999999997
0.38249999999999995
0.3831
0.38470000000000004
0.3951
0.39490000000000003
0.4335
0.6034
0.419
0.3877
0.4021
0.38489999999999996
0.38039999999999996
0.3815
0.3789
0.3767
0.375
0.5875
0.3695
0.3605
0.3605
0.3665
0.3649
0.3688
0.3689
0.559
0.4048
0.603
0.3744
0.37560000000000004
0.3767
0.3799
0.5915
0.37429999999999997
0.37070000000000003
0.3661
0.37
0.6126
0.3713
0.3696
0.3687
0.366
0.3626
0.4632
0.3643
0.364
0.3595
0.571
0.3413
0.3389
0.3376
0.3408
0.3418
0.34919999999999995
0.3514
0.3499
0.35050000000000003
0.3488
0.5571
0.3391
0.3417
0.3409
0.3414
0.34440000000000004
0.3544
0.3507
0.5582
0.3696
0.5716
0.35369999999999996
0.3475
0.3566
0.3539
0.3519
0.3481
0.3453
0.3357
0.3339
0.3339
0.5984999999999999
0.3363
0.33530000000000004
0.33399999999999996
0.3343
0.5525
0.5383
0.5029
0.3338
0.3307
0.566
0.32899999999999996
0.3286
0.32699999999999996
0.3312
0.348
0.3318
0.3297
0.3304
0.3347
0.3339
0.5609000000000001
0.33
0.3273
0.3305
0.42260000000000003
0.32939999999999997
0.3339
0.33359999999999995
0.46349999999999997
0.4021
0.5699000000000001
0.3326
0.3297
0.3317
0.3311
0.3302
0.35
0.3305
0.32870000000000005
0.3352
0.3352
0.5523
0.33330000000000004
0.33240000000000003
0.33149999999999996
0.3577
0.3323
0.3296
0.3314
0.32949999999999996
0.3312
0.5609999999999999
0.3318
0.3289
0.3305
0.3284
0.3271
0.3277
0.32830000000000004
0.32939999999999997
0.3302
0.3306
0.5492
0.3302
0.3281
0.3303
0.3291
0.4153
0.32899999999999996
0.3313
0.3273
0.3344
0.641
0.439
0.3291
0.3309
0.3296
0.3293
0.3296
0.331
0.32939999999999997
0.33530000000000004
0.3339
0.5705
0.33340000000000003
0.34890000000000004
0.331
0.3337
0.3574
0.3298
0.3313
0.3286
0.3313
0.578
0.3297
0.3275
0.3298
0.3298
0.3272
0.3273
0.328
0.32939999999999997
0.3301
0.3307
0.5589
0.32949999999999996
0.32880000000000004
0.3289
0.3289
0.328
0.41169999999999995
0.3291
0.3268
0.3337
0.5415
0.3291
0.3273
0.4465
0.4209
0.3303
0.32949999999999996
0.3342
0.32870000000000005
0.3347
0.33240000000000003
0.5900000000000001
0.3338
0.3326
0.3327
0.33330000000000004
0.33359999999999995
0.3531
0.3325
0.3301
0.3311
0.5653
0.3309
0.3286
0.3296
0.32880000000000004
0.3281
0.3281
0.3286
0.33080000000000004
0.32989999999999997
0.33149999999999996
0.5598
0.32939999999999997
0.3278
0.32880000000000004
0.3286
0.3272
0.3272
0.6034999999999999
0.5469
0.4014
0.5719
0.32939999999999997
0.3286
0.3297
0.4425
0.4275
0.3312
0.3316
0.3297
0.3357
0.3356
0.5680000000000001
0.3347
0.33359999999999995
0.3318
0.33359999999999995
0.34049999999999997
0.32939999999999997
0.3318
0.3291
0.3316
0.5568
0.3307
0.3277
0.3293
0.3278
0.3276
0.32830000000000004
0.3282
0.32899999999999996
0.3301
0.3331
0.544
0.32939999999999997
0.3298
0.32989999999999997
0.3296
0.328
0.4267
0.32949999999999996
0.3268
0.3342
0.5433
0.3293
0.3276
0.32899999999999996
0.3293
0.3273
0.32689999999999997
0.4312
0.42519999999999997
0.3344
0.3342
0.6592
0.3362
0.3341
0.33330000000000004
0.3559
0.3342
0.3389
0.33399999999999996
0.3312
0.3326
0.7187
0.33330000000000004
0.32989999999999997
0.3328
0.3297
0.32880000000000004
0.32949999999999996
0.3307
0.3297
0.3319
0.3318
0.5929000000000001
0.3312
0.3306
0.332
0.32989999999999997
0.3289
0.4808
0.4322
0.3292
0.3362
0.6221
0.33359999999999995
0.33
0.3311
0.3302
0.3301
0.3292
0.3302
0.4249
0.44499999999999995
0.3355
0.5574
0.3347
0.3331
0.3332
0.3338
0.3413
0.331
0.33349999999999996
0.3306
0.33359999999999995
0.5640000000000001
0.3311
0.348
0.3303
0.32830000000000004
0.3275
0.3278
0.3289
0.32880000000000004
0.3301
0.3312
0.6151000000000001
0.3301
0.3285
0.3296
0.32870000000000005
0.3284
0.4516
0.36019999999999996
0.3291
0.3348
0.6018
0.33080000000000004
0.3275
0.3292
0.32870000000000005
0.3278
0.32870000000000005
0.32870000000000005
0.3262
0.3341
0.4334
0.7045
0.3347
0.3327
0.3321
0.33399999999999996
0.3461
0.3307
0.3342
0.3332
0.3337
0.5542
0.3322
0.32989999999999997
0.3309
0.32899999999999996
0.32830000000000004
0.3285
0.3278
0.3301
0.3307
0.3317
0.5605
0.33080000000000004
0.32939999999999997
0.3306
0.3284
0.3277
0.4627
0.5768
0.5071
0.3359
0.5586
0.3313
0.3293
0.3302
0.35
0.32830000000000004
0.3279
0.3286
0.3255
0.33599999999999997
0.333
0.6123
0.457
0.3345
0.3323
0.3564
0.3862
0.3314
0.335
0.3327
0.3341
0.5680999999999999
0.3321
0.3292
0.3307
0.3296
0.3293
0.3289
0.3296
0.3305
0.3311
0.3513
0.5727
0.32949999999999996
0.3286
0.3305
0.32899999999999996
0.328
0.7129000000000001
0.3495
0.3289
0.3356
0.5582
0.3303
0.328
0.35090000000000005
0.3289
0.32739999999999997
0.32830000000000004
0.32870000000000005
0.3264
0.3339
0.33399999999999996
0.5458000000000001
0.4511
0.44089999999999996
0.3332
0.34099999999999997
0.3344
0.331
0.3348
0.3322
0.3345
0.5538000000000001
0.3323
0.32870000000000005
0.331
0.32899999999999996
0.3285
0.3285
0.3285
0.3297
0.3319
0.3306
0.565
0.3303
0.32830000000000004
0.3301
0.32989999999999997
0.44949999999999996
0.3285
0.32899999999999996
0.3276
0.33530000000000004
0.5565
0.32939999999999997
0.3275
0.3289
0.32830000000000004
0.3278
0.3268
0.32880000000000004
0.3261
0.3344
0.33240000000000003
0.5592
0.33359999999999995
0.33080000000000004
0.3306
0.44930000000000003
0.455
0.3323
0.3344
0.3309
0.33340000000000003
0.5642
0.332
0.3297
0.33149999999999996
0.3301
0.3278
0.3296
0.3304
0.3311
0.3312
0.3318
0.5613
0.331
0.3279
0.3297
0.3284
0.3463
0.4274
0.3317
0.3282
0.3359
0.5856
0.5112
0.4442
0.48529999999999995
0.4498
0.33240000000000003
0.3325
0.3325
0.333
0.3347
0.3343
0.5791000000000001
0.3346
0.33349999999999996
0.33330000000000004
0.4716
0.3992
0.5027
0.5938
0.3346
0.3361
0.5757
0.33530000000000004
0.3326
0.3344
0.3321
0.3317
0.3325
0.3318
0.3327
0.3331
0.3317
0.5479999999999999
0.3301
0.32899999999999996
0.6848
0.5088999999999999
0.4636
0.3316
0.33149999999999996
0.3297
0.3362
0.5618
0.35159999999999997
0.3298
0.3307
0.32899999999999996
0.32949999999999996
0.3284
0.3289
0.3276
0.3359
0.3343
0.5781000000000001
0.3342
0.3564
0.3319
0.4504
0.4392
0.3323
0.33359999999999995
0.34650000000000003
0.3344
0.5898
0.3331
0.3414
0.333
0.3311
0.3286
0.32989999999999997
0.32989999999999997
0.32989999999999997
0.332
0.3323
0.5698
0.3303
0.4188
0.3311
0.3302
0.3286
0.3293
0.3296
0.3278
0.3357
0.5540999999999999
0.3293
0.3272
0.32899999999999996
0.3279
0.3273
0.3271
0.3277
0.3262
0.3344
0.3332
0.6164999999999999
0.33330000000000004
0.35550000000000004
0.3307
0.3327
0.3311
0.43770000000000003
0.4417
0.3454
0.33399999999999996
0.565
0.33330000000000004
0.3312
0.3331
0.3301
0.3291
0.3311
0.3383
0.33149999999999996
0.3322
0.33290000000000003
0.5572
0.3321
0.32870000000000005
0.5329
0.33080000000000004
0.3296
0.32989999999999997
0.3302
0.3289
0.354
0.5609000000000001
0.3317
0.3279
0.3297
0.3282
0.3286
0.32689999999999997
0.32899999999999996
0.3253
0.3345
0.3352
0.5463
0.3339
0.3316
0.3629
0.332
0.3314
0.3277
0.3317
0.3297
0.46599999999999997
0.5836
0.332
0.34640000000000004
0.33349999999999996
0.33080000000000004
0.32899999999999996
0.331
0.3314
0.3323
0.33240000000000003
0.3313
0.578
0.3306
0.32939999999999997
0.423
0.3302
0.3286
0.3286
0.32939999999999997
0.3278
0.3359
0.54
0.3306
0.3275
0.3292
0.3281
0.3279
0.32689999999999997
0.3286
0.32670000000000005
0.3348
0.33340000000000003
0.5992000000000001
0.33290000000000003
0.3317
0.4275
0.5474
0.5031
0.3594
0.33990000000000004
0.3316
0.3322
0.6959
0.3338
0.3303
0.33290000000000003
0.3309
0.3292
0.3313
0.3317
0.3327
0.3326
0.33149999999999996
0.5521
0.3319
0.3357
0.32989999999999997
0.3282
0.32899999999999996
0.3282
0.32949999999999996
0.3276
0.3355
0.5563
0.32989999999999997
0.3282
0.3298
0.3286
0.32870000000000005
0.3284
0.32949999999999996
0.326
0.33399999999999996
0.3422
0.5569000000000001
0.3327
0.3326
0.42719999999999997
0.3326
0.3311
0.3282
0.3317
0.3306
0.33149999999999996
0.5509999999999999
0.33080000000000004
0.4295
0.44329999999999997
0.3303
0.3293
0.3318
0.33240000000000003
0.333
0.333
0.3317
1.2212
0.34600000000000003
0.3352
0.3361
0.33290000000000003
0.33349999999999996
0.3325
0.34459999999999996
0.3319
0.339
0.5494
0.33330000000000004
0.3301
0.3321
0.3303
0.3306
0.3296
0.3311
0.3279
0.3379
0.3369
0.5509999999999999
0.3359
0.5061
0.36210000000000003
0.5670999999999999
0.4484
0.3827
0.4092
0.4188
0.3633
0.8246
0.5455
0.5131
0.3441
0.33849999999999997
0.33809999999999996
0.33849999999999997
0.33849999999999997
0.3361
0.3362
0.3417
0.5733999999999999
0.33490000000000003
0.3317
0.3328
0.3325
0.3309
0.331
0.3318
0.3305
0.3379
0.5640000000000001
0.33149999999999996
0.3296
0.3304
0.32989999999999997
0.33
0.49839999999999995
0.3332
0.3291
0.33809999999999996
0.4563
0.558
0.33540000000000003
0.33399999999999996
0.3331
0.3345
0.33290000000000003
0.32939999999999997
0.333
0.3305
0.33240000000000003
0.5605
0.494
0.5826
0.48319999999999996
0.3457
0.3325
0.3337
0.3341
0.33399999999999996
0.3577
0.3328
0.5695
0.3344
0.332
0.3322
0.3314
0.3303
0.33149999999999996
0.3309
0.3298
0.35369999999999996
0.5773
0.3309
0.32880000000000004
0.3495
0.32939999999999997
0.3279
0.3276
0.3284
0.3261
0.4782
0.5530999999999999
0.7594000000000001
0.3379
0.3344
0.3345
0.3565
0.33330000000000004
0.33080000000000004
0.3351
0.3317
0.33330000000000004
0.5640000000000001
0.48979999999999996
0.5085
0.474
0.33340000000000003
0.333
0.3346
0.36000000000000004
0.3341
0.3351
0.33349999999999996
0.6501
0.3344
0.3322
0.3319
0.3316
0.3304
0.3306
0.3316
0.3305
0.3369
0.5616
0.3309
0.32870000000000005
0.3435
0.3297
0.32870000000000005
0.32899999999999996
0.4122
0.4194
0.3372
0.3361
0.5810000000000001
0.3348
0.3327
0.3323
0.3341
0.3338
0.3303
0.33290000000000003
0.3316
0.3327
0.5494
0.4703
0.456
0.33399999999999996
0.3316
0.3306
0.3547
0.3337
0.3328
0.33399999999999996
0.3322
0.5864
0.3325
0.3304
0.33149999999999996
0.32949999999999996
0.32989999999999997
0.3296
0.3304
0.328
0.3359
0.5592
0.32989999999999997
0.3279
0.3286
0.3292
0.3281
0.32739999999999997
0.4322
0.3277
0.3355
0.33340000000000003
0.5630000000000001
0.33530000000000004
0.3328
0.332
0.3332
0.3318
0.3281
0.33290000000000003
0.3313
0.34959999999999997
0.5572
0.3304
0.32899999999999996
0.4452
0.4255
0.3436
0.3523
0.3331
0.33240000000000003
0.3338
0.3325
0.6127
0.3339
0.3313
0.3326
0.3317
0.32870000000000005
0.32899999999999996
0.3304
0.3282
0.3361
0.5547
0.33
0.32899999999999996
0.3291
0.3291
0.3278
0.3273
0.421
0.3415
0.3351
0.3341
0.5630000000000001
0.3341
0.3328
0.3312
0.3327
0.3325
0.3289
0.3332
0.3305
0.3317
0.5545
0.3311
0.3292
0.3301
0.3296
0.3281
0.453
0.4612
0.3328
0.3342
0.3432
0.5549
0.332
0.3312
0.333
0.33080000000000004
0.3309
0.3303
0.331
0.3277
0.3356
0.5693
0.3302
0.3493
0.3282
0.3284
0.3275
0.3271
0.3285
0.5253
0.5058
0.45239999999999997
0.5729
0.3351
0.3338
0.33290000000000003
0.3338
0.3339
0.3297
0.33240000000000003
0.3502
0.33240000000000003
0.5450999999999999
0.33080000000000004
0.32880000000000004
0.3305
0.3301
0.328
0.3284
0.4528
0.453
0.3337
0.333
0.5923
0.33290000000000003
0.3316
0.33240000000000003
0.3303
0.33080000000000004
0.3317
0.3313
0.32949999999999996
0.3343
0.5483
0.3307
0.3291
0.3296
0.3293
0.3282
0.3278
0.47600000000000003
0.3293
0.3358
0.3352
0.5649000000000001
0.3343
0.3337
0.3342
0.33399999999999996
0.33349999999999996
0.3293
0.33359999999999995
0.3532
0.5
0.565
0.33240000000000003
0.3296
0.3322
0.35209999999999997
0.32899999999999996
0.3293
0.3529
0.3303
0.4364
0.42939999999999995
0.5662
0.3343
0.3302
0.3328
0.3305
0.3312
0.3318
0.3319
0.33
0.33540000000000003
0.5678000000000001
0.3311
0.3285
0.3302
0.33080000000000004
0.3282
0.3273
0.4418
0.5168
0.3352
0.3355
0.5777
0.3342
0.3322
0.3313
0.33349999999999996
0.3325
0.3289
0.35300000000000004
0.3311
0.3321
0.5723
0.3314
0.3285
0.3305
0.32899999999999996
0.3279
0.3284
0.3584
0.3302
0.3312
0.33240000000000003
0.8089
0.3467
0.3312
0.333
0.3311
0.3312
0.3317
0.3319
0.3313
0.33490000000000003
0.5894999999999999
0.3304
0.3296
0.3302
0.33
0.3292
0.3293
0.46040000000000003
0.32870000000000005
0.35409999999999997
0.3351
0.5733999999999999
0.33399999999999996
0.35159999999999997
0.3318
0.3337
0.3321
0.32949999999999996
0.3332
0.3309
0.3317
0.5723
0.33080000000000004
0.3282
0.3298
0.3292
0.3278
0.3291
0.3358
0.3302
0.3307
0.3316
0.5465
0.3311
0.4838
0.3639
0.3313
0.3314
0.3314
0.3316
0.33
0.3352
0.558
0.3316
0.3307
0.3311
0.3296
0.32939999999999997
0.32949999999999996
0.3291
0.6819000000000001
0.5391
0.38880000000000003
0.5672
0.3362
0.3343
0.3328
0.3342
0.3325
0.3309
0.3331
0.3319
0.33290000000000003
0.5539
0.3316
0.3297
0.3312
0.3293
0.32880000000000004
0.3282
0.3358
0.33
0.3323
0.33240000000000003
0.5619000000000001
0.3309
0.3285
0.4476
0.4212
0.3306
0.3319
0.3543
0.3314
0.33540000000000003
0.5540999999999999
0.3322
0.32989999999999997
0.3313
0.3298
0.3277
0.3325
0.443
0.3429
0.3351
0.3347
0.5654
0.33540000000000003
0.3326
0.3318
0.3328
0.3341
0.32870000000000005
0.33330000000000004
0.3312
0.3321
0.544
0.3306
0.3286
0.33
0.3291
0.32899999999999996
0.3289
0.424
0.3577
0.3348
0.3328
0.5586
0.33149999999999996
0.3302
0.332
0.3307
0.44270000000000004
0.45130000000000003
0.3326
0.3313
0.3365
0.5796
0.33340000000000003
0.3307
0.33349999999999996
0.33080000000000004
0.33
0.3303
0.3549
0.32739999999999997
0.3352
0.3346
0.5532
0.3345
0.333
0.3325
0.33359999999999995
0.33240000000000003
0.3469
0.33290000000000003
0.3314
0.3322
0.575
0.33149999999999996
0.32949999999999996
0.3309
0.3296
0.3291
0.32880000000000004
0.3302
0.4359
0.3318
0.3325
0.5566
0.3313
0.32949999999999996
0.3314
0.3301
0.3411
0.3285
0.3296
0.4789
0.39540000000000003
0.5969
0.34890000000000004
0.3296
0.3325
0.3313
0.3306
0.3314
0.33080000000000004
0.3678
0.3348
0.3356
0.5695
0.33349999999999996
0.332
0.332
0.3326
0.3331
0.3397
0.333
0.3316
0.3326
0.5509999999999999
0.3313
0.3284
0.3302
0.3292
0.3282
0.3273
0.3291
0.4104
0.5159
0.5199
0.6264000000000001
0.3327
0.32949999999999996
0.3307
0.3311
0.4845
0.3323
0.3328
0.4244
0.45199999999999996
0.5844999999999999
0.33290000000000003
0.331
0.3321
0.3311
0.3317
0.3319
0.4553
0.34
0.3466
0.35369999999999996
0.6161
0.3387
0.3348
0.33599999999999997
0.3366
0.3351
0.3322
0.335
0.3328
0.3338
0.5592
0.33149999999999996
0.3297
0.3303
0.32949999999999996
0.3291
0.3292
0.4847
0.3317
0.33340000000000003
0.3331
0.5653
0.3313
0.32949999999999996
0.3309
0.3296
0.3296
0.3286
0.3302
0.3285
0.335
0.6695
0.3939
0.3309
0.3323
0.3307
0.3302
0.3316
0.36160000000000003
0.3311
0.335
0.3348
0.5770000000000001
0.3345
0.33349999999999996
0.3343
0.3481
0.3337
0.32880000000000004
0.3339
0.3313
0.3332
0.5730999999999999
0.3309
0.3289
0.3317
0.3292
0.3291
0.3281
0.4265
0.3578
0.3597
0.35750000000000004
0.6499
0.5863
0.5875
0.5869
0.5838
0.5879
0.5878
0.6765
0.44920000000000004
0.3705
0.5471
0.38470000000000004
0.3525
0.33399999999999996
0.3338
0.3323
0.3332
0.332
0.3302
0.3384
0.3388
0.5605
0.3368
0.33359999999999995
0.3449
0.3345
0.3341
0.3309
0.33490000000000003
0.3321
0.333
0.5712999999999999
0.3318
0.5046999999999999
0.6901
0.402
0.3873
0.3608
0.5596000000000001
0.3348
0.33490000000000003
0.4748
0.6267999999999999
0.4306
0.3325
0.4122
0.4027
0.41169999999999995
0.4678
0.5071
0.33980000000000005
0.5450999999999999
0.6524
0.5485000000000001
0.33399999999999996
0.33490000000000003
0.34099999999999997
0.3312
0.332
0.3314
0.32880000000000004
0.3372
0.33540000000000003
0.5855
0.3366
0.3337
0.3347
0.3352
0.3326
0.32939999999999997
0.5059
0.5664999999999999
0.5018
0.5691999999999999
0.3338
0.3332
0.33349999999999996
0.3316
0.3304
0.3304
0.3306
0.3316
0.33240000000000003
0.33349999999999996
0.5741999999999999
0.33240000000000003
0.3304
0.3317
0.4251
0.4418
0.3523
0.3317
0.3314
0.3367
0.5986
0.33240000000000003
0.3313
0.3326
0.3302
0.3292
0.3291
0.32939999999999997
0.3279
0.335
0.3352
0.5688
0.3369
0.33340000000000003
0.332
0.3343
0.33349999999999996
0.42939999999999995
0.3356
0.332
0.3325
0.5622
0.33149999999999996
0.3291
0.3309
0.32949999999999996
0.3286
0.3302
0.3307
0.3309
0.3311
0.33290000000000003
0.5516
0.3313
0.32880000000000004
0.3305
0.3296
0.32830000000000004
0.3292
0.4562
0.42569999999999997
0.3372
0.5534
0.3325
0.3301
0.3322
0.3312
0.3317
0.3305
0.3309
0.32830000000000004
0.3357
0.3566
0.5705
0.33530000000000004
0.333
0.33290000000000003
0.33340000000000003
0.3323
0.3291
0.4626
0.345
0.3328
0.5609000000000001
0.3321
0.3306
0.33149999999999996
0.34680000000000005
0.33
0.3304
0.3316
0.33149999999999996
0.3319
0.3328
0.5653
0.3318
0.3298
0.33080000000000004
0.3302
0.3302
0.3292
0.3382
0.3292
0.4472
0.651
0.5811
0.3351
0.3352
0.33290000000000003
0.3332
0.33349999999999996
0.33399999999999996
0.3325
0.33599999999999997
0.3355
0.5762999999999999
0.3355
0.3342
0.33330000000000004
0.3357
0.3338
0.3301
0.5582
0.33340000000000003
0.3345
0.5492
0.33349999999999996
0.33149999999999996
0.3321
0.3313
0.3296
0.3301
0.3313
0.3311
0.3323
0.3326
0.5495
0.3322
0.3291
0.3311
0.32989999999999997
0.3301
0.3296
0.3373
0.32870000000000005
0.3368
0.6352000000000001
0.4414
0.3316
0.3326
0.332
0.3302
0.3317
0.33149999999999996
0.3303
0.3367
0.335
0.5799
0.33540000000000003
0.3337
0.33349999999999996
0.3348
0.3339
0.3307
0.5630999999999999
0.5396
0.5521
0.6422
0.3352
0.3326
0.3341
0.3318
0.3297
0.33149999999999996
0.3332
0.3327
0.3337
0.33359999999999995
0.5764
0.33149999999999996
0.3305
0.3321
0.3303
0.3296
0.3356
0.331
0.32939999999999997
0.3359
0.5485000000000001
0.4509
0.4112
0.3331
0.331
0.331
0.33240000000000003
0.3328
0.33080000000000004
0.337
0.3355
0.5630999999999999
0.3347
0.33349999999999996
0.35100000000000003
0.3339
0.33330000000000004
0.4394
0.3361
0.3327
0.33490000000000003
0.5643999999999999
0.3326
0.32939999999999997
0.3331
0.3322
0.3297
0.3297
0.3312
0.33080000000000004
0.33349999999999996
0.33330000000000004
0.6185999999999999
0.3338
0.3314
0.33340000000000003
0.3321
0.3306
0.38430000000000003
0.33240000000000003
0.3303
0.3369
0.5479
0.33240000000000003
0.3303
0.43019999999999997
0.448
0.3326
0.3328
0.33290000000000003
0.3297
0.3351
0.3356
0.5710999999999999
0.3359
0.3342
0.3344
0.3358
0.33340000000000003
0.4653
0.3614
0.33290000000000003
0.33540000000000003
0.5917
0.3328
0.33080000000000004
0.333
0.3307
0.32949999999999996
0.3307
0.3314
0.3526
0.33349999999999996
0.333
0.55
0.3314
0.32899999999999996
0.3307
0.3293
0.32899999999999996
0.3635
0.3312
0.3291
0.33599999999999997
0.5452
0.3301
0.32830000000000004
0.32949999999999996
0.32880000000000004
0.4279
0.44670000000000004
0.3327
0.3301
0.3363
0.33530000000000004
0.5731999999999999
0.33530000000000004
0.3328
0.33349999999999996
0.3345
0.3342
0.437
0.3339
0.3313
0.3341
0.5442999999999999
0.3404
0.3293
0.33149999999999996
0.33
0.3286
0.3292
0.3303
0.3307
0.3318
0.3323
0.5769
0.332
0.3291
0.3306
0.3292
0.3291
0.3292
0.35369999999999996
0.32899999999999996
0.3355
0.5614
0.3303
0.32870000000000005
0.3293
0.3297
0.328
0.3285
0.32899999999999996
0.4331
0.4264
0.3365
0.5553
0.3366
0.3338
0.3345
0.3363
0.3341
0.3325
0.4502
0.33290000000000003
0.3338
0.5471
0.3316
0.3303
0.3305
0.3298
0.3282
0.3296
0.3297
0.32989999999999997
0.3311
0.3328
0.5783999999999999
0.3318
0.3302
0.3306
0.3301
0.3297
0.3292
0.32989999999999997
0.3526
0.3343
0.5578
0.3292
0.3278
0.3497
0.3296
0.32830000000000004
0.3277
0.32830000000000004
0.3265
0.3351
0.3876
0.6442
0.3361
0.3332
0.33330000000000004
0.33530000000000004
0.3343
0.3327
0.3355
0.5679
0.3367
0.6061000000000001
0.33399999999999996
0.3305
0.3345
0.3307
0.3304
0.3477
0.3326
0.3326
0.3347
0.33330000000000004
0.5511999999999999
0.3323
0.32989999999999997
0.3312
0.32989999999999997
0.3291
0.32870000000000005
0.3307
0.717
0.6515
0.7228
0.431
0.3597
0.3975
0.357
0.3969
0.358
0.3959
0.3599
0.4757
0.4247
0.6309
0.364
0.3613
0.4102
0.3701
0.3662
0.3967
0.3637
0.3578
0.4036
0.635
0.3883
0.35550000000000004
0.3599
0.3526
0.3697
0.3837
0.35750000000000004
0.3524
0.4147
0.35340000000000005
0.6641
0.4142
0.437
0.3572
0.3889
0.5088
0.5412
0.7345999999999999
0.6556
0.35579999999999995
0.7051
0.5862
0.8175
0.3762
0.553
0.524
0.4782
0.4239
0.3542
0.46940000000000004
0.4138
0.6356
0.3461
0.3449
0.34450000000000003
0.3463
0.34459999999999996
0.3636
0.34400000000000003
0.34049999999999997
0.34450000000000003
0.5843
0.34259999999999996
0.3407
0.3416
0.3395
0.4179
0.3397
0.3395
0.33940000000000003
0.34249999999999997
0.3413
0.5989
0.3422
0.36200000000000004
0.3417
0.3403
0.3392
0.33809999999999996
0.3391
0.3382
0.3667
0.5768
0.4333
0.4173
0.3432
0.34650000000000003
0.3463
0.3412
0.3408
0.3382
0.3436
0.34509999999999996
0.5900000000000001
0.3457
0.3436
0.3439
0.3441
0.3434
0.3478
0.3346
0.3311
0.3337
0.5614
0.332
0.32989999999999997
0.3314
0.4559
0.33780000000000004
0.3322
0.3321
0.3311
0.3344
0.3337
0.5569999999999999
0.3323
0.3305
0.3319
0.3303
0.32939999999999997
0.3302
0.33
0.32989999999999997
0.3372
0.5670999999999999
0.3303
0.3292
0.4497
0.6176
0.5786
0.4001
0.3337
0.33330000000000004
0.3372
0.33780000000000004
0.5627
0.3495
0.3345
0.3363
0.33540000000000003
0.3341
0.3306
0.335
0.3321
0.3339
0.5532999999999999
0.3327
0.3297
0.3573
0.3309
0.32949999999999996
0.32939999999999997
0.35100000000000003
0.33080000000000004
0.33290000000000003
0.3321
0.5565
0.3311
0.32939999999999997
0.3307
0.3296
0.3291
0.3304
0.331
0.3279
0.3358
0.5664
0.33080000000000004
0.3291
0.3302
0.48410000000000003
0.4528
0.3328
0.3326
0.3309
0.33530000000000004
0.3351
0.5722
0.3369
0.3351
0.3345
0.33540000000000003
0.3342
0.33740000000000003
0.33399999999999996
0.3317
0.3332
0.5617000000000001
0.3325
0.3297
0.33080000000000004
0.34459999999999996
0.3298
0.3298
0.3305
0.3312
0.3325
0.33330000000000004
0.5482
0.3314
0.3302
0.3313
0.3309
0.3293
0.3298
0.3306
0.3282
0.33540000000000003
0.5593
0.3323
0.3301
0.33080000000000004
0.33
0.4389
0.3297
0.46480000000000005
0.3597
0.3359
0.3339
0.5561999999999999
0.3358
0.3332
0.3338
0.33490000000000003
0.3342
0.3342
0.3361
0.3325
0.3347
0.7289
0.3343
0.3316
0.3331
0.3442
0.3291
0.32949999999999996
0.3311
0.3312
0.3331
0.3321
0.5555
0.3321
0.33
0.33149999999999996
0.33080000000000004
0.3296
0.32989999999999997
0.3312
0.32989999999999997
0.3371
0.5865999999999999
0.3323
0.32949999999999996
0.3316
0.3383
0.4387
0.33
0.3312
0.32830000000000004
0.4546
0.4128
0.5855
0.3357
0.3347
0.3342
0.3355
0.3347
0.3318
0.3345
0.33290000000000003
0.3352
0.5458999999999999
0.3319
0.3307
0.3316
0.3312
0.3359
0.3292
0.3305
0.33080000000000004
0.3317
0.3319
0.5527000000000001
0.331
0.32989999999999997
0.3314
0.3303
0.3284
0.3282
0.3298
0.32880000000000004
0.33490000000000003
0.5651999999999999
0.3307
0.32899999999999996
0.33
0.3296
0.3279
0.5727
0.5045
0.4607
0.3364
0.4358
0.6718
0.3372
0.33530000000000004
0.3345
0.3363
0.3346
0.3318
0.3368
0.3328
0.3352
0.5738
0.3332
0.3312
0.3337
0.3369
0.3297
0.3301
0.3311
0.3316
0.3331
0.332
0.5638000000000001
0.3309
0.3297
0.3306
0.3306
0.3293
0.32939999999999997
0.3302
0.32899999999999996
0.34640000000000004
0.5453
0.3296
0.3293
0.32949999999999996
0.3298
0.4307
0.3293
0.3301
0.3282
0.3352
0.33540000000000003
0.5508000000000001
0.44930000000000003
0.4472
0.3348
0.3356
0.3338
0.3322
0.3355
0.333
0.3348
0.5659000000000001
0.3339
0.3312
0.33290000000000003
0.3303
0.3361
0.3302
0.3313
0.3309
0.33330000000000004
0.333
0.559
0.33240000000000003
0.34450000000000003
0.331
0.3304
0.3286
0.3292
0.3305
0.3289
0.3352
0.5441
0.3389
0.32949999999999996
0.3302
0.3303
0.3285
0.4551
0.3311
0.32870000000000005
0.3368
0.3361
0.5498000000000001
0.3511
0.33340000000000003
0.3331
0.48519999999999996
0.3658
0.3318
0.33599999999999997
0.3338
0.3363
0.5843
0.3347
0.33149999999999996
0.3346
0.3327
0.3298
0.3372
0.3303
0.3319
0.3431
0.33240000000000003
0.5525
0.3323
0.32899999999999996
0.332
0.33080000000000004
0.328
0.32830000000000004
0.3511
0.3284
0.3357
0.5592
0.3297
0.3278
0.32899999999999996
0.3293
0.3289
0.3313
0.432
0.3766
0.3358
0.3356
0.5706
0.3363
0.3326
0.3504
0.3345
0.333
0.5142
0.36660000000000004
0.33330000000000004
0.3357
0.5927
0.3331
0.3314
0.33399999999999996
0.33149999999999996
0.32989999999999997
0.3391
0.3313
0.3318
0.33340000000000003
0.33359999999999995
0.5543
0.3321
0.33080000000000004
0.332
0.3303
0.3297
0.3293
0.33
0.3292
0.3359
0.5536
0.3311
0.32899999999999996
0.3303
0.32949999999999996
0.3282
0.328
0.5841000000000001
0.5152
0.43570000000000003
0.33540000000000003
0.5663
0.3347
0.333
0.3321
0.3338
0.33340000000000003
0.33
0.43970000000000004
0.425
0.3344
0.5819
0.3343
0.3323
0.3342
0.33080000000000004
0.3987
0.3341
0.3331
0.3332
0.33399999999999996
0.3327
0.5572
0.3322
0.3307
0.3313
0.3297
0.3282
0.32939999999999997
0.536
0.34650000000000003
0.3383
0.5786
0.3327
0.3313
0.33149999999999996
0.3304
0.5032
0.4441
0.3313
0.3284
0.3362
0.3343
0.5516
0.3342
0.3323
0.3498
0.3328
0.3326
0.32880000000000004
0.3326
0.4344
0.4372
0.5486
0.3332
0.3312
0.3337
0.3545
0.3306
0.33240000000000003
0.33290000000000003
0.33330000000000004
0.3338
0.3328
0.5555
0.3313
0.32949999999999996
0.3317
0.3311
0.3284
0.3289
0.331
0.33
0.33599999999999997
0.5620999999999999
0.331
0.3296
0.3302
0.32949999999999996
0.49510000000000004
0.3318
0.3312
0.3284
0.3366
0.34259999999999996
0.5817
0.33490000000000003
0.3337
0.3486
0.33349999999999996
0.33399999999999996
0.32989999999999997
0.3331
0.3303
0.3325
0.6319
0.45439999999999997
0.3326
0.3346
0.3323
0.357
0.3337
0.3355
0.3345
0.3361
0.3341
0.5758
0.3328
0.3309
0.3312
0.3304
0.3305
0.3292
0.3306
0.32880000000000004
0.3432
0.5611
0.331
0.3285
0.3296
0.3291
0.32870000000000005
0.4335
0.3297
0.3266
0.3355
0.355
0.5534
0.3342
0.3326
0.3322
0.33290000000000003
0.3323
0.32870000000000005
0.332
0.3306
0.332
0.5667
0.33149999999999996
0.4403
0.4486
0.3306
0.3522
0.3321
0.333
0.3321
0.3339
0.3318
0.5757
0.3327
0.3302
0.3319
0.32989999999999997
0.3293
0.3297
0.3304
0.32870000000000005
0.3344
0.5626
0.3302
0.3286
0.33
0.3289
0.3273
0.4765
0.48979999999999996
0.5345000000000001
0.4687
0.3358
0.5559000000000001
0.335
0.3328
0.3322
0.3504
0.3343
0.3289
0.33399999999999996
0.3314
0.3326
0.5448999999999999
0.332
0.3297
0.43370000000000003
0.4711
0.3318
0.3316
0.3327
0.332
0.3342
0.3323
0.5593
0.33330000000000004
0.33149999999999996
0.3313
0.3306
0.32949999999999996
0.3292
0.3302
0.3285
0.33599999999999997
0.5599999999999999
0.3314
0.3286
0.3289
0.3284
0.42260000000000003
0.3281
0.331
0.32689999999999997
0.3352
0.3339
0.5596000000000001
0.33490000000000003
0.33330000000000004
0.33290000000000003
0.3343
0.3328
0.32949999999999996
0.33359999999999995
0.3303
0.3337
0.5509
0.3319
0.32949999999999996
0.3304
0.32870000000000005
0.3282
0.4664
0.4284
0.3327
0.33340000000000003
0.33240000000000003
0.571
0.33349999999999996
0.3307
0.3341
0.332
0.3307
0.3307
0.3304
0.3393
0.3367
0.5695
0.33149999999999996
0.32949999999999996
0.3302
0.3293
0.328
0.5044
0.3433
0.3279
0.3361
0.3347
0.5605
0.33399999999999996
0.33330000000000004
0.3327
0.33359999999999995
0.33340000000000003
0.3292
0.33349999999999996
0.3323
0.33349999999999996
0.5758
0.33330000000000004
0.3298
0.3316
0.32870000000000005
0.32949999999999996
0.3514
0.3305
0.4416
0.44329999999999997
0.33340000000000003
0.5766
0.33359999999999995
0.3321
0.34509999999999996
0.3319
0.3304
0.3323
0.3318
0.3304
0.33530000000000004
0.5718
0.33149999999999996
0.3307
0.3309
0.3297
0.3289
0.415
0.32989999999999997
0.32870000000000005
0.3361
0.33540000000000003
0.5720999999999999
0.33399999999999996
0.3332
0.3326
0.5067
0.3346
0.33
0.3341
0.3321
0.33340000000000003
0.5516
0.3318
0.32989999999999997
0.3304
0.32880000000000004
0.3281
0.3512
0.3316
0.3306
0.3321
0.4308
0.651
0.3319
0.3313
0.3327
0.3322
0.3307
0.3318
0.3311
0.3306
0.3343
0.559
0.3307
0.32899999999999996
0.3306
0.3303
0.32899999999999996
0.32899999999999996
0.6132000000000001
0.5483
0.4011
0.3357
0.5674
0.3344
0.3327
0.33149999999999996
0.33359999999999995
0.3327
0.3293
0.33240000000000003
0.3306
0.3321
0.5730999999999999
0.331
0.3286
0.331
0.3293
0.32880000000000004
0.342
0.3302
0.32989999999999997
0.3316
0.3319
0.6911
0.41169999999999995
0.33240000000000003
0.3337
0.3347
0.3316
0.33149999999999996
0.3318
0.3317
0.3359
0.5761
0.3328
0.3301
0.3302
0.3306
0.32949999999999996
0.4623
0.3316
0.3284
0.33530000000000004
0.33490000000000003
0.5585
0.3345
0.33349999999999996
0.3318
0.333
0.3325
0.3284
0.333
0.3303
0.3323
0.5714
0.3303
0.3289
0.32939999999999997
0.32949999999999996
0.3286
0.3345
0.32899999999999996
0.3306
0.3484
0.3307
0.5688
0.3304
0.42719999999999997
0.4214
0.33240000000000003
0.3314
0.3327
0.3326
0.332
0.33540000000000003
0.5696
0.33149999999999996
0.32939999999999997
0.3518
0.3291
0.3293
0.4127
0.3454
0.3286
0.3351
0.3358
0.5663
0.3356
0.3332
0.3512
0.33330000000000004
0.33330000000000004
0.32880000000000004
0.3327
0.3296
0.3318
0.5565
0.3311
0.3279
0.3297
0.3279
0.32830000000000004
0.3281
0.3366
0.3297
0.3304
0.3316
0.5488
0.3298
0.32870000000000005
0.3297
0.3296
0.4444
0.44430000000000003
0.3326
0.33149999999999996
0.3364
0.5578
0.3331
0.3312
0.3318
0.3312
0.32939999999999997
0.3303
0.4319
0.395
0.3375
0.358
0.571
0.3362
0.33399999999999996
0.35409999999999997
0.3352
0.3341
0.3312
0.3338
0.33240000000000003
0.3344
0.5561999999999999
0.3309
0.3292
0.3317
0.3289
0.32899999999999996
0.3291
0.3363
0.3302
0.3309
0.3327
0.5929000000000001
0.3304
0.3292
0.3316
0.3298
0.32899999999999996
0.3284
0.435
0.4229
0.3364
0.555
0.3326
0.3301
0.3327
0.33149999999999996
0.33080000000000004
0.3311
0.331
0.5736
0.5228
0.3766
0.5669
0.33599999999999997
0.3339
0.33290000000000003
0.3348
0.3338
0.3312
0.3344
0.3314
0.33740000000000003
0.5572
0.3317
0.3289
0.3325
0.3293
0.3279
0.3296
0.3366
0.3301
0.33149999999999996
0.3322
0.55
0.3305
0.3291
0.3298
0.3293
0.3279
0.32830000000000004
0.3296
0.3282
0.4627
0.6468
0.3322
0.3513
0.3307
0.32989999999999997
0.32989999999999997
0.3305
0.5408999999999999
0.3317
0.3358
0.3356
0.5776
0.33540000000000003
0.3328
0.33340000000000003
0.3437
0.33340000000000003
0.3297
0.3338
0.3304
0.3331
0.5705
0.33149999999999996
0.3279
0.3345
0.3291
0.3281
0.32830000000000004
0.33599999999999997
0.32989999999999997
0.3314
0.33240000000000003
0.7525999999999999
0.3318
0.3305
0.3318
0.3301
0.3291
0.32939999999999997
0.33
0.3291
0.3348
0.6565
0.40900000000000003
0.3311
0.3327
0.332
0.3304
0.3311
0.5274
0.333
0.33490000000000003
0.3351
0.5733999999999999
0.3356
0.33290000000000003
0.3326
0.33340000000000003
0.3339
0.3301
0.3342
0.3313
0.3323
0.5987
0.3322
0.40890000000000004
