77,5132
71,0197
61,1854
61,3064
71,9246
51,2069
49,1786
47,6993
46,2814
44,3348
43,399
55,3125
54,079
161,6362
51,179500000000004
44,6343
42,1349
37,9462
38,3461
35,1736
34,2896
33,7219
36,2188
32,544700000000006
41,7531
31,593200000000003
31,735100000000003
30,5752
30,5959
29,811600000000002
29,046599999999998
29,3527
26,3734
25,3105
31,4794
27,7285
26,231
26,2315
34,8181
35,3437
34,9796
33,4806
32,7976
32,7956
31,850000000000005
32,255399999999995
24,302500000000002
23,540100000000002
30,044
23,5602
25,4009
22,916700000000002
22,7464
23,383399999999998
22,2336
23,139
22,3185
21,551299999999998
29,916
29,2029
21,1
30,044600000000003
23,1137
21,6646
19,7899
19,5589
19,5767
20,005300000000002
19,319
19,204800000000002
19,465400000000002
19,2032
18,7257
18,9785
25,171200000000002
18,7915
19,0082
27,6679
18,483800000000002
18,523
17,9587
23,4535
17,9713
19,6244
17,4207
19,4183
17,3415
18,6495
17,572
18,5423
16,9991
18,6509
18,186700000000002
17,2601
17,0304
17,446199999999997
23,169700000000002
16,7046
18,89
16,217
17,5993
16,2896
18,396900000000002
16,4738
18,3794
16,4102
18,2145
15,882
16,380100000000002
16,168
15,5761
15,4503
15,228200000000001
15,031600000000001
15,5335
16,052500000000002
14,9812
15,346200000000001
14,74
14,5913
14,8187
14,9823
14,6243
14,9705
18,6167
15,2154
14,8488
14,8805
14,4398
14,994800000000001
14,5877
14,4016
14,3842
14,6363
15,0016
14,476899999999999
14,4625
14,5724
19,8703
15,8352
16,8949
14,642999999999999
14,447700000000001
13,9908
14,4607
14,6337
14,3863
14,3927
14,4027
14,144
14,431
14,4726
13,97
13,9683
14,2478
13,74
16,355600000000003
13,668700000000001
13,6699
14,1084
13,6501
14,8857
13,5081
13,7716
13,3192
15,522499999999999
13,2928
13,6472
13,407499999999999
13,0556
13,2627
18,5109
13,556000000000001
13,9408
13,0964
13,0984
13,484599999999999
13,146700000000001
12,9517
13,0037
13,3356
13,1825
13,037
13,199499999999999
13,7684
13,7377
12,7954
12,8138
16,7716
13,0938
13,3681
12,6914
12,427900000000001
12,6535
13,0915
12,8843
12,3951
12,5541
12,4513
13,7181
12,0529
13,1128
12,2464
12,4296
13,5581
12,9125
12,2749
13,7535
12,4222
12,3636
12,2307
12,353299999999999
12,1122
11,7932
12,500499999999999
12,1857
11,950199999999999
11,504999999999999
11,969000000000001
11,6755
11,714799999999999
11,8827
11,416300000000001
11,3582
11,996400000000001
12,4573
10,9726
11,439599999999999
11,0962
11,439599999999999
11,3145
11,3127
11,4186
11,1629
11,5371
11,6184
17,704500000000003
14,605599999999999
10,9088
12,3056
10,6428
10,6134
10,7972
10,616499999999998
10,4719
11,0567
10,533000000000001
10,5302
13,2018
10,7219
10,4502
11,6892
10,776000000000002
10,1184
10,1409
9,9957
10,3623
10,6442
9,927800000000001
10,027700000000001
12,4246
9,9091
10,3199
10,363000000000001
10,129100000000001
10,541
10,0939
10,1972
10,9606
14,7791
10,4225
9,6641
10,1256
13,4819
13,7318
10,635399999999999
9,7376
10,158800000000001
10,1893
10,033
10,829699999999999
9,713700000000001
9,9311
10,279
13,7628
9,725299999999999
10,158999999999999
11,5278
13,0647
10,0744
9,5374
10,2723
10,4394
9,782900000000001
11,612300000000001
9,623
9,638499999999999
9,5004
10,1996
9,8409
10,1716
10,0085
9,5136
9,6509
11,075700000000001
10,2805
10,205
9,9407
10,1342
10,3217
9,658
13,2452
10,3978
10,3309
10,1485
9,8323
10,2565
10,422600000000001
9,7644
9,988
10,0867
9,931600000000001
10,6935
13,546000000000001
10,591800000000001
9,932
10,0607
10,200000000000001
13,2579
13,8829
11,6205
10,0909
10,7203
10,3415
10,8923
10,0914
9,941099999999999
10,130500000000001
15,376900000000001
13,1878
10,1808
10,055299999999999
9,797500000000001
9,8507
13,4903
11,3133
11,1503
9,4388
9,4497
11,7311
10,0251
9,9991
9,6253
9,4543
9,23
9,418
10,099
9,3034
9,5748
9,4129
9,9534
11,6663
10,123800000000001
10,809
9,6982
9,243599999999999
9,5886
9,3381
13,957600000000001
9,084
9,6644
9,3696
9,3542
9,1179
9,1714
9,6342
9,234
9,0338
12,2092
12,5702
12,103
12,465399999999999
10,8504
8,7895
9,3314
9,0114
8,6691
9,251000000000001
8,5635
8,765
8,6948
9,276299999999999
11,823500000000001
12,0138
12,4131
8,738900000000001
8,51
10,741499999999998
11,452399999999999
9,102
8,5961
9,1059
9,0764
8,7691
9,4938
8,857099999999999
8,835
8,6455
8,7924
8,543099999999999
9,0039
8,7312
11,232000000000001
8,5114
12,600200000000001
8,5483
8,4695
8,7563
8,5286
8,452599999999999
10,931899999999999
11,7523
11,571
11,5131
9,022799999999998
8,7315
8,0145
8,564499999999999
10,092
8,681899999999999
8,565700000000001
8,9779
8,63
8,7004
9,2422
9,216099999999999
9,078
8,5743
9,4552
8,6297
9,0365
8,591800000000001
9,0242
8,7485
9,902899999999999
8,9217
12,6233
8,740599999999999
8,3393
8,7185
8,2243
8,8541
8,291
8,5851
8,311300000000001
8,645399999999999
8,247300000000001
8,4605
7,997199999999999
8,863
9,8263
11,298300000000001
8,5318
7,9305
8,5895
7,973199999999999
8,580400000000001
7,8588000000000005
8,1066
8,5551
8,6967
8,0738
8,104099999999999
8,216299999999999
8,417300000000001
10,068499999999998
8,4664
8,0171
7,9354000000000005
7,7707999999999995
8,481499999999999
7,7709
9,027999999999999
7,8271
8,030199999999999
7,7379
7,3594
8,0923
7,303
7,7356
7,3481
8,0909
7,5616
9,696
10,066
11,1252
10,5085
10,4499
10,730699999999999
7,984399999999999
7,9003000000000005
12,3024
7,5089
8,2393
7,4627
7,476
7,659199999999999
7,388999999999999
8,0427
7,1768
7,5645
7,3242
7,5922
7,2889
7,4516
7,4055
7,7318999999999996
8,2655
7,734
7,768599999999999
8,8684
7,5064
7,4519
7,5731
7,545299999999999
8,2921
7,687399999999999
8,0794
7,7447
7,982899999999999
7,6447
8,1118
7,6653
8,568900000000001
10,324399999999999
10,3513
10,0574
10,3747
7,6553
7,2226
8,890199999999998
7,0904
7,3953
7,1754999999999995
7,5040000000000004
7,5437
7,6806
7,3043
7,3392
7,2992
7,3797999999999995
7,3392
7,568700000000001
7,855700000000001
9,1863
7,4265
7,4718
7,3091
7,7289
7,500500000000001
7,1139
10,9506
6,9063
10,3709
7,1564000000000005
7,4319
7,371499999999999
7,4982
9,9786
10,3733
10,3971
8,1434
7,3873999999999995
12,0412
6,9127
6,856199999999999
6,882700000000001
7,5249999999999995
7,0104
6,94
7,1185
6,936699999999999
6,8487
7,3742
6,8293
7,008
7,8688
6,7617
7,7242
7,0204
6,8933
6,8237000000000005
7,4866
7,2241
7,2443
9,0693
9,1416
9,6155
6,8623
6,9064
6,7261
6,9314
7,4559999999999995
6,9293000000000005
6,791
6,7868
6,942
6,7416
7,0470999999999995
6,753
7,4227
6,513
6,741
6,7321
6,585999999999999
6,7047
6,6806
6,704
6,7868
8,1881
8,5587
7,1268
6,4494
6,589799999999999
6,7959
6,5351
6,7661
6,6373999999999995
7,0192
6,537
6,593500000000001
6,785399999999999
6,831300000000001
10,398900000000001
6,535
6,6696
7,0225
6,2124
6,4223
6,5918
7,0168
6,8950000000000005
6,5123999999999995
6,3207
7,1466
6,5036
6,6644
6,6193
6,5567
7,161
6,9538
6,8341
8,0694
9,9612
6,2104
6,1235
8,575
7,778099999999999
6,9124
6,6615
6,2369
6,623600000000001
6,092099999999999
6,3377
6,198
6,2616
6,3685
6,2364999999999995
8,9194
8,9067
10,216299999999999
9,1387
6,7991
6,6110999999999995
6,8528
6,5585
6,687399999999999
6,5739
6,1919
7,1112
6,3229999999999995
9,8704
6,081300000000001
9,1523
6,1446000000000005
6,1979
6,492999999999999
6,1597
6,7767
6,2569
6,835100000000001
6,9486
6,4568
6,524699999999999
6,452699999999999
6,3892999999999995
6,5359
7,0392
6,6719
6,4246
6,7200999999999995
6,6776
6,450799999999999
7,0041
6,5789
9,950000000000001
7,5774
6,4883
9,983600000000001
6,2733
6,5251
6,2719000000000005
6,3411
6,4757
6,2214
6,353
6,1232999999999995
6,1462
6,3764
6,4738
6,7337
6,4106
6,6948
6,740600000000001
6,2667
6,5842
6,2235
6,2725
6,3468
5,9749
6,4528
9,3985
6,4924
6,557
5,902
6,2379
6,7763
6,2540000000000004
6,2149
5,9245
6,1878
6,2941
6,7885
6,4241
6,1651
6,3364
6,6105
6,4171000000000005
6,1916
6,1967
6,1561
6,2235
7,4652
6,1225000000000005
6,3378000000000005
6,1632
7,5603
5,7795
8,0955
6,0223
5,5078000000000005
6,2249
5,4807
5,5208
5,5504
5,3945
5,5411
5,5791
5,784400000000001
5,8322
5,9542
5,699
6,1524
5,8035
5,6147
5,7038
5,874
5,8259
5,3681
5,754
6,023599999999999
5,3705
7,573200000000001
5,9169
5,9735
5,4649
5,2848
5,3427
5,3775
5,2158
5,188199999999999
5,4783
5,1971
5,2532000000000005
6,4336
5,658200000000001
5,8751999999999995
5,938599999999999
5,6581
5,5108
5,438
5,3014
5,4584
5,7351
7,4699
8,099200000000002
5,647
5,5811
6,9781
5,1686
5,8625
5,2686
5,4711
5,7074
5,2691
5,4087
5,9563999999999995
5,1933
5,1119
5,5627
5,2299
5,2634
5,5375
5,5409
5,3809000000000005
5,859
5,492699999999999
5,3279
6,1592
5,2463
7,0356000000000005
7,4287
7,447
5,2977
5,6567
6,6774000000000004
5,4205
5,647
5,6921
5,3548
5,1174
5,1876
5,2177
5,2017
5,3073
5,0536
5,6196
5,742299999999999
5,565600000000001
5,9306
6,3387
6,0659
5,828200000000001
5,9934
6,0019
5,529
5,3117
7,8122
8,0506
5,8222
6,2232
6,612500000000001
5,4945
7,6160000000000005
5,4341
5,9401
5,4882
5,7774
5,6307
5,4503
5,667400000000001
6,1549
5,6057
6,0467
5,9977
5,7351
6,4012
5,8014
5,6419
5,9759
5,45
5,353400000000001
6,2147
8,0745
8,3096
5,7615
5,7889
7,018800000000001
5,352
6,21
5,4001
5,3051
6,0586
5,3551
5,2862
5,5335
5,222700000000001
5,2714
5,5809
5,658200000000001
5,8702
5,7759
5,8187
6,2165
5,8491
5,8468
5,6469
5,7169
5,474200000000001
7,5893999999999995
7,6566
5,8293
5,8793999999999995
7,1989
5,3692
6,01
5,5526
5,437799999999999
5,6165
5,7979
5,478000000000001
5,9022
5,6269
5,4182
5,659800000000001
5,9958
5,598
5,8173
5,5074
5,657500000000001
5,6204
5,2141
5,2687
5,6492
5,2194
7,102200000000001
8,222999999999999
7,4956
5,5103
6,8355999999999995
5,649900000000001
5,7019
5,238600000000001
5,4513
5,1391
5,0417
5,4586
5,1286
4,994
4,876799999999999
5,2401
5,1564000000000005
5,124700000000001
5,8214
5,3391
5,5988
5,6887
5,2578
5,3652999999999995
5,4227
5,016
5,9837
7,243399999999999
6,7463999999999995
5,611599999999999
5,3972999999999995
6,4299
5,2451
5,5245
5,339499999999999
5,2465
4,9216
4,850700000000001
5,0285
5,008699999999999
4,833200000000001
5,2425
5,599200000000001
5,1298
5,3698
5,4136999999999995
5,2671
5,905900000000001
5,4024
5,1488000000000005
5,2302
5,3204
5,1777999999999995
5,2866
6,3901
7,114599999999999
7,2086
5,343500000000001
6,6979
5,0967
5,4452
4,8342
5,3645000000000005
5,2058
5,0294
5,0966
5,1055
4,9043
5,4441999999999995
5,0383
4,9311
4,9609
4,8848
5,3117
4,9706
5,1383
5,4059
4,7103
4,7395
4,9258
4,7547
6,6322
7,0037
7,0628
6,0306999999999995
5,2506
6,3597
5,1414
5,3754
4,844
5,0161
5,2789
4,7427
5,4928
5,7232
4,8779
4,5925
5,2681000000000004
5,0013000000000005
4,9624
5,409599999999999
5,1455
4,9901
5,6717
5,3082
5,0195
5,12
5,3184000000000005
5,0499
6,7517000000000005
7,0458
6,6061000000000005
6,4914
5,1774000000000004
6,4645
5,9154
7,1931
4,6946
5,44
4,9113999999999995
4,765700000000001
5,2126
4,913
5,122599999999999
5,1794
4,9719
5,258
4,665
4,894
4,6337
4,4791
4,779699999999999
4,718100000000001
4,7353
4,523700000000001
4,7691
4,7026
4,4589
6,5287
5,0888
4,452
5,0519
4,659
4,4196
4,3766
4,6515
4,5989
4,3315
4,3139
4,6273
4,6323
4,557
4,7888
7,1324
5,0875
4,9841
4,3877
4,4228000000000005
6,4493
4,3858
4,361000000000001
4,8386000000000005
4,5619
4,3851
4,9802
4,3064
4,4696
4,4484
4,2681000000000004
4,2882
4,6086
4,6231
4,5511
4,7998
4,8842
4,7187
5,0446
4,846299999999999
6,409800000000001
4,4831
5,8043000000000005
5,2139999999999995
4,5902
4,8913
4,924
4,7431
4,8101
4,606599999999999
4,5521
5,183400000000001
4,8378
4,6381
6,837700000000001
6,2797
6,4634
5,6234
4,7311000000000005
4,4504
4,5994
5,3623
4,6467
4,668399999999999
4,957
4,755599999999999
4,6751
4,379700000000001
7,7809
6,3695
4,8573
4,999
4,5129
4,4221
4,9465
4,7494
4,5227
4,4803999999999995
4,926200000000001
5,0486
4,4574
4,6207
4,5431
4,3539
4,368
4,7176
4,7273000000000005
5,5867
6,8423
4,3858
5,827500000000001
5,6188
4,4994
4,264
4,5056
4,8341
4,7663
4,4872000000000005
4,7721
4,6671000000000005
4,5345
4,3884
6,856199999999999
6,3583
5,8552
5,9681999999999995
5,0803
4,5998
4,2838
4,3356
4,1433
4,4270000000000005
4,2943
4,3287
4,6638
4,5068
4,866599999999999
4,257000000000001
4,1873
4,462899999999999
4,8092999999999995
4,273199999999999
4,5443999999999996
5,9556000000000004
4,6627
4,5789
5,063899999999999
5,5725
4,4054
4,5246
5,4057
6,4966
4,4836
4,4413
4,211399999999999
4,1028
4,505
4,2551000000000005
4,2638
4,2033000000000005
4,4799999999999995
4,4691
4,8764
4,6214
4,7249
4,2417
4,5724
4,590000000000001
4,2902000000000005
4,2589999999999995
3,9971
4,2795000000000005
4,0609
4,0245999999999995
4,0239
4,5825
4,784
4,8265
5,315099999999999
4,5691999999999995
4,4156
4,606
4,3977
4,3065999999999995
4,2204
3,9814999999999996
4,248799999999999
4,3382000000000005
4,1421
4,1037
6,8793
7,595700000000001
4,947
4,5120000000000005
4,064
4,0394000000000005
4,726400000000001
4,2139999999999995
4,061999999999999
3,9907
4,270300000000001
4,179399999999999
4,184399999999999
5,8135
7,1597
6,4479999999999995
6,8271
4,8459
4,1048
4,5174
4,4638
4,2622
4,8633
4,7273000000000005
4,2502
4,1656
4,0138
5,006
4,1388
4,0459
4,1567
4,7335
4,1640999999999995
4,0158
4,184399999999999
4,2614
4,0346
4,3525
4,4165
4,2737
3,9983
3,9519
4,4874
4,2877
4,0908999999999995
4,617
4,1772
4,0047
3,8454
4,396
4,0796
3,9475
3,9053
3,9269
3,7373
4,5564
3,8761
4,4375
3,9113
4,1878
3,8832
4,3515999999999995
3,8867
4,5175
3,9991000000000003
4,0244
5,8291
4,0235
4,0517
3,9195
4,3312
4,1146
4,8081000000000005
4,0777
4,366499999999999
6,6628
3,8945999999999996
3,9086
4,3594
6,6865
4,0325
4,1841
4,0822
4,1099
4,149500000000001
4,3276
5,0423
6,023
4,0875
4,0803
3,779
3,812
4,2126
4,098400000000001
4,4979
5,2138
4,294499999999999
4,150799999999999
4,2086
4,2537
4,4036
7,0704
5,2393
4,1094
3,8782
5,8656999999999995
3,7557
3,9812
4,1938
4,1256
4,2642
4,2664
4,0727
4,1037
4,8115
5,7248
5,156499999999999
5,321000000000001
5,7814
3,7961
3,6882
3,8651
4,0618
3,7180999999999997
3,6588
3,8106
5,26
3,9766999999999997
3,8337000000000003
4,3637
4,0203
6,7285
4,984999999999999
3,7676
3,6757999999999997
4,7821
4,3038
3,9868000000000006
3,7702999999999998
3,6628
3,6825
3,7534
3,5373
3,7803
4,3746
5,6349
5,3714
5,2278
5,3251
4,4803999999999995
3,4746
3,5184
3,5417
4,0679
3,6797
3,9176999999999995
3,6992000000000003
4,4374
3,712
4,0856
3,5216000000000003
3,8743
3,5669999999999997
4,8736
3,509
3,6518
3,5982000000000003
3,4497999999999998
3,4063000000000003
3,4374000000000002
3,7685
3,8593
4,5763
4,1293
4,580500000000001
3,8947000000000003
3,8633
6,6398
5,1107000000000005
3,5620000000000003
3,4654
4,317900000000001
3,891
3,6405000000000003
3,4328000000000003
3,5878
3,6284
4,1258
3,4379
3,6908000000000003
3,6595
3,9406
3,6812
3,6391
3,6086
4,6221
3,5812
3,3234
3,3326
3,7829
3,7957
3,4088
3,297
3,5547999999999997
4,2749
3,823
3,564
3,6233
3,7675
3,9960000000000004
3,6849000000000003
3,7429
3,6509
3,9795000000000003
5,0516
4,576700000000001
4,733700000000001
5,1535
4,7248
3,3404
5,228199999999999
3,8985
3,6812
3,6161000000000003
3,7849
3,8055
3,6667
3,6537
5,5452
4,7822000000000005
4,6011999999999995
3,7713
3,8988
3,6804
3,7845999999999997
5,3612
5,0312
3,7403
3,6338999999999997
3,9337
3,7889
3,6698999999999997
3,5479000000000003
6,2645
5,353
3,4431000000000003
3,8508
3,4491
6,3906
3,5418
3,9425
3,37
4,0083
3,6439
3,7764
3,5972
4,2193
3,7062000000000004
3,3485
3,4671
3,3674999999999997
3,8877
3,4408
4,2607
5,1218
5,5097000000000005
3,9839
4,0461
3,7157
3,9038
3,729
3,7177
5,2623
3,559
3,5639
3,3040000000000003
3,2882
4,4533000000000005
4,2883000000000004
3,5148
3,3424
3,3422
3,8482
4,3725
3,5827
5,123
3,5831
3,3821
3,6083
3,786
3,7017
5,5784
4,912599999999999
5,1457999999999995
5,9728
3,7439
4,4265
4,3572999999999995
3,6736999999999997
3,4613
3,4537
3,3266
3,8042000000000002
3,5797
3,7973999999999997
3,6632000000000002
4,5524
3,4516
3,3235
3,7436000000000003
3,6137
4,1376
3,3545
3,8592
3,2789
3,6609
3,6288
3,6971
3,5609
4,9302
3,5223
3,5131
3,373
3,5341
5,683599999999999
5,0355
4,6802
3,437
3,6768
4,157100000000001
3,5764
3,6733
4,1572
3,4903
3,2683999999999997
3,9588999999999994
3,5439
4,2093
3,3467000000000002
3,2419
3,2766
3,3996
3,4635
3,246
3,263
3,79
3,5224
4,0396
4,8391
4,6276
5,8673
3,471
3,3761
3,4055
3,6985
3,3756
3,4112999999999998
3,3826
3,3606000000000003
3,8062
3,591
3,8121
3,3005
3,7994
3,9553000000000003
3,8602
3,3463
3,3224
3,796
3,3747
3,2878
3,3238
3,4312
3,7626999999999997
3,5891
3,6446
3,6180000000000003
4,1902
3,7378
3,6569
6,874899999999999
5,0241
4,8073999999999995
5,1887
3,5776
3,5109
3,5334
3,4452
3,3461
3,7072
3,5217
3,8228
3,5892
3,5845
4,0727
3,8672
3,5089
3,577
3,7886
5,35
5,1556
5,1875
5,0437
3,6618000000000004
3,5925000000000002
3,5758
3,895
3,5443
5,2438
3,2933
4,0137
3,8503000000000003
3,3308999999999997
3,2064
3,5858
3,4748
3,343
3,2748
3,5046
3,6817
3,4421
3,6304000000000003
3,5515
3,6471
3,7748999999999997
3,7102
3,8117
3,5082999999999998
3,7675
4,9768
4,8704
4,7891
5,2167
4,9086
4,7276
3,6912
3,6224
3,4877
3,3891
4,496
3,5141999999999998
3,987
3,6988
3,3085
3,4145999999999996
3,3842
3,2832999999999997
3,2399
3,5019
3,4957
3,5688999999999997
3,5705
3,7201999999999997
3,6401
3,7106
3,5444
3,9087999999999994
3,68
3,7281
3,6599
3,5317
3,7558000000000002
4,5992999999999995
5,028300000000001
4,864699999999999
4,6262
5,0275
3,4393000000000002
3,3181
3,16
5,1957
3,2445
3,1486
3,6463
3,2965
4,3046999999999995
3,363
3,1157
3,0789
3,2075
3,6444
3,5048000000000004
3,3737
3,4215
3,4539000000000004
3,5504
3,9521
3,4115
3,408
3,6713
3,9994999999999994
4,4161
3,8411
3,4554
5,3052
4,926
4,557
4,7343
4,7038
4,6495
4,8978
5,6434
3,6209
4,414000000000001
4,0453
3,3337000000000003
3,4711
3,1856
3,1927000000000003
3,8274
3,2648
3,2356
3,2109
3,2001999999999997
4,1222
3,5604
3,5425999999999997
3,4521
4,2444
3,5599
3,5448
3,7069
3,6753
3,8943
3,6938
3,5864
3,6066000000000003
3,7134
3,4137
3,3064
3,1859
3,2456
3,4145
3,2361
4,4025
5,0061
3,995
3,2725
3,6291
3,1919
3,2390000000000003
3,372
3,2032
3,1683000000000003
3,1912
3,5897
3,7138
3,5275
3,5355
3,6782999999999997
3,648
3,7491999999999996
3,5415
3,5025999999999997
4,0234
3,3954
3,9703000000000004
3,6029999999999998
5,0824
5,1452
4,4564
4,5091
3,8048
3,4859
4,743200000000001
4,9496
3,8885
3,6719999999999997
4,3986
3,8547
3,1931
4,333
3,2772
3,2336
3,1336
3,115
3,5065
3,1913
3,3417999999999997
3,4167
3,4076000000000004
3,5867
3,3841
3,5762
3,4037
3,4802
3,5969
3,8692
3,438
3,1475
3,1603999999999997
3,8885
4,8673
4,28
4,4358
4,5894
3,4640999999999997
3,5568
3,463
3,4737999999999998
3,4713000000000003
3,2458
4,9427
3,4156999999999997
4,0268
3,5977
3,1432
3,0604999999999998
3,4932000000000003
3,4823
3,3145000000000002
3,2639
3,2518
3,5725000000000002
3,2666
3,1548000000000003
3,1916
3,1075
3,456
3,1551
3,1277000000000004
3,1414
3,0848999999999998
3,9389000000000003
3,3352
3,2274000000000003
3,5818
4,348
5,0529
4,5228
4,007700000000001
3,1234
3,3682
3,4317
3,1105
5,322699999999999
3,1944999999999997
2,927
3,8158
2,9147000000000003
2,8465000000000003
3,375
3,1102
3,3423
3,1497
3,1246
3,0429
3,441
3,2435
3,0428
3,1557
3,1256
3,3655
3,2799
3,1579
3,2605999999999997
3,1355
3,4237
2,9493
2,8676
2,8874999999999997
3,0897
3,1662
3,0403000000000002
3,2313
2,972
3,5359
2,9891
3,4302
4,5912
4,8599000000000006
5,8353
3,1088999999999998
2,9678999999999998
3,7838
3,0404
3,2591
3,2520000000000002
3,2712000000000003
3,3064999999999998
3,2025
3,4475000000000002
3,2478
3,3343000000000003
3,6247
3,2504999999999997
3,5366999999999997
3,2274000000000003
3,4695
3,3047
3,2918000000000003
3,5416000000000003
3,4185000000000003
3,6614999999999998
3,4266
3,3903000000000003
3,3476
3,235
3,1143
3,0598
3,0730000000000004
3,3568000000000002
5,2101
4,7211
4,429200000000001
4,7185
4,8177
3,0899
3,1654
3,7420999999999998
3,2304999999999997
3,0714
3,5459
3,4436
3,6015
3,4068
3,3070999999999997
3,8274
3,5452
3,2958000000000003
3,2916999999999996
3,2411
3,5483
3,5139
3,2905
3,2266
3,3742
3,2459
3,4361
3,5672
2,9797000000000002
2,9383
2,9313
2,8989
3,7813999999999997
2,9676
2,8603
2,8396
2,8123
4,468
4,9303
2,8992
2,8104
3,6728
2,9584
2,8649
2,8881
2,8484000000000003
2,8541
3,4965
3,1841999999999997
3,1461
3,1275
3,3682
3,7336
3,7539000000000002
3,1749
3,0873
3,189
3,7277
3,1762
3,0382000000000002
3,009
2,8790999999999998
3,038
2,8303
2,8568000000000002
2,7514000000000003
2,7425
2,875
3,0265999999999997
2,8867
2,7697
2,7945
4,569100000000001
4,9272
4,5315
2,8381000000000003
3,1635
3,4816000000000003
3,1061
2,9282000000000004
2,9266
3,1669
2,9805
3,5247
3,6313
3,2769
3,3926999999999996
3,184
3,8571
3,2071
3,5193999999999996
3,4188
3,2478
3,5984
3,1991
2,9486999999999997
2,8549
2,8348
3,1597999999999997
2,9486
2,8197
2,9968999999999997
2,8383000000000003
2,9488000000000003
3,1412
2,8531
3,0189000000000004
3,7579000000000002
4,9649
4,3181
5,5932
2,891
3,1412
3,5837
3,3790999999999998
2,9794
3,0300000000000002
3,1475
3,1449
3,1194
3,3308
3,2853000000000003
3,3078
3,4912
3,4137
3,2209
3,2984
3,2984
3,5494
3,8197
3,28
3,5297
3,522
3,4436
3,0271
3,0081
3,2625
3,1997
3,1454999999999997
3,0657
3,0452
3,3388
3,7043000000000004
6,0799
5,5146
4,7247
3,5006999999999997
3,1107
3,5643
3,0985
2,9722
3,2929999999999997
3,0131
3,139
3,0162
3,0275
3,6045000000000003
3,3257
3,2144
3,8038999999999996
3,2131
3,5094000000000003
3,2661000000000002
3,264
3,3484000000000003
3,2206
3,5696
3,3606000000000003
3,4553000000000003
3,0189000000000004
3,0158
3,2802000000000002
3,0738
3,3699
3,0539
3,0126
3,2784
3,4145999999999996
5,4352
4,4219
5,0211
3,0896
3,1464000000000003
3,4745000000000004
3,0793
3,2243
3,0573
3,1717999999999997
3,0526
3,0575
3,2561
3,3382
3,3915
3,2555
3,3360999999999996
3,4592
3,5002
3,6084
3,2742999999999998
3,2667
3,4838999999999998
3,5365
3,4826
3,4080999999999997
2,9797000000000002
3,2632
3,142
2,9909
3,0098
2,9659
3,2204
3,1824000000000003
3,0843
4,558000000000001
4,4064000000000005
5,2284999999999995
2,9881
2,9469000000000003
3,3752
3,2371000000000003
3,0756
2,9902
3,0167
3,0289
3,0032
3,8264
3,2693000000000003
3,2809
3,1748000000000003
3,3355
3,4825
3,2653
3,2506000000000004
3,4687
4,2463
3,3405
3,3083
3,2728
3,2905
3,4345
3,1902
3,1146
3,0745
3,0726
3,5103999999999997
3,182
3,1045000000000003
3,2667
4,6247
4,7748
4,5838
2,9524
2,9315
4,1954
3,0549
2,8949000000000003
3,1194
3,2547
3,292
3,3103
3,1751
3,1751
3,5215
3,7481
3,4774
3,1821
3,1149
3,574
3,3930000000000002
3,211
3,1867
2,8996
3,4711999999999996
2,9014
3,1971
2,9527
2,8589
2,9586
2,8394000000000004
3,1087
3,0092
2,8647
2,9589999999999996
3,3887
4,651800000000001
4,4227
4,4961
2,8958
2,8126
3,4516999999999998
2,972
3,1019
3,0768
2,8719
3,2093
2,8986
3,3666
3,1513999999999998
3,1373
3,3255
3,1849
3,3619000000000003
3,0951
3,1157
3,3074
3,1874
3,2529
3,1516
2,8617
2,9445
3,1819
2,9286999999999996
3,4713000000000003
2,8874999999999997
2,8611999999999997
3,0937
2,912
2,9002
2,7673
2,7242
3,9829000000000003
4,4322
4,4569
2,8622
2,8088
3,4887
3,2836
2,8286000000000002
2,8665000000000003
2,8597
2,8781000000000003
3,1225
3,9791999999999996
3,1532999999999998
3,1464000000000003
3,1239000000000003
3,5612999999999997
3,2104999999999997
3,13
3,2296
3,2169
3,57
3,2318
3,1510000000000002
2,8929
2,8977
3,3103
3,0687
2,97
2,9946
2,9646
3,0079
3,7752
3,7008
3,0966
3,5124
5,129200000000001
4,7495
3,0157000000000003
2,898
3,671
3,0145
2,8914
3,1687999999999996
3,1914000000000002
3,2839
3,3487999999999998
3,134
3,1356
3,1191
3,8337000000000003
4,6234
3,6338999999999997
3,1553
3,3893
3,3397
3,161
3,1976
3,1125
3,2478
2,9751
3,0827
2,9261999999999997
2,8842
2,8769
3,2020999999999997
3,4784
3,0442
3,5293
3,1373
3,2748
5,091
4,1767
4,4338
2,7963
3,2897
3,311
2,8119
2,8712999999999997
3,0036
3,2645999999999997
3,0805
3,0343
3,0143
3,1799
3,0275
3,2115
3,0421
3,036
3,5411
3,0409
3,2756
3,0637
3,0455
3,1438
2,6944999999999997
2,6784
3,0815
2,7357
2,7653
2,8858
2,6762
2,7729999999999997
2,8536
2,6393
2,7209
2,6151999999999997
2,614
4,4727
3,8992
4,8145
2,7239999999999998
2,6891
3,4050000000000002
2,8194
2,8199
2,6686
2,6824000000000003
2,7023
2,8800000000000003
3,1281999999999996
2,9597
2,9774
3,4541
3,2926
3,1386000000000003
2,9356
2,9949
2,937
3,0564
3,0682
3,548
2,9707000000000003
2,9044000000000003
2,7382
2,9886
2,9237
2,7298
2,685
2,7287000000000003
2,6651000000000002
2,9307
2,9757
2,7089000000000003
2,6454999999999997
3,7163999999999997
4,1932
4,2822
2,6447
2,6468
3,0747
2,9194999999999998
3,2148
2,6984
2,6722
2,6719
2,6564
3,2521999999999998
2,9478
2,9922999999999997
2,9042999999999997
2,9837000000000002
2,9267
3,2201
2,8647
2,8611
2,8313
3,0006999999999997
3,1536
2,8649999999999998
2,8127
2,5263
2,5133
2,5355999999999996
3,5383
2,7253999999999996
2,6132999999999997
2,5685000000000002
2,5374
2,5469999999999997
2,8907
2,6809
2,8114
3,8279
3,9042999999999997
4,5736
2,7104999999999997
2,66
3,0345
2,6427
2,6863
2,887
2,7497
2,642
2,5956
3,4005
3,1101
3,1175
2,8508999999999998
2,8954
2,8749000000000002
2,9044000000000003
3,2843
2,9179000000000004
2,8421000000000003
2,8360999999999996
2,9579
2,8287
3,0802
2,9767
2,5615
2,5349
2,6412
2,5519000000000003
2,7792
2,6846
2,5580999999999996
2,5854
3,397
2,6524
3,3191
4,1232
4,5906
2,6193000000000004
2,5755
3,2436000000000003
2,6846
2,5709
2,8937
2,6437
2,6091
3,2712000000000003
2,9336
2,9421
2,9445
2,8920999999999997
3,2645999999999997
3,1156
2,8949000000000003
2,9175
2,8898
3,3912
3,0982000000000003
2,8868
2,9762
2,618
2,5803000000000003
2,7171000000000003
2,9038
2,6700999999999997
2,8217
2,5761
2,5290999999999997
2,5467
2,8019
2,5765
2,6595
3,5024
3,8984
4,417800000000001
2,8741
2,7752
3,1779
2,7091
2,7428
2,5899
2,7916
2,5912
2,5919
2,881
3,0257
2,9627
3,0322999999999998
2,8855
2,9393000000000002
2,8658
3,1545
3,0953999999999997
2,9941
3,0204
2,9833
3,0625999999999998
3,6416
2,7087
2,6605000000000003
2,7014
2,6563
2,8789000000000002
2,8761
2,6328
2,6367000000000003
2,6208
2,6523
2,9874
4,290699999999999
3,8557
4,3283000000000005
2,7123
3,1042
3,1344
2,748
2,6795999999999998
2,967
3,7382
3,0484
3,1716
3,0125
3,0082
3,2449000000000003
3,1291
3,0599999999999996
3,0734999999999997
2,9729
3,2217000000000002
3,2719
3,0846
3,0848999999999998
3,0474
2,8270999999999997
2,9773
2,8415
2,7778
2,7462
2,7487000000000004
3,3306
3,0663
2,819
2,7521
2,6981
2,8184
3,4372000000000003
4,4596
4,5026
2,7069
2,8317
3,3463
2,8411999999999997
2,7459
2,9229999999999996
3,0179
2,76
3,3019
3,0592
3,0725000000000002
3,6519999999999997
3,2507
3,3083
3,1576999999999997
3,0434
3,2089000000000003
3,1210999999999998
3,3665000000000003
3,115
3,0143
3,11
3,0374999999999996
2,6795
3,005
2,7688
3,4921
2,8107
2,6891
2,9101
3,3714
2,7771
3,3004000000000002
3,6725
4,6751
4,2622
2,8575
2,8895
3,1321
2,9511
2,7613999999999996
3,1790999999999996
2,9743999999999997
2,9665999999999997
2,9957
3,2188999999999997
3,2228
3,0999
2,9703
3,04
3,2353
2,9634
3,5453
3,0144
3,0204
3,231
3,0428
3,1071
2,6336
2,6305
2,5934
2,8592
2,881
2,9408
2,7423
3,106
2,7607999999999997
3,1153999999999997
2,8674
2,6648
4,0448
4,019799999999999
5,315
2,6802
2,6131
3,0222
2,6619
3,035
2,6391999999999998
2,5807
2,5899
2,5877
2,8600000000000003
3,2112
2,8888999999999996
2,8438
2,8902
2,8564
2,9386
3,1102
2,922
2,9438
2,9112999999999998
2,918
3,6187
3,0702
2,94
2,5962
2,5951
2,673
2,9034
2,6706
2,61
2,5498000000000003
2,5260000000000002
2,6094999999999997
3,0181
2,9502
4,2755
4,373
2,6412
2,8163
2,979
2,5557000000000003
2,4878
2,529
3,0645
2,7307
2,7896
2,7601999999999998
2,7303
2,7513
3,7117999999999998
2,9621999999999997
2,8516000000000004
2,7819
2,7353
2,7847000000000004
2,8893999999999997
2,7157
2,7006
2,6757999999999997
2,6641
2,6816999999999998
2,4125
2,712
2,4254
2,3491
2,3817
3,1871
2,4495
2,6693
2,6851000000000003
2,6544
2,4163
2,4899
3,6641
4,5351
2,6343
2,4747
2,8335
2,5011
2,4032
2,6224
2,5794
2,4600999999999997
2,7153
2,7282
2,7385
2,9742
3,4989
2,7414
2,7744000000000004
2,8184
2,7134
3,1216
2,7569
2,7487000000000004
2,7649
2,7694
2,8559
2,9194
2,5684
2,5054000000000003
2,5225
2,4667
2,4792
2,8781000000000003
2,7146000000000003
2,4502
2,4304
2,4163
2,4253
3,93
3,5612
4,000100000000001
2,3864
2,3695
3,1354
2,5048000000000004
2,3754
2,4080999999999997
2,3923
2,4018
2,3811
2,9795999999999996
2,6803
2,6979
2,6504
2,5852000000000004
2,6238
2,9283
2,5484999999999998
2,5996
2,5565
2,5557000000000003
2,575
3,3401
2,6564
2,6616999999999997
2,601
2,5888999999999998
2,4118999999999997
2,2948999999999997
2,5625999999999998
2,4192
2,5611
2,3689
2,3757
2,5101
2,507
2,5828
3,0806
3,3105
4,3685
2,4175
2,6458
2,841
2,3665000000000003
2,3119
3,1083
2,6383
2,9136
2,6935000000000002
2,6062
2,6375
2,6663
2,5788
2,7325
2,644
2,6050999999999997
2,5489
2,7726
2,5902
2,7977000000000003
2,6256999999999997
2,609
2,5598
2,8153
2,5956
2,5865
2,5918
2,3191
2,2604
2,6876
2,6034
2,2843
2,4598
2,4144
2,2491
2,2189
2,9499999999999997
3,6395
4,2164
2,3684000000000003
2,2571000000000003
2,8133
2,2761
2,2271
2,4922
2,6987
2,5031
2,5976
2,6744999999999997
2,6416999999999997
2,6504
2,6593
2,4155
2,4778000000000002
3,0854
2,4645
2,4261999999999997
2,588
2,6018
2,4851
2,9215
2,4434
2,4574000000000003
2,4639
2,729
2,2532
2,2943
2,2013
2,1545
2,3455
2,1429
2,371
2,2064
2,2548999999999997
2,1672000000000002
2,1377
2,2436000000000003
3,4261999999999997
4,1711
2,762
2,1310000000000002
2,4587
2,2033
2,1344
2,6272
2,5827
2,4908
2,4638
2,4607
2,4884
2,4709
2,6704
2,5396
2,439
2,4545
2,4887
2,4845
2,5591
2,6957
2,4905
2,4619
2,4989
2,4610000000000003
2,5460000000000003
3,2596000000000003
2,7109
2,2438
2,2680000000000002
2,2301
2,2374
2,5025
2,6406
2,2774
2,1988
2,1921000000000004
2,1822
2,2143
3,422
4,079400000000001
2,1986000000000003
2,2011000000000003
2,5271
2,2076000000000002
2,3356000000000003
2,4919000000000002
2,27
2,2213
2,4965
2,5077
2,5194
3,3203
2,5685000000000002
2,4845
2,561
2,5921999999999996
2,5052
2,7198
2,7856
2,5825
2,5909
2,5789
2,5703
2,6394
2,4649
2,3018
2,2885
2,2556
2,2938
2,2729
2,5312
2,7084
2,3327
2,2456
2,2254
2,2453
2,6469
4,232200000000001
4,0339
2,2415
2,2111
2,6676
2,2428
2,1557999999999997
2,4345999999999997
2,2405
2,1973000000000003
2,8432
2,9497999999999998
2,5947
3,166
2,6010999999999997
2,3982
2,4334000000000002
2,5456
2,4789999999999996
2,5071
2,579
2,484
2,4827999999999997
3,0256
2,5197000000000003
2,4205
2,7288
2,5531
2,5860000000000003
2,2162
2,1262999999999996
2,1233
2,1538999999999997
2,4638
2,4213
2,1717
2,2391
3,1959000000000004
2,6837
2,6424
3,6439
3,7752
2,1163000000000003
2,1148
2,4815
2,3703000000000003
2,1213
2,1614
2,4042
2,4271000000000003
2,4447
2,4421
2,6706999999999996
2,4617
2,4234
2,5842
2,4749
2,427
2,714
2,7951
2,4057000000000004
2,4752
2,3626
2,3569
2,3499
2,3468
2,5894999999999997
2,0744000000000002
2,11
1,9927000000000001
1,9843
1,9866
2,0087
2,1423
2,2815000000000003
2,5241000000000002
2,2893000000000003
2,0401
1,9876999999999998
2,0017
2,0875
3,5827
4,1398
1,9857
1,9462
1,9680000000000002
2,2943
2,1866
2,0949
2,186
2,0181999999999998
2,0087
2,0192
2,2908
2,29
2,5301
2,4559
2,3167999999999997
2,2624
2,3295
2,3027
2,235
2,4766
2,8316
2,2989
2,3205999999999998
2,3381000000000003
2,2847000000000004
2,2319
2,6259
2,3112
2,3941000000000003
1,9653
1,9786000000000001
1,9485999999999999
1,9313
4,146000000000001
2,0787
1,9570999999999998
2,1258000000000004
2,3545
1,9344
1,9072
1,9166999999999998
2,2709
2,0067000000000004
2,2961
2,3055
2,2689
2,2632
2,2739000000000003
4,9316
2,3939
2,2529
2,2916
2,3028
2,3113
2,4872
2,2683
2,2489
2,4570999999999996
2,2725000000000004
2,2618
1,9761000000000002
1,9929999999999999
2,342
2,2739000000000003
3,2637
3,0701
2,9532
4,0707
2,1075999999999997
2,4956
2,1892
2,4014
2,0509999999999997
2,049
2,1083
2,1555
2,0872
2,352
2,297
2,4606
2,2869
2,2471
2,4291
2,2697
2,2388999999999997
2,2347
2,2394
2,2220999999999997
2,2405
2,4845
2,3541
2,2436000000000003
2,2026
2,1687
2,2606
2,2571000000000003
2,0612999999999997
2,3289999999999997
3,2653
2,8609999999999998
2,777
3,7174
2,2136
2,1527
1,9254
2,3040000000000003
1,9593000000000003
1,9374
1,9327
1,9629
2,2497
2,2146000000000003
2,1856000000000004
2,1756
2,2096
2,1679
2,1757
2,2897
2,353
2,1989
2,2045
2,8154999999999997
2,4486
2,2122
2,4345
2,4108
2,2459
2,2131999999999996
2,1531
1,9853
2,0014
1,9835999999999998
2,9104
2,8872
2,9576
2,853
4,7019
2,2349
2,0915
2,0468
2,6092
2,0566
2,0157
2,003
2,2401999999999997
2,4771
2,2426999999999997
2,6711
2,4524
2,3042000000000002
2,2565
2,3161
2,5138000000000003
2,1851000000000003
2,3192
2,2262
2,185
2,2759
2,2636000000000003
2,5187
2,3099000000000003
2,5988
2,2804
2,2971
2,3257
2,4702
2,2767
3,159
3,1151999999999997
3,0437
3,7468
2,0906000000000002
2,4144
2,6854999999999998
2,4225000000000003
2,0653
2,0807
2,0538000000000003
2,3704
2,6128
2,5947
2,3649999999999998
2,3703000000000003
2,3751
2,3630999999999998
2,3449999999999998
2,8499
2,3096
2,337
2,3209
2,2878
2,3368
2,4536
2,6273999999999997
2,3956
2,4318999999999997
2,4164999999999996
2,0858
2,089
2,0974
3,3996999999999997
3,4606
3,7594999999999996
2,1608
2,1221
2,6399000000000004
2,5934999999999997
2,1498
2,1054
2,0977
2,3725
2,4137
2,7177
2,6081
2,5898000000000003
2,5122
2,3893999999999997
2,3836
2,464
2,554
2,398
2,421
2,3444999999999996
2,3788
2,4088
2,9049
2,5801000000000003
2,3303
2,3205
1,9932
1,9823000000000002
2,0296
2,2037
3,9227999999999996
2,0233999999999996
1,9978
1,9612000000000003
2,2792
2,0734
1,9767000000000001
2,2208
1,9866
2,0166
1,9884999999999997
2,2663
2,2644
2,3292
2,246
2,4559
2,868
2,3521
2,2254
2,1583
2,2095000000000002
2,2287
2,457
2,3424
2,2293
2,2313
2,2464
2,1948
1,8748
2,0067000000000004
2,1687999999999996
1,9284000000000001
3,1009
2,9312
2,8201
3,6064000000000003
2,1814999999999998
1,9237
1,9044
2,3275
1,9731000000000003
1,9231
1,9332
2,0850999999999997
2,7041999999999997
2,0546
2,3282
2,3495999999999997
2,3238
2,3242
2,2956
2,7472999999999996
2,2464
2,3068
2,4267999999999996
2,258
2,3005999999999998
2,3089
2,5144
2,4935
2,3055
2,4036
1,9471
1,9491
1,9282
2,3011
3,4934
3,7583
3,1261
2,8625
3,0915999999999997
2,9537
3,44
1,9430999999999998
1,9342000000000001
1,966
2,4025000000000003
2,2053
2,0198
1,9216000000000002
2,0895
1,9648
1,961
2,2466999999999997
2,2392
2,4707000000000003
2,2485
2,4655
2,2574
2,1754000000000002
2,236
2,2222
2,3505000000000003
2,2148
2,7392
2,1991
2,1974
2,2227
2,1838
2,3681
1,9179
2,0039
1,8683
2,1679999999999997
3,439
2,8287
3,106
3,2929999999999997
3,4602999999999997
2,6713
2,0667
1,9403000000000001
2,7369999999999997
2,4637000000000002
2,0252
1,9194
1,9569
1,9686000000000001
1,9397
2,2247999999999997
2,4398000000000004
2,8143000000000002
2,195
2,197
2,2463
2,1571
2,1993
2,5401
2,1749
2,2112
2,1998
2,2464999999999997
2,2349
2,2308
2,5803000000000003
2,2973999999999997
1,9627
1,9276
1,9581
2,1441
3,4965
3,7529999999999997
2,8954
2,8454
3,5139
1,8706
1,8519
2,6749
2,3808000000000002
1,943
1,8963
1,9082000000000001
1,9469999999999998
1,9551999999999998
1,9545000000000001
2,9015
2,3789000000000002
2,2919
2,5377
2,274
2,1976
2,2769
2,8126
2,2965
2,2102
2,2367
2,2502
2,2739000000000003
2,3693999999999997
2,7669
2,3406
2,2713
1,9350999999999998
1,9575
1,9681
2,7927
3,9147000000000003
3,3325
2,9101
2,8955
3,1614
3,6428
2,0561
1,9838999999999998
1,9546
2,4021
2,262
1,9944
1,9159
2,2139
2,0403000000000002
2,0278
2,3153
2,3146
2,3988
2,3036
2,5136
2,3422
2,2380999999999998
2,2923
2,2658
2,7569
2,2683
2,4326
2,2847000000000004
2,2498
2,2533000000000003
2,323
2,1826
1,8691
1,8702
2,1673999999999998
2,2285999999999997
3,4481
3,2385
2,8531
3,7824999999999998
2,024
1,9269999999999998
1,9076
2,3877
1,9314
1,9246999999999999
1,9175
2,1157
2,0947
2,2672999999999996
2,2638
2,928
2,2620999999999998
2,4307
3,0822
2,3606
2,1866
2,3673
2,2405
2,1296
2,1807
2,2903
2,2588999999999997
2,1298
2,2498
2,1345
2,1002
2,1088
1,8572
2,0448
1,9289
2,7162
3,1473
2,7487000000000004
2,9351999999999996
3,7411
1,9718000000000002
2,0902
2,3159
2,2972
1,905
2,0490999999999997
1,8925999999999998
2,1691000000000003
1,9495
2,0196
2,2432
2,2765
2,2361999999999997
2,3453
2,3471
2,3566
2,2137
2,2390000000000003
2,2536
2,1989
2,3939999999999997
2,2413
2,6641
2,2624
2,2258
2,2574
2,4312
2,2607999999999997
1,9565
2,1510000000000002
2,5643
3,1415
2,8943
2,8823999999999996
2,7552000000000003
3,6638
2,0171
1,9514
1,9416
2,4867
1,9900999999999998
1,9266
2,1007000000000002
2,0179
1,9826000000000001
2,2358000000000002
2,3368
2,2725000000000004
2,2594
2,261
2,5005
2,3118000000000003
2,2234
2,7161
2,5652
2,2729
2,3437
2,7052
2,3455
2,2905
2,4153
2,301
2,0149
2,0662
2,2892
2,2710999999999997
2,7841
3,3367
2,9423
4,0941
2,1753
2,0505
2,1601
2,4419
2,0722
2,0274
2,1153
2,3069
2,1367000000000003
2,6212
2,705
2,359
2,3668
2,3237
2,455
2,2945
2,3695
2,2765
2,2713
2,37
2,315
2,5221
2,3037
2,2929999999999997
2,2776
2,2311
2,5509999999999997
1,9620000000000002
2,1799
2,1897
3,0967
2,9086
4,0388
1,9853
2,2188
2,0318
2,5358
2,0359000000000003
1,9930999999999999
2,2607999999999997
2,0384
2,0428
2,2632
2,3653
2,4002
2,3085
2,4219
2,3035
2,2983000000000002
2,4818000000000002
2,3192999999999997
2,2927
2,2345
2,3965
2,2874000000000003
2,2738
2,4678
2,2619
2,2239
2,2464999999999997
2,8324000000000003
2,2886
1,9599000000000002
2,6772
2,9116
2,8076
3,8436999999999997
1,9404
1,9053
2,0389000000000004
2,6713
1,9792999999999998
1,9302
1,9851
1,9562999999999997
1,9527999999999999
2,2033
2,4169
2,2392
2,1914000000000002
2,4014
2,3823
2,3563
2,2921
2,3739999999999997
2,2950000000000004
2,1433
2,6792000000000002
2,3617999999999997
2,2734
2,2547
2,2345
2,5136
2,2012
2,0218
1,9218
1,9397
2,1020000000000003
3,2054
3,1761
3,0406
2,9256
3,5097
2,0449
1,9873999999999998
2,2445
2,4653
2,3633
1,9788000000000001
1,9364000000000001
2,2441
2,2702999999999998
2,4974
2,3082
2,8804
2,3061000000000003
2,3019
2,3308
2,312
2,4573
2,3885
2,2625
2,1992000000000003
2,4456
2,2748999999999997
2,2636000000000003
2,4486
2,3825000000000003
2,3114
1,9392
1,9593000000000003
1,9724
1,9656
2,8771999999999998
3,5493
2,9943999999999997
3,6713
1,9516
1,9425
1,9295
3,1532999999999998
2,0186
1,9134
1,931
2,245
2,2834000000000003
2,2769
2,5661
2,2755
2,3487999999999998
2,2376
2,2388999999999997
2,2662
2,2252
2,6063
2,2992
2,211
2,2723
2,2879
2,2755
2,274
2,5133
2,4526
2,4019000000000004
1,9965
1,9848999999999999
1,9870999999999999
2,3377
4,0322
3,3535
2,9989
3,5934
1,9779
2,0582000000000003
2,141
2,421
1,9802000000000002
1,957
1,9401
2,2342999999999997
2,2792
2,4118999999999997
2,5132000000000003
2,3019
2,3079
2,2977000000000003
2,2839
2,3687
2,221
2,4755
2,3024
2,2341
2,2535
2,2488
2,673
2,5682
2,5025999999999997
2,3883
2,3938
1,9291
1,9342000000000001
2,0628
2,1813000000000002
3,4291
3,2594
3,1197
3,6976999999999998
2,6686
2,3738
2,6603
2,4545
2,0002
1,9481
2,1411
1,9758000000000002
1,9697
2,1581
2,3011
2,2661000000000002
2,2607999999999997
2,6971
2,4505999999999997
2,2922
2,4554
2,2965
2,2765
2,2297
2,4573
2,2702
2,2652
2,4812
2,2498
2,2443
2,18
2,9232
2,6397999999999997
2,263
2,1768
3,6083
3,1633999999999998
3,1256
2,7931000000000004
3,6064000000000003
1,9683000000000002
1,8858
1,8612
2,8124000000000002
1,926
1,8505
1,8287
2,4921
2,1488
2,1012
2,2363999999999997
2,1827
2,1738999999999997
2,4736
2,1953
2,5974
2,0848
2,2424
2,1207000000000003
2,1281999999999996
2,0679000000000003
2,1232
2,4388
2,3040000000000003
2,2419
2,1376
2,3645
2,1624
1,833
1,8101
2,0866000000000002
1,8301999999999998
3,5004
2,9973
2,6942
2,6665
2,9581999999999997
3,5406999999999997
1,8466
1,8352
1,8645
2,3112
1,9141
2,0300000000000002
1,9769
1,9644
1,8713
1,8828
2,1641999999999997
2,1761
2,1344
2,2416
2,5124
2,1633999999999998
2,0668
2,1248
2,1316
2,1124
2,049
2,3371
2,6654999999999998
2,1127
2,1155000000000004
2,1298
2,1065
2,0428
1,751
2,1229999999999998
1,7963
1,7493999999999998
3,1595
2,7019
2,6809
2,7085999999999997
3,0493
2,7453
3,1696
1,8182
1,7952000000000001
1,7792999999999999
2,3823
2,0514
1,8195999999999999
1,7753
2,0653
2,1407000000000003
2,13
2,1635
3,3666
2,3064
2,184
2,1635999999999997
2,1381
2,0408
2,1086
2,1976999999999998
2,2361999999999997
1,9813999999999998
2,1925
2,0512
2,0134
2,0027999999999997
2,0117
2,2012
2,2482
1,8121
1,8029000000000002
1,7968000000000002
1,8763
2,6064
2,8793
3,0153
2,7375
2,6608
2,5552
3,4949999999999997
2,5911
2,049
1,8317999999999999
2,2262
1,7581
1,721
1,6898
1,716
1,8355
1,9802000000000002
2,2005000000000003
1,9948000000000001
2,0112
1,9879
1,9753
1,9829999999999999
2,1724
2,0019
2,2327
2,1283
1,931
2,009
2,0412
2,1742
1,9857
2,0238
2,2201999999999997
2,068
1,9951999999999999
2,0107
1,9480000000000002
2,193
2,5528
2,5498000000000003
2,8639
2,5473000000000003
2,6193000000000004
2,702
2,6273
1,8256
3,4015
1,7932
1,7137
1,739
2,2510999999999997
1,7507
1,7327
1,7141000000000002
1,7493999999999998
2,0071
1,7595
2,0246
2,0189
2,1043
2,0106
2,0209
2,0130999999999997
2,1963999999999997
2,0256
2,0257
2,0174
2,497
2,0062
2,0457
2,0653
2,3248
2,0581
2,0527
2,2346000000000004
2,0251
1,9829
1,7034
1,7183000000000002
2,8089999999999997
2,5225999999999997
2,7084
2,6573
2,5135
2,5267000000000004
2,8571999999999997
1,8051
1,7679
3,1204
1,7374999999999998
1,7451
1,7354
2,1816
1,9707000000000001
1,7741
1,7109
2,5625
1,9829
2,0633
2,0072
2,0257
2,1671
2,0048000000000004
2,1628
2,1183
1,9734000000000003
1,9166
1,9738999999999998
1,9723000000000002
2,0262000000000002
2,1397999999999997
2,0905
1,9895
2,0056000000000003
2,0075000000000003
2,093
1,9718000000000002
2,0362
2,3076
2,2013
1,7259
2,335
2,7154000000000003
2,5069
2,4978000000000002
2,9857
2,886
2,538
2,6237
3,2745
1,7485
1,9542000000000002
1,9022
2,15
1,7281
1,718
1,7686
1,7649
1,7792999999999999
2,0738000000000003
2,4494
2,118
2,0547999999999997
2,0994
2,0871
2,0942
2,011
2,1811000000000003
2,4134
2,0815
2,0165
2,0878
2,0645
2,0542
2,0764
2,7122
2,0907
2,0569
2,1009
1,7677
1,7411
1,7306000000000001
2,8278000000000003
3,3731
2,7843
2,7655000000000003
2,5781
2,5705
2,2024000000000004
2,8971
3,2493000000000003
1,7817
1,7341
1,7199
2,1765
1,7439
2,0587
1,9826000000000001
1,8155000000000001
1,7841
2,0755
2,0617
2,0622000000000003
2,0802
2,6113
2,3162
2,0824
2,0187999999999997
2,0341
2,0415
2,0233
2,1009
2,0239
2,2448
2,033
2,0573
2,043
2,0483
2,0677
2,3573
1,7168
1,9903
1,7704000000000002
2,6753
2,6383
2,6638
2,7973
2,7935
2,8379
2,6993
1,7741
3,3186
2,3061000000000003
1,8026
2,0148
2,3084
1,8891
1,7910000000000001
1,8053
1,9445000000000001
1,8658
2,1602
2,2691
2,4388
2,161
2,1581
2,1527
2,3468999999999998
2,0883999999999996
2,1434
2,3514
2,1043
2,1483000000000003
2,1496000000000004
2,2662
2,1572
2,1522
2,2206
2,3058
2,1835999999999998
2,3184
2,2548
2,0527
2,8049
2,8674
2,906
2,775
2,9266
2,7946999999999997
2,6147
3,5559
1,996
1,8904
1,9867000000000001
2,3063
1,9427999999999999
1,8864
1,9088
2,1479
1,9647000000000001
2,2212
2,2914
2,2275
2,2222
2,2166
2,2358000000000002
2,4182
2,3834
2,7995
2,1775
2,1105
2,1877
2,1744
2,366
2,1565
2,3123
2,1475
2,0937
2,2201999999999997
1,8317999999999999
1,8252
2,4313
3,2786
3,0164
2,7197
2,7528
2,8305000000000002
2,8933999999999997
3,3606000000000003
1,8125
1,8232000000000002
1,8343
2,2472999999999996
1,822
2,0711000000000004
1,9477
1,8551
1,8242
1,8285
2,1216999999999997
2,7101
2,1425
2,9217
2,1626000000000003
2,0959
2,0347999999999997
2,1297
2,1329000000000002
2,1413
2,3161
2,3597
2,3505000000000003
2,1657
2,5084
2,4739
2,1438
1,9188
1,9503000000000001
1,7948
1,7667
2,5335
3,2721999999999998
2,6502000000000003
2,8923
2,7375
2,6923
3,0682
3,1757
1,7887
1,7751
2,0715999999999997
2,2419
1,8413
1,7918999999999998
1,895
2,0915
2,1294999999999997
2,1722
2,3557
2,1481999999999997
2,1509
2,7166
2,1723
2,1564
2,1048999999999998
2,3698
2,1668
2,1485
2,2152000000000003
2,2138
2,1914000000000002
2,4915
2,4302
2,468
2,4337999999999997
2,2116000000000002
2,0423
1,8381999999999998
1,8098
2,1327
3,26
2,8741
2,8126
2,7585
2,8678000000000003
3,1729000000000003
3,4379
1,8642999999999998
1,797
1,8041
2,2569
2,021
1,8395
1,8931
2,2245
2,1378
2,1084
2,0994
2,1183
2,21
2,108
2,3266
2,1302
2,0395
2,0887000000000002
2,1063
2,1844
2,0387999999999997
2,1072
2,3135999999999997
2,1254999999999997
2,074
2,0814000000000004
2,314
2,6719
1,7474
1,768
2,0073
1,9738999999999998
2,6499
2,6683000000000003
3,2248
2,713
2,8783
2,7150999999999996
3,4028
1,8860000000000001
1,7792999999999999
1,7654
2,1853
1,8745
1,9710999999999999
1,794
2,0353
2,0858
2,2837
2,0771
2,0688999999999997
2,1806
2,1671
2,0483
2,0616
2,5659
2,0593999999999997
2,0622000000000003
2,0397000000000003
2,9263000000000003
2,1386
2,0852
2,1748000000000003
2,0606999999999998
2,0471
2,1156
2,0154
2,3157
2,0011
1,6852
1,8309000000000002
2,2436000000000003
2,397
2,4003
2,5809
2,4553000000000003
2,5098
2,5896
3,3989
1,8304
1,7722
1,7554999999999998
2,1578
1,7065
2,2864
1,6415
1,6597
1,6463999999999999
1,964
1,9461000000000002
2,1502000000000003
1,9128
2,0311
1,8913
1,8998000000000002
1,9134
1,8812
1,9143000000000001
1,914
2,1136000000000004
2,1318
1,9292
1,9174
1,9673
2,003
1,9268
1,9769
2,2020999999999997
2,1496000000000004
1,6893
1,668
1,6685
2,5812999999999997
2,4299999999999997
2,4164
2,6951
2,9971
2,4225000000000003
2,4233000000000002
1,7440000000000002
1,6850999999999998
2,0004
2,1459
4,1124
2,5334
1,6488
1,8915
2,1665
1,8488
2,8192999999999997
1,9892
1,9429
1,9368
1,9522000000000002
1,9301
1,9302
1,9183
2,1515000000000004
1,8953
1,9657
2,0145
1,9388
1,9968
1,9943
1,9465999999999999
2,3531
2,3903000000000003
1,9272
1,9303000000000001
1,9468
1,9355
1,9596000000000002
1,6586
1,7992
1,8971
1,7194
2,3893999999999997
3,6348000000000003
1,6538
1,65
1,6541
2,16
1,8956000000000002
1,7238
1,6943
1,6908999999999998
1,6739000000000002
1,6658
1,9446
1,9464000000000001
2,0494
2,1683000000000003
1,9903999999999997
2,0027
1,9049
1,9846
2,0045
1,9751999999999998
2,5993
2,4318999999999997
1,9596000000000002
1,932
1,9264
1,9226
1,9268
2,0143999999999997
1,9068
1,8986999999999998
1,702
1,6524
1,6457
1,6389
1,6348
1,6258
1,7753999999999999
1,8058
1,6306
1,8821
1,6985
1,7117
2,1725
3,5374999999999996
1,7366000000000001
1,6592
1,9504
2,3765
1,6949
2,3839
1,9397
1,9477
2,4026
2,0569
1,9810999999999999
2,1747
1,8965
1,9629
1,9174
1,8991
2,0942
1,8909
1,6221
1,6777
1,9054
1,6419
1,6264
1,6352
1,6374
1,7711000000000001
1,6659000000000002
1,6595
1,6669
1,9015
1,7474
1,8655
2,2285999999999997
3,9760000000000004
1,72
1,6546
1,6360000000000001
2,1792000000000002
1,6841
1,6528999999999998
1,6879
1,6926
2,261
1,9678
1,9853
1,9883000000000002
2,2425
2,0292
2,0439
2,0966
1,9803
2,0523
2,0376000000000003
2,0091
2,2335
2,0494
2,0232
2,1365999999999996
2,1159999999999997
2,1170999999999998
2,1121999999999996
2,1045
1,923
1,7413
1,6956
1,9472999999999998
1,7172
1,6785
1,6662000000000001
1,6857
1,6887
1,9018
1,7301
1,6727999999999998
2,1429
1,9002
3,1984
1,6892
1,6836
1,771
2,2883
1,7363000000000002
1,964
1,7096
1,96
2,0084999999999997
2,0287
2,0189
2,3000999999999996
2,061
2,1665
2,0596
2,0597
2,0918
2,0233
2,0826
2,3311
2,1727
2,0972
2,0877
2,0907
2,1026000000000002
2,1016
2,3863
2,1738999999999997
2,7239
2,1010999999999997
1,7866
2,818
2,9985
3,0068
3,0859
2,7641
2,7079
2,73
2,8588
2,3763
2,2693000000000003
3,1794000000000002
1,841
2,0368
2,1237
3,197
3,1706999999999996
1,8860999999999999
2,705
2,3363
2,0949
2,1001000000000003
2,0848
2,7199
2,0451
2,0831999999999997
2,091
2,0558
2,0777
2,2556999999999996
2,4322
2,0622000000000003
2,0493
2,0342
2,0412
2,0288
2,0279
2,0286000000000004
2,3495
2,0334
2,0227
1,701
4,0812
1,691
1,9686000000000001
2,104
2,9949
2,0181999999999998
1,7307
1,7049
1,9909
1,9975
2,0749
2,62
2,0454000000000003
1,9629999999999999
2,0537
2,0125
2,0042
1,6773
1,7819
1,6657
1,9126
1,702
1,6717
1,6881000000000002
1,6713
1,6683
1,8548
1,8308
1,7007
2,8329
2,6418
2,6781
2,5391
3,7828
1,729
1,6857
1,9177
2,0644
1,6876
1,6777
1,6752
2,0006999999999997
2,5734999999999997
2,0212
2,2066999999999997
2,0196
1,9981
1,9845000000000002
1,9909
2,025
2,5921
2,0328999999999997
2,597
2,1582
2,0152
2,0173
1,9969
2,1199
2,0223
2,0661
2,5781
2,0558
1,9960999999999998
1,9887
2,1294
1,7093
1,6903000000000001
1,684
1,9477
1,7328000000000001
1,7016
1,7125000000000001
1,712
2,2249000000000003
2,0469
1,8416000000000001
3,3601
1,7721
1,7087999999999999
1,7013
2,1233
2,2374
1,7604
1,7147
1,7741
2,706
2,2769
2,4611
2,2015
2,1237
2,0675
2,0774
2,3846000000000003
2,0414
2,0872
2,1866
2,091
2,0233
2,085
2,1024
2,3048
2,096
2,0641000000000003
2,7269
2,1182000000000003
1,8113000000000001
2,0573
3,3278000000000003
2,7767999999999997
2,7773
2,6388000000000003
2,629
2,6499
2,8479
2,9901
1,9926000000000001
1,7525
1,7468
3,1296000000000004
1,7605
2,2375
2,3952
3,3303
2,4418
1,8249
2,1181
2,1304000000000003
2,1024
2,3375000000000004
2,4069
2,305
1,9987
2,0477999999999996
2,1834
2,0444
2,3668
2,0512
2,0091
1,7805
1,7041
1,6971
1,7065
1,6895
1,6684
1,8168
1,8529
1,8492
1,6899
1,6957
1,6877000000000002
3,9134
1,7052
1,6865
2,1151
2,1074
2,6248
1,7185
1,8149
1,7905
1,7615
1,7566000000000002
2,6210999999999998
2,2838
2,0361
2,0467
1,9962
2,0486
2,0441000000000003
2,0347999999999997
2,4302
2,0693
2,0351000000000004
2,0494
2,0368999999999997
2,0539
2,0508
2,4126999999999996
2,3703000000000003
2,0087
2,0156
1,7373
1,7229999999999999
1,7378
1,7493999999999998
1,7489000000000001
3,0154
1,943
1,8219
1,8488
1,8256999999999999
1,8273
1,8255000000000001
3,8533999999999997
1,8861999999999999
1,7718
2,0096
2,9715000000000003
2,4817
1,7081
2,1092
2,196
1,9764000000000002
1,9851999999999999
2,0164
1,9863
1,9374
1,9843
2,1562
2,1458
1,7194
1,6775
1,6753
1,6213
1,6376
1,6499
1,6614
1,8082
1,6731999999999998
1,873
1,6875
1,848
1,6441
1,6421000000000001
2,0921999999999996
4,3199
1,65
1,8304
1,9869
2,3986
1,666
1,6617
1,8254000000000001
1,9982
1,9182
2,006
2,0482
2,1346
1,8755
1,9144999999999999
1,9058
1,8909
1,8595000000000002
1,6355
1,8527
1,8048
1,7695
1,6353
1,6274
1,6335
1,6649
1,6273
1,6274
1,6121
1,8571
2,2593
1,56
1,8841
1,8782
1,9132
3,337
1,607
2,4204
2,4149000000000003
2,1473
1,619
1,6474
1,8688
2,1389
2,0263
2,2336
1,949
2,0739
1,9488
2,0122999999999998
1,9098
1,9046
1,8544
2,1606
1,9250999999999998
1,9261
1,8679000000000001
2,4225000000000003
1,9081000000000001
1,8801
1,8861999999999999
1,8879000000000001
2,0836
1,9846
1,9953000000000003
1,718
1,5789
1,5816999999999999
1,5856
1,6037
4,181299999999999
2,0404
1,6109
1,7681
1,9384000000000001
1,5903
1,5534999999999999
1,574
1,5975
1,8439999999999999
1,8697
1,845
1,9949999999999999
1,8477000000000001
1,8512
1,8563
1,8693
1,8472
2,0102
1,8602
1,8558999999999999
2,3648
1,8387
1,8431000000000002
1,8377999999999999
1,8700999999999999
1,8223
2,0669
1,8929
2,3957
2,0568
1,8181
1,5491000000000001
1,7416
2,2952
2,5606
2,5046
2,3482
2,3557
2,3492
2,4059
2,2817
1,8295
1,6519
1,6971
1,8688
2,9034
1,5792
1,5675000000000001
1,575
1,9182
1,7985
2,0319000000000003
1,6482
1,9532
1,8475
1,8867
1,8485
1,858
1,8619
2,3884000000000003
1,9031
2,4675000000000002
1,8763
1,8995
1,8889
1,8411
1,8918
2,1963
1,9067
1,8574
1,8714
1,9083999999999999
1,9522000000000002
1,9527999999999999
1,9002
1,5569
1,9669
1,6106
1,5753
2,285
2,57
2,5801000000000003
2,387
3,0337
2,4592
2,4093
2,2666
1,5471000000000001
1,5471000000000001
1,5529000000000002
1,5510000000000002
10,1336
1,7851
1,5752
1,8163
2,2159
1,8448
1,6067
1,8992
1,903
1,8839
1,9013
1,9002999999999999
1,9057
1,9475
2,1158
1,9156
1,9065
2,6007000000000002
1,8741999999999999
1,8346
1,7733
2,7074
3,2173000000000003
2,5357000000000003
2,3733999999999997
2,3640000000000003
2,3746
2,4029
2,5907
2,4312
1,6652
1,5645
1,554
1,5546
1,5566
1,8106000000000002
1,5772
4,0657000000000005
1,7485
1,5637999999999999
1,5616
1,8857
1,5489
1,5460999999999998
1,5421
1,8182
2,1035
1,8722999999999999
2,4312
1,8835
1,8802
1,8717
1,8712
1,8780999999999999
1,9548
1,9491
2,0209
1,838
1,8259999999999998
1,7726
1,8227
1,8018
1,8081
1,9472
2,3749000000000002
2,0355
1,8088
1,759
1,4864
1,4883
1,5175
1,5077
1,5047000000000001
2,2283
1,6617
1,5198
1,506
1,4951
1,5602
1,5009000000000001
1,4995
1,5123
1,4848000000000001
1,7749000000000001
3,3556
1,5007
1,4887
1,5008000000000001
1,8515000000000001
1,4787
1,4824
1,5357
1,9915000000000003
1,7039
1,5739
1,8588
1,8696
1,9699000000000002
1,8719999999999999
1,8639999999999999
1,8665
1,9397
1,9826000000000001
1,8702
1,7959
2,034
1,8785
1,8669
1,8607
1,8772000000000002
2,0882
1,8594
1,8678
2,4093
2,0936000000000003
1,5062
1,5114
1,511
1,5372999999999999
1,6993
1,6439
1,5209
1,5121
1,6389
1,5273999999999999
1,5345
1,5401
1,5381
1,6245
1,5463
1,7753
3,4707000000000003
1,8043
1,527
1,5031
1,8313
1,5112
1,5112999999999999
1,5284
2,1105
1,8667
1,9906
1,8692
1,867
1,8755
1,8817
1,8635
1,9781999999999997
2,108
2,4274
1,9009
1,7906
1,8414
1,84
1,8175000000000001
1,8227
2,0117
1,9821000000000002
2,0276
1,9554
1,8303
1,785
1,5324
2,2321
2,8332
3,0818999999999996
2,3662
2,3294
2,3546
2,3401
2,3384
2,7805
2,6902
1,8139
1,8229
1,6509
1,539
1,5460999999999998
4,2039
2,1986000000000003
1,5808
1,5545
1,9052
1,5883
1,5456
1,5629000000000002
1,9004
1,9883000000000002
2,1564
1,888
1,8761999999999999
1,8831
1,9005
1,861
1,8561999999999999
1,7945
2,4736
2,0244999999999997
1,7949000000000002
1,8397999999999999
1,8722
1,8355
1,8404999999999998
1,8357
1,9419000000000002
2,2988
1,9673999999999998
1,8296000000000001
1,8093
1,5062
1,4896
1,4936
1,4931
1,8388
2,2062000000000004
1,6668
1,5524
1,7492
1,75
1,5233
1,4974
1,4867000000000001
1,4792
1,8073
3,1298
3,5385999999999997
1,4965
1,4888
1,4633999999999998
1,8111
1,5845
1,4681
1,6502999999999999
2,164
1,8272
1,8299
1,8128
1,8132000000000001
1,8119
1,9092
1,8146
2,0642
1,7542
1,8249
1,8316000000000001
1,7719
1,8344
1,8258
2,4093999999999998
1,8446
2,0508
1,8471
2,0346
2,1472
1,8359999999999999
1,7893
1,9562999999999997
1,5045
2,1119
2,7805999999999997
2,4267999999999996
2,3240000000000003
2,3280000000000003
2,4567
2,3165
2,6061
2,6591
2,3404
1,5323
1,5143000000000002
1,6762000000000001
1,5303
3,9966000000000004
1,8159999999999998
1,5778999999999999
1,5054
2,0985
1,5173
1,7155
1,9635999999999998
1,8606
1,8545
2,093
1,8691
1,8561999999999999
1,8548
1,8551
2,0978
1,8049
1,8677
1,8677
2,1145
1,8117
1,8542999999999998
1,8475
1,9642000000000002
1,8198999999999999
1,8285
1,8335000000000001
2,2432
1,9498
1,8085
1,7749000000000001
1,4752
1,9385
1,5012999999999999
1,492
1,4863000000000002
1,4970999999999999
2,4658
3,8274
1,5485
2,1670000000000003
1,5807
1,9729999999999999
1,5961
1,5922
1,6900000000000002
1,5306
1,5079
1,5176
1,8332000000000002
1,7553
1,7502
1,7535999999999998
1,7986
1,7776999999999998
1,9764000000000002
1,7229999999999999
1,7663
1,9223000000000001
1,7818
1,74
1,8041
1,9118
1,8063
2,0232
1,8181
1,9797
1,9605
1,9680000000000002
1,8042
1,5392
2,3171
2,5039
2,2977000000000003
2,8387
2,2461
2,2136
2,2337
2,218
2,4331
1,9254
2,0978
1,7651999999999999
1,5508
2,6638
3,477
1,5169000000000001
1,7488
1,5223
1,9324
1,5141
1,4998
1,4910999999999999
1,7992
1,7965
1,7922
1,8014999999999999
2,0435000000000003
1,9548999999999999
1,8085
1,8009
1,7883
2,1919999999999997
2,0669
1,8017
1,9311
1,8612
1,8004
1,9449
1,9646
1,8889
1,802
1,8052000000000001
1,7884000000000002
2,0049
1,8094000000000001
1,5063
1,4881
1,4843
1,4995
1,5839
1,4783000000000002
1,4709
1,4625000000000001
1,4843
1,7562
1,5489
1,4829999999999999
1,4815
1,4989999999999999
1,6003
1,5173
3,4048
1,5222
1,7556
1,5070000000000001
1,8316000000000001
1,5011
1,5188000000000001
2,1159
1,5498
1,5395999999999999
1,7055
1,8367
2,0148
1,8078
1,7967
1,7747
1,9869
1,7484
1,8087000000000002
1,7914999999999999
1,8637000000000001
2,023
1,8214
2,0458999999999996
1,8756000000000002
1,8246
1,8147
1,8246
1,9433
1,8461
1,7817
1,5788
1,5529000000000002
2,5365
2,5254000000000003
2,262
2,8386
2,5508
2,4681
2,4469000000000003
2,2618
2,2707
1,7528000000000001
1,6686999999999999
1,5885
1,7731999999999999
4,0388
1,615
1,5654
1,5578
2,197
1,8798000000000001
1,6189
1,7231
1,7310999999999999
1,6114
1,8821
1,8737000000000001
1,8629
1,8725
2,1143
2,0201
2,0669999999999997
1,8893
1,8925999999999998
1,8638000000000001
1,7955
1,9909
2,5164
1,859
1,8586
2,0774
1,8647
1,825
1,8371
1,7843
1,9247999999999998
1,8206
1,5333
1,5681
1,7696999999999998
1,5904999999999998
1,5412
3,4718999999999998
1,5566
1,7275
1,5624
2,0515
1,5715
1,8159
1,5688
1,7827
1,8361
1,8381
1,9442000000000002
1,8552
1,8542999999999998
1,8622999999999998
2,1021
1,8634000000000002
1,8494
1,846
2,4810000000000003
1,8402
1,8246
1,7725
2,0875
1,8674
1,8693
1,8977
2,0162
1,9916999999999998
1,917
1,5971
1,621
2,2666
2,5011
2,4531
4,7736
4,496499999999999
2,7345
2,4779
2,6579
2,4549
2,0917000000000003
1,7789
1,5814
1,5533000000000001
2,7584
3,9309000000000003
1,7151
1,5433999999999999
1,5328
2,0975
1,5521
1,5151
1,8074000000000001
1,8344
1,9506000000000001
1,8223
2,0217
1,8181
1,8292
1,8079999999999998
1,9467
1,8722999999999999
1,8163
1,9804000000000002
1,8155000000000001
1,7618
1,8195999999999999
1,8458
1,8316999999999999
2,0032
1,8493
1,9451
1,9986000000000002
1,9272
1,8261
1,8048
1,5167
1,5063
1,4909000000000001
1,7681
1,9208
1,8639999999999999
3,6275999999999997
1,5280999999999998
1,5408
1,5294
1,5131999999999999
2,1065
1,5782
1,5677
1,5085000000000002
1,52
1,5488
1,55
1,8867
1,8608
1,8542
2,0701
2,0766
1,8686
1,8519999999999999
1,8683
1,8239
1,8635
1,8783
1,883
2,1059
1,8695000000000002
1,8683
1,8537
1,8841999999999999
1,8523999999999998
1,9114
2,762
2,4701
1,6533
1,5746
1,9241
1,5892
1,5533000000000001
1,5495
1,5995
1,5972
1,8066
2
1,899
1,8744
1,8766
1,8715
1,8782
1,8780999999999999
1,8203
2,2254
1,8927
1,871
1,9945000000000002
1,889
1,8994000000000002
1,9028
1,896
2,0000999999999998
2,0978
1,9543999999999997
2,0504
1,9277
2,1401
2,6601
3,0639
2,7104999999999997
2,4607
2,4236
2,4135
2,4091
2,6660999999999997
2,9488000000000003
1,6666999999999998
1,5893000000000002
1,6055
1,5957000000000001
3,3506
1,5917999999999999
1,6739000000000002
1,5536
2,1515000000000004
1,5943
1,55
1,5517
1,887
1,88
1,8883
2,175
1,8852
2,1045
1,9055
1,9258000000000002
1,8455
1,8848
1,8869
2,2738
1,9311
1,8718000000000001
2,1039000000000003
1,8976
1,8624
1,8549
2,0308
2,1616
1,9487
2,4017
2,3183000000000002
1,7352999999999998
1,58
1,544
1,5397
1,5341
1,6318000000000001
1,5482
1,5369
1,5334
1,8224
1,6154
1,5233
1,5081
1,501
1,5085000000000002
3,7837
1,5617
1,5164
1,7568
1,8998000000000002
1,5218
1,5144
1,5869
2,052
1,7281
1,8571
1,8647
2,0962
1,8597
1,8626999999999998
1,8712
1,9135
2,052
1,8616
1,8481999999999998
1,7831
2,0785
1,8502
1,8358
1,8492
2,7409
2,4032
2,4
2,4145999999999996
2,1021
1,8438
1,5196
1,9243000000000001
1,5612
1,7210999999999999
1,5655000000000001
1,5314
1,5352000000000001
1,7649
1,5776
1,5273
1,5330000000000001
2,1825
1,6937
1,606
2,0687
2,8225
3,8072000000000004
1,5697
1,6547
1,4941
1,8207
1,4844000000000002
1,4854
1,4897999999999998
1,8386
2,336
1,8676000000000001
1,9362
1,8343
1,8368
1,8339
1,8331
1,8259999999999998
2,0107
1,8616
1,9276
1,8234
1,8452
1,8435000000000001
1,8622
1,8675
1,8613
2,0831
2,0738000000000003
2,5086
1,8508
1,8102
1,5323
1,5334
1,5064
1,5004
1,7764
1,5621999999999998
1,6565
1,5257
1,5135999999999998
1,5165
1,5384
1,5227000000000002
1,6916
1,5286
2,2914
2,7805999999999997
3,4503
1,5012
1,5093
1,5343
1,8555
1,5058999999999998
1,4951
1,8707
1,5873
1,5607
1,567
1,8684
1,8934
1,883
1,8775
1,8760999999999999
2,4139999999999997
1,9903999999999997
1,8768
1,8707
1,8416000000000001
1,8864
1,882
1,8913
2,1685
1,9887
1,9143000000000001
1,9009
1,905
2,1165
1,5689
1,5901
1,5663
1,9483000000000001
1,6583999999999999
1,583
1,5892
1,5977000000000001
1,6303999999999998
1,596
1,589
1,6088
1,595
2,6641999999999997
1,8724
2,6405
3,8102
1,6907
1,6665
1,624
2,9902
1,6551
1,5523
1,5654
1,8462
1,811
1,8135000000000001
1,8232000000000002
1,9384000000000001
1,9876
1,8573000000000002
1,8269
1,8073
1,8334
1,8354000000000001
1,822
1,7638
1,9872
2,0324
1,8261
1,8037
1,8132000000000001
1,9706
1,934
1,7885
1,91
1,5493
1,6799
1,606
1,542
1,5432
1,5171
3,7167
1,5801999999999998
2,1106
1,5402
1,7650000000000001
1,829
1,5456
1,5357999999999998
1,5294
1,5626
1,5495
1,8561999999999999
1,8347
1,8242
2,0427
1,8435000000000001
1,8195
1,8301999999999998
1,818
1,7825
2,0333
1,8352
1,8414
2,1583
1,8354000000000001
1,8191
1,805
1,8017
2,1337
1,867
2,777
1,7626
1,5975
1,5393
1,5288000000000002
2,3141
1,7141000000000002
1,9678
1,5334
1,5098
1,9166999999999998
2,0888999999999998
1,8108
1,8087000000000002
1,8053
1,8313
1,8214
1,8161
1,8205
2,0396
1,8461
1,8059
1,8014999999999999
1,8068
1,8149
3,3968000000000003
2,5333
2,6506
2,2694
1,5074999999999998
1,8888
1,5093999999999999
1,5336
1,8014999999999999
1,7936
2,1362
2,2804
1,8149
1,8081
1,7975999999999999
1,7828
1,786
1,7351
1,7943
1,9091
1,9748999999999999
1,9627
1,8104
2,1445000000000003
1,812
1,7779
1,769
1,7979
1,895
1,9018
1,7819
3,8926999999999996
1,5278
2,008
2,5271999999999997
2,2369
2,6264000000000003
1,6119999999999999
1,8339
1,8054
1,7715999999999998
1,8087000000000002
1,8208
1,8745
1,9124999999999999
2,0095
2,0382
2,1331
1,8583
1,8514
1,7947
1,8803999999999998
1,8680999999999999
2,0634
1,8773
1,9892999999999998
2,9475000000000002
1,5788
1,5678999999999998
1,5775
1,5773
1,8344
1,8181
1,6131
1,728
1,5871
1,8861999999999999
1,8669
1,8536
1,8420999999999998
1,8509
2,0660000000000003
2,3937
2,069
1,9935999999999998
1,7733
1,9484000000000001
1,8981
1,8339
1,966
2,0447
1,8526
1,8483
1,8574
1,8645
1,9223000000000001
3,9446000000000003
1,7904
1,7163
1,5482
1,5357
2,6339
1,5674000000000001
1,5409
1,5441
1,5294
1,5866
1,8484
1,5759
1,8523
1,8536
1,8754
1,8625
1,8581999999999999
1,8545
1,8626
2,5477999999999996
1,9594
1,8743
1,8872
1,8783
1,8669
1,8591
1,8522
2,1766
2,0287
2,942
1,6878
1,5726
1,5747
1,5697
1,9372
1,7205
1,8423
1,6203
1,5525
1,5923999999999998
1,6124
1,7666
1,8809
1,8752
2,1552
2,1083
1,8893
1,8808
1,9043
1,8136
1,8702
1,8881
2,2805999999999997
2,0071
2,0839
1,8939
1,9202
1,8944
1,8996
2,9283
1,6685
1,5449000000000002
1,7918
1,607
1,9333
1,6000999999999999
1,5991
1,5893000000000002
1,5791
1,8794
1,63
1,6200999999999999
2,1464000000000003
1,9061
1,931
1,9053
1,8904
1,8996
2,1249
1,8378999999999999
2,1121
1,9175
1,9361000000000002
1,8617
1,9033
1,9086999999999998
2,4018
1,9149
1,9044
3,0241000000000002
1,5791
1,5337
1,5273999999999999
1,5373999999999999
2,2723999999999998
1,7364
1,6466
1,7615
1,7305000000000001
1,6107
1,5986
1,5907
1,8722
2,078
1,8415000000000001
1,8373
1,8362999999999998
2,0783
1,8615000000000002
1,7863
1,8423999999999998
1,9864000000000002
1,8532
1,811
1,873
1,9935999999999998
2,0604
1,9273
2,0211
3,5471
1,6233
1,5855000000000001
1,5756999999999999
1,572
2,2169
1,6412
1,5739
1,5813
1,7046999999999999
1,6147
1,6128
1,6183
1,9107
2,1612
1,9128999999999998
1,8989
1,8979000000000001
2,0501
1,9075
1,8512
1,9058
1,9916999999999998
2,1220000000000003
1,8792
1,9132
1,9361000000000002
1,9112
1,9149
2,1818
3,4158
1,771
1,5807
1,5674000000000001
1,6094
1,9078000000000002
1,5733
1,5534999999999999
1,5576999999999999
1,6601000000000001
2,0659
1,9133
1,8760000000000001
1,8879000000000001
1,8867999999999998
1,8832
1,8774
2,1001000000000003
1,8780999999999999
2,0926
1,8111
1,9700999999999997
1,8816
1,8867
1,8266
1,9324
1,9204999999999999
2,0133
2,0654
2,8554
3,0633000000000004
1,6112
1,6252
1,6492
1,6226
2,1087
1,8511
1,7572
1,6578000000000002
1,6333
1,6620000000000001
1,6689999999999998
1,6945000000000001
1,9333
2,8933
2,6782
1,9778
1,9738
1,9707999999999999
1,9960999999999998
1,9391
2,0021
2,4102
2,1567000000000003
2,0338000000000003
2,0299
2,0139
2,043
2,0192
3,0244
2,5742
1,7719
1,7026999999999999
2,0167
1,7611
1,6793
1,6757
1,9562
2,3769
2,0294000000000003
2,0026
1,9786000000000001
1,9975
1,9897
1,9864000000000002
1,9813999999999998
2,4664
1,9350999999999998
1,9562
1,9606
1,8977
1,9452
1,9626000000000001
1,9654
2,1062
2,1798
2,2252
2,1386
1,9758000000000002
1,9673999999999998
1,9876999999999998
1,9835999999999998
2,906
2,1031999999999997
2,0338000000000003
2,2569
2,0439999999999996
1,9702000000000002
1,9824
2,3283
2,5728
2,0014
3,6749
1,6176000000000001
2,0065
1,9605
3,1334
2,7325
2,0299
1,6653
1,9516
1,9618
1,9427999999999999
2,0833000000000004
2,0061
2,1464000000000003
1,9501
1,941
1,9502
2,7628000000000004
2,7706
2,682
2,7363
2,5106
2,4134
2,3945
2,3936
2,4806
2,3952999999999998
3,0425999999999997
2,4562
1,7614
1,8462
1,8372
1,7026000000000001
1,5556
3,8305000000000002
1,6451
1,5243
1,5158
1,7982
2,0793999999999997
1,6401000000000001
1,5357
1,8548
1,9551
1,9913999999999998
2,0361
1,8645
1,8626999999999998
2,1784
2,038
1,8744
1,873
2,0612
1,8816
1,8334
1,5273999999999999
1,5289
1,674
1,5587000000000002
3,6917
1,6884000000000001
1,7364
1,5636999999999999
1,5405
1,8163
1,6293
1,7424000000000002
1,5908
1,6128
1,5939
1,7799999999999998
1,6273
1,9022
1,8794
2,1553
1,915
1,8797
1,891
1,8760999999999999
2,7258
1,9784999999999997
1,9266999999999999
2,3423
1,9648
1,8678
1,8696
1,8744
2,0113000000000003
1,8278
2,8108
1,6879
1,5508
1,5607
1,5608
2,7374
1,5508
1,8305
1,6203
1,5553
1,9219
1,5920999999999998
1,5604
1,7967
1,8007
1,8967999999999998
1,9944
1,7965
1,796
1,9589999999999999
1,7689
1,7930000000000001
1,8785
1,8625
1,7629
2,1249
1,8789
2,3294
1,9641
1,8201
3,0745999999999998
1,5604
1,5525
1,7923
1,6098
2,0732
1,5608
1,5407000000000002
1,5423
1,5428
1,8051
1,8247
1,8162
2,0679000000000003
2,1069
1,8365
1,8355
1,8234
1,8293000000000001
1,8394
1,7805
1,8706
2,1187
2,1028000000000002
1,8356
1,8328000000000002
1,8815
1,8774
1,8508
1,8158
3,3409
1,9741
1,5295
1,5315
1,6882
1,8835
1,5171
1,5176
1,5183
1,6486
1,9779
1,8059
1,8140999999999998
1,7895999999999999
1,7976999999999999
1,7862
1,7784
1,7791000000000001
1,878
1,9445000000000001
1,7487
1,825
1,8086
2,0621
1,7512
1,8497
1,827
1,9426
1,8824
1,7979
4,005800000000001
1,7833
1,4617
1,4637
1,4595
1,9299
1,7534
1,5081
1,4614
1,4305999999999999
1,4954
1,4766
1,7454
1,7368
1,7352999999999998
1,97
1,9644
1,7331
1,7288
1,7695
1,6816
1,729
1,7351
1,7664
1,7737
2,0178000000000003
1,8126
1,7332999999999998
1,8362999999999998
1,7807000000000002
1,7259
1,9285
3,4245
1,5391000000000001
1,6716
1,4548
1,4219
1,8929
1,4385
1,4522000000000002
1,4322
1,4323000000000001
1,7902
1,7036
1,9263
1,7065
1,7068999999999999
1,707
1,7162
1,7086
1,6934
2,0443000000000002
1,6605
1,9108
1,7708000000000002
1,7681
1,7527000000000001
1,764
1,7516999999999998
1,7631999999999999
1,9117
1,7499
1,6942000000000002
1,9499
3,1544
1,4385999999999999
1,4199
1,4163999999999999
1,4277
2,3896
1,451
1,4378
1,6804000000000001
1,4365999999999999
1,4493
1,4443
1,7125000000000001
1,7128
1,965
1,717
1,7048
1,7315
1,9427999999999999
1,7514
1,6819000000000002
1,7612999999999999
1,7334
1,9938
1,7138
1,9287
1,8021999999999998
2,0219
1,7673
1,7909
1,7671
1,7593
1,8853
2,8459000000000003
1,5064
1,7532999999999999
2,0054
1,7837
2,6756
2,5162999999999998
2,2625
2,2716
1,7864
2,0178000000000003
1,8078
1,7941
1,7696999999999998
1,9001000000000001
1,7019
1,7550000000000001
1,8085
1,7838
1,4926
1,7626
1,5089000000000001
1,4871
1,4758
2,4699999999999998
2,4034999999999997
5,1023
1,7621
1,5142
1,4919
1,4699
1,9485999999999999
1,4785
1,4607999999999999
1,4598
1,461
1,7857999999999998
1,9888000000000001
1,7799
1,7662000000000002
2,3047
1,8156999999999999
1,7991000000000001
1,7730000000000001
1,8016
1,9536000000000002
1,9778
1,7934999999999999
1,8963999999999999
1,7967
1,7419
1,8140999999999998
1,8111
1,8294
1,792
2,0862
1,8927
2,3635
2,9277
1,4890999999999999
1,4923
1,5176
1,4942
1,9232
1,7825
1,5491000000000001
1,6772
1,4913
1,5484
1,5384
1,5418999999999998
1,8303
1,8325
1,9375
1,9281000000000001
2,4650000000000003
1,8477999999999999
1,8495
1,792
1,8626
1,8567
1,8404999999999998
1,9895
2,0644
1,8381
1,8281
1,8369
1,8334
1,8169
2,8851
1,6282
1,8606
1,5548
1,5156
1,8985
1,5114
1,5408
1,519
1,5151
1,553
1,5640999999999998
2,1767000000000003
1,8763
1,8619999999999999
1,8774
1,8963999999999999
1,8757
1,8743
1,8748
2,3768000000000002
2,0966
1,8885
1,8883
1,8253
1,8919
1,8709
1,8751
2,0238
2,1434
1,9061
2,8270999999999997
1,5708
1,5611
1,5571000000000002
1,8857
1,5561
1,7672
1,7871
1,8611
1,8866
1,9025999999999998
1,8744
1,8851
1,8745999999999998
1,9727
2,1055
1,8941
1,8786
1,8469
1,8876
1,9
1,8989
1,8423999999999998
2,4654
2,097
1,871
1,8963
1,9646
2,0682
1,8648
1,5893000000000002
1,9832999999999998
2,0894
1,8832
2,1077
1,9005999999999998
1,8739
1,8841
1,8806
2,026
1,8904
2,1025
1,8925
1,9177
1,8996
1,893
4,2435
2,4266
2,4124
1,8965
2,1372999999999998
1,6076000000000001
1,6073000000000002
1,9052
2,4586
1,925
2,1079
1,9326
1,9637
1,8581999999999999
1,9308
2,0715999999999997
2,1517
1,8751
3,7019
2,6500999999999997
2,4491
2,4555
2,6249
2,4604000000000004
2,6656
2,4789999999999996
2,6624
2,4164
2,533
1,8732
1,6431
1,5583
1,8238
1,6105
2,3962
2,5914
3,3585
1,5847
1,5395
1,5306
1,8041
1,9483000000000001
1,5308
1,5306
1,5129
2,3246
1,5855000000000001
1,5785
1,8738
2,0820000000000003
1,8931
1,8705
1,8787
2,0008999999999997
1,8719
1,8667
1,8103
1,9675
3,0046
2,4058
2,0154
1,9350999999999998
1,9095
1,8567
1,8448
2,0141999999999998
3,3134
1,5611
1,7911
1,7072999999999998
1,5237
1,8455
1,5154
1,8963
1,9131
2,1359999999999997
1,8072
1,8549
1,8407
1,823
1,8144
1,8982999999999999
1,9468
2,3186
1,8933000000000002
1,8492
1,7709
2,0136
1,8369
1,8282
1,9784
1,8541
2,1294999999999997
1,8642
2,1483000000000003
1,928
2,0016000000000003
2,9907000000000004
1,5453000000000001
1,5387
1,8063
1,5777
2,4366000000000003
1,5621999999999998
1,5357
1,5244
1,5251
1,6139999999999999
1,5872
1,5782
2,1444
1,9735
1,8876
1,8819
1,8965
1,929
1,9011
1,8419
2,1312
2,0243
1,9324999999999999
1,9047
1,9163
1,9572999999999998
1,9214
1,9234
1,9433
5,2439
1,6897
1,6137000000000001
1,6435
1,6237000000000001
2,0439999999999996
1,6163
1,8146
2,2645999999999997
1,6065999999999998
1,6283
1,6317
1,9383
2,0899
1,9121
1,9233
2,3
2,0502
1,9335
1,9319000000000002
1,8675
1,9187
1,9308999999999998
1,8760000000000001
2,262
2,008
1,9374
1,9406
1,9227999999999998
2,8733
1,5811
1,5945
1,9872
2,4287
2,2430000000000003
1,6652
1,6554
1,6378
1,6452
1,8887
2,0511
2,5203
1,8936
1,84
1,8315
1,8292
1,8163
1,8251000000000002
1,8220999999999998
1,9089
2,0257
1,8478999999999999
1,8226
1,8443
1,8356
1,8299
1,8217999999999999
1,9615000000000002
1,9285999999999999
3,6698999999999997
1,5675000000000001
1,5408
1,5156
1,5489
1,9138
1,6447
1,7408000000000001
1,5430000000000001
1,812
1,9605
1,8694
1,8475
1,8567
1,8095999999999999
2,254
1,9054
2,0213
1,825
1,8345
1,7532999999999999
1,7994
1,7997
1,7893
1,9292999999999998
1,7904
2,0093
1,8021999999999998
1,8198999999999999
1,794
2,9439
1,5003
1,7897
1,5198
1,4942
2,1216
1,6107
1,5042
1,5038
1,509
1,8492
2,0079
1,8146
1,7608000000000001
1,8175000000000001
1,9953000000000003
1,789
1,784
1,8021999999999998
1,8068
2,3159
1,8061
1,812
1,8936
1,8631
1,7953000000000001
1,789
1,7862
1,8689
1,7826
1,7648
3,0971
1,774
1,5488
1,4926
1,4761
1,8400999999999998
1,6146
1,4984
1,4867000000000001
1,4604
1,4951999999999999
1,8055
1,6042
1,8651
1,7876999999999998
1,7677999999999998
1,8624
1,7518
1,7543000000000002
1,7546
1,7246
1,9851999999999999
1,7658
1,7525
1,9272
2,2182
1,7538
1,7432
1,7427
1,8234
1,8766
3,1878
1,6194
1,4889000000000001
1,479
1,4771
1,8523
1,4632
1,4671
1,6804000000000001
1,4673
1,4705
1,4777
1,8659
1,9065
1,7182
1,7595
1,7849000000000002
1,7172
1,9382
1,734
1,7791000000000001
1,74
1,7411
1,7441
1,6936
1,7435
1,7332999999999998
1,9567999999999999
2,0281000000000002
2,336
1,7468
1,7526
2,8654
1,46
1,4417
1,4365
1,6985
1,9396
1,5714
1,4403000000000001
1,4672
1,4561000000000002
1,6972999999999998
1,8477000000000001
1,8526
1,7709
1,9823000000000002
1,9198
1,8423999999999998
1,7373
1,742
1,7432
1,7144000000000001
1,7522
1,7509
1,9919999999999998
1,9763
1,7524000000000002
1,7535999999999998
1,7574
1,7708000000000002
1,754
1,7572
1,76
3,3135
1,5087
1,4726
1,47
1,4713
1,8531000000000002
1,4748999999999999
1,4595
1,4426
1,4469
2,3127999999999997
1,7995999999999999
1,7736
1,7845
1,7570000000000001
1,7487
1,7425
1,7519
1,7557
2,0057
1,7184
1,9371
1,7546
1,7865
1,7221
1,738
1,7463
1,7382
2,4074
1,779
1,7815
2,6538999999999997
2,882
1,4507
1,4469
1,4399
1,6896
2,2526
1,5958
1,5532
1,5956
1,452
1,7318
1,7598
1,7428000000000001
1,8628
1,936
1,7693999999999999
1,7601
1,7796999999999998
1,7425
1,7384
1,6856
1,7332
1,9391
1,9263
1,6859
1,7309999999999999
1,7596999999999998
1,7322
1,7903
1,7379
1,8523999999999998
2,3159
3,1635999999999997
1,4483
1,4093
1,5273999999999999
1,4289999999999998
1,7767
1,4441
1,4119
1,4441
1,4152
1,9124
1,7321000000000002
1,7224
1,8103
1,9147
1,7309
1,7367000000000001
1,7503
1,7332
1,8278999999999999
1,8140999999999998
1,8164
1,7532999999999999
1,7328999999999999
1,6672
1,7312
1,7569000000000001
1,7616
1,7438
1,997
2,2667
1,9688
2,216
2,8386
1,4729999999999999
1,7289
1,7324
1,9732999999999998
2,871
2,2182
1,9132
2,2424
1,7546
1,745
1,7659
1,9638
2,0117
1,7574999999999998
1,6874
1,7528000000000001
2,111
1,8497
1,4282
1,4458
1,4449
1,7301
1,4717
1,95
2,4691
2,7877
3,3299
1,4581
1,5616
1,6686999999999999
1,4755
1,7659
1,4638
1,4329
1,7287
1,4439
1,7127
1,7581
1,8673
1,9001000000000001
1,7726
1,7692
1,776
1,9113
1,7675
1,7633
1,7113
1,8054
2,0153
1,7799
1,7198
1,8715
1,7759
1,7672
1,7787
1,8214
2,0391
1,9804000000000002
3,1394
1,5344
1,8893
1,441
1,4339000000000002
1,8376
1,4675999999999998
1,4601
1,6955
1,4587999999999999
1,4885
1,488
1,8538000000000001
1,7853
1,7808
1,7736
1,7971000000000001
1,8698000000000001
1,883
1,7692999999999999
1,8074000000000001
1,7602
1,7584
1,7558
1,6969
1,7848
1,7692
2,0022
1,7752
1,8431000000000002
1,7868000000000002
2,0343
3,404
1,4678
1,4603000000000002
1,6731
1,504
2,281
1,664
1,4718
1,4598
1,4407999999999999
1,4868999999999999
1,466
1,7577999999999998
1,9805000000000001
1,7671
1,8658
1,7507
1,7564
1,766
1,7792000000000001
1,7066
1,7607
2,6687999999999996
2,2713
1,7132
1,7446
1,7451
1,7681
1,7667
1,761
1,7592
2,2044
2,9377
1,4198
1,3891
1,3982
1,4198
1,8988
1,4139000000000002
1,4011
1,4273
1,9449999999999998
1,8456
1,459
1,4593
1,7462
1,7622
1,7543000000000002
1,7505000000000002
1,745
1,8477000000000001
1,964
1,6888
1,7490999999999999
1,7514
1,7623
1,7589000000000001
1,7602
1,9586999999999999
2,1790999999999996
1,8959000000000001
1,7936
1,7937
1,9082000000000001
1,4419000000000002
2,7973999999999997
1,4760000000000002
1,7612999999999999
2,0864
1,7722
2,7322
2,2626
1,9342000000000001
2,2321
1,7689
2,2153
2,2491
1,9501
1,8249
2,1510000000000002
1,7853
1,7761
1,8565
1,9436
1,7829
1,8047
1,4303000000000001
1,3992
1,4264
1,5878999999999999
2,4737999999999998
2,4688000000000003
3,4126
1,9354
1,4912
1,4024
1,4392999999999998
1,7973
1,4076
1,388
1,3826
1,639
1,4427
1,4358000000000002
2,0151000000000003
1,7386000000000001
1,7551999999999999
1,7219
1,7201
1,712
1,8537
2,1356
1,8065
1,9903
1,7210999999999999
1,8848
1,6558
1,7210999999999999
1,7175
1,7213
1,719
1,7087
1,9345
2,074
2,3135
1,7065
2,7870999999999997
1,4673
1,7257
1,7151
1,8404999999999998
2,9039
1,9021000000000001
1,8847
1,7293
1,8433
1,7285
1,7168999999999999
1,7191999999999998
1,9274
1,7371
1,6549
1,7127
1,7077
1,7046
2,3574
1,3882
1,3785
1,39
1,6582000000000001
1,8056999999999999
2,5359
2,4234
2,3545
4,0641
1,6293
1,8365
1,6171
1,6087
2,3492
2,0344
1,487
1,4082999999999999
1,3699999999999999
1,6653
1,8391
2,0241000000000002
1,7081
1,6976
1,694
1,9076
1,6949
1,7030999999999998
1,6992
2,0622000000000003
2,1844
1,7789
1,7503
2,0753
1,8455
1,7249999999999999
1,7138
1,7130999999999998
1,7217
1,9243999999999999
1,6482
1,6102
3,1974
1,3960000000000001
1,3617
1,3734000000000002
1,3671
1,7802
1,625
1,4214
1,3829
1,3509
1,833
1,6578000000000002
1,6505
1,6514
1,6519
1,7658
1,7799
1,7759
1,6824
1,8584
1,6378
1,665
1,6908999999999998
1,7044
1,627
1,6903000000000001
1,8886
1,6628
1,7437
2,0996
1,6528999999999998
1,6591
1,6682000000000001
1,7025000000000001
3,5853
1,4923
1,6685
1,9973999999999998
1,6996
2,6046
1,8182999999999998
1,8506
1,7147
1,8949
1,6861000000000002
1,8034
1,6563
1,66
1,6635
1,5988
1,6852
1,6569
1,6556
1,8407
1,8856000000000002
1,4235
1,3841999999999999
1,3745
1,8299
2,1332999999999998
2,092
2,113
3,9560999999999997
1,6045
1,3776000000000002
1,3663
1,3716
1,7872000000000001
1,3971
1,381
1,4112
1,4162000000000001
1,6774
1,5183
1,7286000000000001
1,6854
1,7026999999999999
1,7221
1,6652
1,6647999999999998
1,6586
1,6684
1,9393
1,6907
1,6794
1,6747999999999998
1,6226
1,6837
1,6643999999999999
1,6762000000000001
1,6861000000000002
1,803
1,8558999999999999
1,6938
1,7044
2,3673
2,8036
1,4551
1,4568999999999999
1,4307
2,0416000000000003
2,834
2,1045
2,0825
1,5798999999999999
1,6711
1,6685999999999999
1,4147
1,5593
1,9082000000000001
1,6984000000000001
1,692
1,6437
1,8087000000000002
1,7191999999999998
1,6885
1,6666999999999998
1,8008
1,8719999999999999
1,9350999999999998
1,7052
1,6701000000000001
1,6824999999999999
3,1686
2,0808
1,9444
2,0953
2,3280000000000003
2,1445000000000003
1,9925
1,4193
1,4065
1,4262000000000001
1,3959000000000001
1,6285
1,8511
1,8314
1,8062
1,7440000000000002
1,6953999999999998
1,7298
1,7107999999999999
1,6700000000000002
1,9079
1,7355
1,9387
2,3764
2,1632000000000002
2,0926
2,1119
2,3224
2,2702999999999998
2,1731
2,4803
1,4667000000000001
1,4396
1,3929
1,3937000000000002
1,393
1,4353
1,9532
1,7205
1,6842000000000001
1,8102
2,0429
1,3932
1,4111
1,387
1,3898000000000001
1,3792
1,8761999999999999
1,4767000000000001
2,0823
2,3323
2,524
1,4
1,4044
1,3679000000000001
1,3636
1,5106
1,3872000000000002
1,3847
1,3794
1,6955
1,9032
1,883
1,4028
1,3867
1,4037
1,4943
1,5183
1,4241
1,4239000000000002
1,7012
1,5327
1,5988
1,4133
1,383
1,3988
1,3811
1,6898
1,4229
1,4044
1,6453
1,7083000000000002
1,9319000000000002
1,7252999999999998
3,7091
2,7560000000000002
1,9204
1,8314
1,7175
1,7406
1,9335
4,6292
2,0688
2,1204
1,7688000000000001
1,8589
1,8153
1,9548999999999999
1,7442
1,7332999999999998
1,8676000000000001
1,6789999999999998
1,7313999999999998
1,7412
3,4469000000000003
2,1435
1,4147999999999998
1,7276
1,8744
1,739
1,7392
2,0089
2,1935000000000002
1,9159
2,4405
2,2605
2,1524
1,9059000000000001
1,7579
1,7493999999999998
1,8420999999999998
1,6965000000000001
1,8672
1,8703
1,7654999999999998
1,8061
1,9283
3,5131
1,7809
1,4501
1,4448
1,9278
1,7434
2,0203
2,1914000000000002
2,1798
2,1803
1,7477
1,9643
1,9221
1,7521
1,7572
1,7247000000000001
1,6638
1,7306000000000001
2,0821
2,1857
1,7302000000000002
1,9221
1,7470999999999999
1,7419
1,7127
1,7151
4,1182
2,2264
1,9178000000000002
2,4632
2,2245
1,675
1,9468
1,4301
1,5344
1,7341
1,7255
1,7213
1,9485
1,7252999999999998
1,7302000000000002
1,7246
1,6738
2,0854
1,7635
1,7117
1,6842000000000001
2,1297
2,9618
2,1846
2,1534
2,4154
2,1856000000000004
1,3803999999999998
1,7172
3,4204
1,4613
1,4158
1,7118
1,7335
1,6984000000000001
1,7006000000000001
1,7003000000000001
1,7845
2,0974
1,6615
1,7102
1,7003000000000001
2,0295
2,1725
1,5422
1,6924
1,7985
2,126
1,7124
1,7081
1,7327
2,0239
2,3354999999999997
2,4343
2,2631
2,3744
2,1976
1,7072
1,7401
1,7119
1,7328000000000001
1,9238
1,5579999999999998
1,3911
1,4999
1,5408
1,3882
2,3957
1,8603
2,148
1,9759
1,5594000000000001
1,4350999999999998
1,3805
1,609
1,5537
1,4055
1,4397
1,4341
1,7117
1,8741
1,3738000000000001
1,9462
1,3793
1,4904
1,5636999999999999
1,3904
1,3734000000000002
1,3656
2,5117999999999996
1,3751
1,3716
1,5531
1,3832
1,3622
1,5761
1,6009
1,4028999999999998
1,3958
1,6274
1,6927
1,9516
1,4613
2,1397
1,367
2,3205
1,8858
1,4204
1,3689
1,3737000000000001
1,3712
1,8496000000000001
1,3994
1,383
1,3852
1,3780999999999999
1,6578000000000002
1,443
1,3772
1,6517000000000002
1,7082
1,6402
2,4949999999999997
1,3901000000000001
1,3861999999999999
1,3696
1,6039999999999999
1,4273
1,3821
1,3631
1,3617
2,8815999999999997
1,4028999999999998
1,3836
1,398
1,3902
1,3768
1,6615
1,4399
1,3659
1,7059
1,6391
2,0251
2,0456
2,2525
1,355
1,9375
1,7133
1,7007
1,7038000000000002
1,7018
1,8194000000000001
1,7
1,9751
2,1372
2,4083
2,1966
2,3720999999999997
2,7367
3,2714
2,1170999999999998
2,1121999999999996
2,1884
1,4577
1,4032
1,3786
1,5951
1,5158
1,4448
2,7352000000000003
1,5319
1,6340000000000001
2,3358
1,4469
1,3921999999999999
1,4923
1,3992
1,4001000000000001
1,3841999999999999
1,3975000000000002
2,2354
2,678
1,8809
1,4224999999999999
1,4614999999999998
1,3853
1,3864999999999998
1,4124999999999999
1,397
1,3796
1,4655
1,6705999999999999
2,0107
3,2345
2,202
1,7135
1,7114
1,7212
1,7329999999999999
1,7168
1,7931
2,906
2,4721
1,916
2,1721000000000004
2,1898999999999997
2,1795
1,7409999999999999
1,9627
1,7872999999999999
1,9407999999999999
1,8631
2,1647
1,4303000000000001
1,4294
1,4152
1,3983
1,4224
1,9294
2,4632
1,9980000000000002
2,178
2,0184
1,4181000000000001
1,3977
1,3976
1,3963
1,5895
1,8593
1,5835000000000001
1,3724
1,8906
1,3921999999999999
1,4314
1,4009
1,3969
1,3996
1,4043
1,7393
1,4969000000000001
1,3693
1,7081
1,395
1,3888
1,4033
1,3906999999999998
1,4078000000000002
1,3925
1,3948999999999998
1,6335
1,4662
1,4332
1,7547000000000001
1,4047
1,406
1,4108
1,3858
1,3967
1,3957
1,4266
1,6846
2,1529000000000003
1,9407
1,3948999999999998
1,3864
1,4233
1,3840000000000001
1,3944999999999999
1,3934
1,3936
1,5062
2,9188
1,5285
1,4365
1,439
1,4805000000000001
1,6982
1,4684
1,4701
1,4672
1,5897000000000001
1,6414000000000002
1,6854
3,7311
1,4257
1,4141
1,6649
1,6672
1,675
1,8017
1,8889
2,7167
2,1205
1,8278
2,0749
2,0774
2,5744000000000002
1,6771
1,8999
1,6655000000000002
1,685
1,6111
1,9482
1,3777
1,3803999999999998
1,3780000000000001
1,9899000000000002
1,3713
1,8462999999999998
2,0991
1,8248
2,0512
2,0366
1,3899
1,3768
1,4788
1,4146
1,463
1,6372
1,417
1,436
1,8760000000000001
1,3963
1,3867
1,3883999999999999
1,6088
1,4086
1,3986
1,408
1,6991
1,4051
1,7059
1,4034
1,4086
1,3996
1,3937000000000002
1,7549
1,4243000000000001
1,4098
1,3874
1,6399
1,4580000000000002
1,6812
1,4120000000000001
1,4055
1,4073
1,5857
1,9235
1,4252
1,4229
1,5430000000000001
2,2897999999999996
1,9403000000000001
1,4141
1,3966
1,4053
1,5652000000000001
1,3912
1,3955
1,4022999999999999
1,4287
1,8983999999999999
1,4264
1,4066
1,3906999999999998
1,4078000000000002
1,3922999999999999
1,5365000000000002
1,4022
1,4154
1,3849
1,3791
1,6499
2,2285999999999997
1,4194
1,4021000000000001
1,6939
1,9409
1,6607
1,4166
1,4007
1,7155
1,6339
1,4630999999999998
1,4158
1,4051
1,3991
1,6565
1,8051
1,6843
1,6789999999999998
1,6171
1,6805999999999999
1,8929
1,6707
3,8317
1,8553
1,8135000000000001
1,6118000000000001
1,8477000000000001
1,6722
1,8603
2,2735
2,2169999999999996
2,4688000000000003
1,6482
1,6504
1,6544
1,6632
1,7683
1,7706
1,6647999999999998
1,6203
1,7981
1,6685999999999999
1,9738
1,3887
1,416
1,3983
2,2907
2,1027
2,1486
2,7022
2,3897
2,1754000000000002
1,4363
1,4118
1,5085000000000002
1,6353
1,4124999999999999
1,7173
1,7087999999999999
1,6836
1,6813
1,8515000000000001
1,4395
1,4114
1,4115
1,6764
1,4534
1,5627
1,4266
1,6695
1,9784999999999997
1,4146
1,4427999999999999
1,3999
1,4291
1,4778
1,6435
1,5342
1,6798
1,6659000000000002
1,8417
1,3851
1,4124
1,4073
1,3869
1,3809
1,8226
1,4569999999999999
2,0694
2,088
1,4139000000000002
1,3954
1,428
1,3779000000000001
1,3813
1,3986
1,4082999999999999
1,6766
1,5372999999999999
1,6447
1,6846
3,7999
1,39
1,4231999999999998
1,6916
1,6872
2,1094999999999997
1,7512
1,9264
2,6808
2,118
1,8476000000000001
2,0944000000000003
2,0888
2,6279
1,7566000000000002
1,6964000000000001
1,6923000000000001
1,6976
1,6427
1,8532
1,4057
1,3901000000000001
2,1042
1,4699
1,3961
1,7975
2,3701
2,4497
1,4076
1,3998000000000002
1,4027
1,8402
1,7
1,5573
1,5544
1,5429
1,7608000000000001
1,6318000000000001
1,6896
1,6758000000000002
1,7839
4,191000000000001
1,9105999999999999
1,8497999999999999
1,6161
1,6793
1,6784000000000001
1,6804000000000001
2,5109
2,6296000000000004
2,2765
1,6850999999999998
1,6881000000000002
1,6726
1,6785
1,6873
2,2167
1,7685000000000002
1,8523999999999998
1,6967
1,7079
2,0152
2,1403
1,5533000000000001
1,7003000000000001
1,5636
1,7035
1,9339
1,7222
1,7402
2,8602
2,1654
2,1515000000000004
2,33
2,1727
1,6483999999999999
1,6287999999999998
1,7371
1,7052
1,7072
1,9174
1,4184
1,4357
1,4104
1,4222
1,9353
2,2989
2,2755
2,4467
1,9702000000000002
1,9621
1,4112
1,4202
1,4596
1,6222999999999999
1,4448
1,5662
1,7328000000000001
1,7079
1,9166
1,5755000000000001
1,3789
1,3760999999999999
1,3899
1,6138000000000001
1,4609
1,3986999999999998
1,392
2,2108000000000003
1,3997
1,5257
1,3893
1,3691
1,3706
1,3882
1,6415
1,4484000000000001
1,4185
1,3722
1,7124
1,8759
1,6824
1,6813
1,3933
1,3958
1,3947
1,7014
1,4205
1,7055
1,4139000000000002
1,3943
1,8698000000000001
1,4586
1,3983999999999999
1,3925999999999998
1,6811
1,9729
1,7323
1,6623
1,7181
1,8156999999999999
1,7271
3,7569
2,1822
2,3413
1,6922000000000001
1,7322
1,7321000000000002
1,7535999999999998
2,9930999999999996
1,916
2,0106
1,9443
1,77
1,7381
1,7377
1,9409
1,7502
1,7511
1,7001
2,1144
2,0975
3,5002
1,9621
1,6945000000000001
1,4606000000000001
1,7344000000000002
1,7352999999999998
2,0108
2,1515000000000004
2,3662
2,2144999999999997
2,3280000000000003
2,1821
1,7527000000000001
1,7548
1,7381
1,7393
1,9718000000000002
1,6793
1,8268
1,7463
1,7611
1,8458
1,9567999999999999
3,5537
2,4991000000000003
2,9251
2,2556
2,2174
1,6865999999999999
2,053
1,4502
1,4346
1,9713999999999998
1,8619
1,7304
1,7309
1,7345
1,7416
1,7383
1,6557
1,7172
1,9116
2,4589
1,7912
1,7482000000000002
1,7596
1,9748
1,7576
1,7872000000000001
4,5604000000000005
2,3497000000000003
2,2456
2,2297
1,4699
2,0355999999999996
1,4536
1,4477
1,6967
2,09
1,5008000000000001
1,4919
1,7784
1,8003
1,7921
1,7943
1,7839
1,8936
2,0468
1,8764
1,8595000000000002
1,8023
1,7956
1,7979999999999998
1,7727000000000002
1,7688000000000001
2,2669
1,8018999999999998
1,7668
1,7701
1,794
1,7376
3,0893
1,4603000000000002
1,4414
1,7802
1,497
2,3814
1,4482
1,4691999999999998
1,4337
1,4937
1,492
1,5024000000000002
2,2007
2,3440000000000003
1,8569
1,803
2,6774
1,9269999999999998
1,9480000000000002
1,7293
1,7802
2,1679
1,7807000000000002
1,771
1,8808
1,7838
1,7757999999999998
2,813
1,4654
1,4365999999999999
1,7149999999999999
1,6968
2,0105
1,7077
1,48
1,4557
1,7297
1,7798
1,8206
1,7776
2,0699
1,7907000000000002
2,3391
1,7881
1,7794
1,7968000000000002
1,7503
1,7828
1,9108
1,9156
1,8953
1,7944
1,7918999999999998
1,7869
2,9318999999999997
1,4525000000000001
1,4537
1,6102
1,6287999999999998
2,6475
1,4668999999999999
1,4480000000000002
1,4549999999999998
1,4316000000000002
1,7276
1,4877
1,4818
1,9818000000000002
1,7897
1,7703
1,7711999999999999
1,7825
1,7884000000000002
2,3711
1,7473
1,9673999999999998
1,9900999999999998
1,8252
1,748
1,8068
1,8349
2,0816
1,8599
1,8642999999999998
1,9519
2,0251
2,9549
1,514
1,5042
1,6045
1,5376
1,8754
1,5164
1,4946
1,7358
1,5591
1,7782
1,8239
1,8247
2,0046999999999997
1,8182999999999998
1,8102
1,8111
2,0471
1,8331
1,8082
1,7348000000000001
2,0643
2,0489
1,7824
1,79
1,7918999999999998
2,6976999999999998
1,8651
1,85
2,0824
1,951
3,1321
1,5130000000000001
1,5427
1,6972999999999998
1,4813
1,7342
1,4279
1,5768
1,47
1,5521
1,6653
1,7068
1,738
2,1071000000000004
1,7390999999999999
1,7157
1,8357
1,7332
1,7171
1,7318
1,6683
1,8577000000000001
1,796
1,8446
1,6699
2,1256999999999997
1,9258000000000002
1,8154
1,742
1,8580999999999999
1,8242
1,8056
3,0006
1,562
1,4626000000000001
1,4569999999999999
1,4548
1,7714
1,4764000000000002
1,4498
1,4542
1,5914
1,7576
2,0419
1,7194
1,704
1,6946
1,6978
1,7018
1,7002
1,686
1,9134
1,7226
1,6897
1,6782
1,6900000000000002
1,6322999999999999
1,7343
1,7502
1,7075
1,9643
2,0239
2,0919
1,6961000000000002
2,9223
1,4446
1,4259
1,4222
1,4382
1,9124
1,8354000000000001
1,4746
1,4359
1,4228
1,474
1,4823
1,7302000000000002
1,7261
1,7355999999999998
1,8247
1,9903999999999997
1,7368
1,7363000000000002
1,7209
1,678
1,714
1,7271
1,7248999999999999
1,6662000000000001
2,0140000000000002
1,7316
1,8004
1,7426
1,7875
1,7502
1,6921
1,7030999999999998
2,8976
1,9607999999999999
1,7064000000000001
1,6911999999999998
1,6873
2,5569
2,0965
1,8353
2,0947999999999998
2,1582
1,7233
1,7004
1,7602
1,7654999999999998
1,7425
1,7051
1,6800000000000002
1,6804999999999999
1,856
1,7895
1,6689
1,3985
1,428
1,3971
1,5256
2,3233
2,0854
3,7136
1,4551
1,3925
1,6069
1,4524
1,7502
1,3956000000000002
1,3847
1,3915
1,9737
1,6861000000000002
1,8419
1,6697000000000002
1,6941
1,6824999999999999
1,6841
1,7323
1,754
1,8082
1,7918
1,9696000000000002
1,6263
1,6968
1,6708
1,6734
1,6128
1,6727
2,0111
1,6624999999999999
1,6605
1,8908
1,6641
2,0919
3,0377
1,4028
1,382
1,5114
1,4147999999999998
1,8053
1,656
1,442
1,4363
1,3581999999999999
1,4354
1,692
1,7117
2,3143000000000002
1,7384
1,6749
1,9895
1,7687
1,6778
1,6736
1,6192
1,6731
1,7574999999999998
1,6808999999999998
1,6282
1,7918999999999998
1,7607
1,6876
1,6836
1,8607
1,7112
1,7972000000000001
1,6203999999999998
3,0273000000000003
1,5973000000000002
1,4739
1,3864
1,3822999999999999
1,7473
1,3836
1,4944
1,3971
1,3699999999999999
1,4222
1,4235
1,8222
1,8295
1,6988
1,7401
1,7268
2,205
1,6964000000000001
1,6911
1,6377
1,7062
1,915
1,7061000000000002
1,6541
1,6949999999999998
1,7997
1,7138
1,7203
1,7243
1,7284
1,9729999999999999
1,7888
3,1589
1,5292000000000001
1,5266
1,5296999999999998
1,5466
2,6721000000000004
1,5893000000000002
1,6713
1,4763
1,3964999999999999
1,4346
1,7374999999999998
1,7456
1,7189
1,7572
1,7550000000000001
1,7395
1,9667000000000001
1,7386000000000001
1,7379
2,2941
1,7423
1,899
1,7406
1,7297
1,7418
1,9616
1,7331
1,8423
1,7336
1,7397999999999998
1,8844
2,2620999999999998
2,8583
1,6488
1,4485
1,4231999999999998
1,6401000000000001
1,9411
1,4021000000000001
1,4028
1,4083999999999999
1,4205999999999999
1,4441
1,4455
1,6906
1,7453
1,8283
1,7334
1,7309999999999999
1,7313
1,7133999999999998
1,7559
1,7204
1,7672
1,8567
2,2977000000000003
1,7354
1,7324
1,7413
1,7666
1,7336
1,736
1,7407
1,9888000000000001
2,0065999999999997
2,7188
1,4154
1,4186999999999999
1,4742
1,4143000000000001
1,7681
1,4143000000000001
1,6206
1,7684
1,4321
1,6768
1,7254
1,7156
1,7389000000000001
1,8946
1,7175
1,7233
2,0615
1,7236
1,7199
1,7203
1,6684
1,7664
1,7358
1,7397999999999998
1,675
2,3083
1,9282
1,7388
1,7667
1,9844
1,7625
1,6963
2,8051
1,5189
1,6943
1,4422
1,4326
1,7377
1,4205
1,4025999999999998
1,3946
1,4119
1,6961000000000002
1,7458
2,105
1,7609
1,7359
1,7411
1,7650000000000001
1,7486
1,7448
1,7442
1,7354
1,9161
1,8625
1,7455
1,7392
2,3954
1,7477
1,7429999999999999
1,7251
1,7886
2,2019
1,7666
1,6831
3,0396
1,4185
1,3933
1,3927
1,3883999999999999
2,0184
1,4092
1,6694
1,4416
1,4028999999999998
1,8458999999999999
1,7346
1,7312
1,732
1,8228
1,7338
1,7087
1,9471
1,7101
1,7213
1,7206000000000001
1,66
1,7258
1,7259
2,238
1,6583999999999999
1,9153
1,7248999999999999
1,7446
1,7442
1,9635
1,7419
1,8094999999999999
2,7419
1,3938
1,6474
1,4591999999999998
1,4273
1,7337
1,4111
1,4092
1,3986999999999998
1,4968
1,4436
1,432
1,7187999999999999
1,9763
2,4939
1,8991
1,7135
1,7144000000000001
1,8253
1,7159
1,6559000000000001
1,8408
2,3367
1,7524000000000002
1,6700000000000002
1,7288
1,7264
2,2016
1,7318
1,7408000000000001
2,2072
1,9946
1,6914
2,8841
1,4802000000000002
1,4411
1,4067
1,3943
1,7630000000000001
1,6373
1,4759
1,4208999999999998
1,3898000000000001
1,4355
1,4358000000000002
1,7198
1,7371999999999999
1,7289
1,7289
1,7429999999999999
1,9501
1,7237
1,7210999999999999
1,7385
1,7586
1,7387
1,7403
1,7386000000000001
1,6965000000000001
1,9488
1,7482000000000002
1,7489999999999999
1,745
2,4126999999999996
1,7987000000000002
1,8869
2,9078
2,675
2,2169999999999996
1,8442
1,9499
2,2336
1,5529000000000002
1,4375
1,538
1,4208999999999998
1,8958
1,4974
1,4596
1,7717
1,7521
1,7468
1,7503
1,736
1,8502
1,8617
2,1766
1,7551999999999999
1,7562
1,7206000000000001
1,7355999999999998
1,6681000000000001
1,7248999999999999
2,311
1,9613999999999998
1,738
1,7358
1,7884000000000002
1,8809
2,7326
1,4239000000000002
1,5125
1,4163
1,413
2,1204
1,4688999999999999
1,4505
1,4067999999999998
1,3967999999999998
1,4369
1,435
1,5556999999999999
1,7292
1,7196
1,9622
1,7310999999999999
1,8434
1,7152
1,7129
1,7146
1,6628999999999998
1,7221
1,7193
1,7133
1,879
2,4415999999999998
1,7267000000000001
1,7123
1,7053
1,7309999999999999
1,7525
1,8568
2,876
1,6369
1,3892
1,3719
1,395
1,7993
1,4046
1,3771
1,3795000000000002
1,3652
1,4166999999999998
1,6417000000000002
1,7986
1,7043
1,8695000000000002
1,7103000000000002
1,7394
1,7088999999999999
1,7057
1,6967
1,6345
2,1159
1,7088999999999999
1,6982
1,6444999999999999
1,7404
1,709
1,7068999999999999
1,7129999999999999
1,6998
2,2534
1,9453999999999998
1,7554
1,6813
2,8552999999999997
1,4154
1,4034
1,4089
1,7093
2,8977
2,522
2,5315
2,5354
1,7461
1,7107999999999999
1,7226
1,9137
1,8381
1,6381
1,5847
1,6552
1,6359000000000001
1,6268
1,6026
1,6091
1,7368999999999999
1,3475
1,5987
1,3918
1,9935999999999998
2,2712000000000003
2,0521
3,3051999999999997
1,6497
1,7076
1,5794
1,4099
1,7025000000000001
1,381
1,3581999999999999
1,5421
1,3394
1,3936
1,3849
1,7525
1,6774
1,9393
1,6743999999999999
1,6632
1,6738
1,6421999999999999
1,6360000000000001
1,5967
1,7902
1,6544999999999999
1,6447
1,7984
1,6508
1,6671
1,6531
1,6833
1,6419
1,6485
1,7881
1,6012000000000002
2,2057
2,9266
1,3443
1,7130999999999998
1,6287
1,6663
2,3051999999999997
2,1279
2,0263999999999998
1,7753
1,6570999999999998
1,6456000000000002
1,6431
1,6528999999999998
1,6402999999999999
1,8114999999999999
1,6155
1,6354
1,6277
1,9131
1,6245999999999998
1,6135
1,3487
1,3713
1,3655
1,6596
2,3775
2,3555
2,281
3,5441000000000003
1,4088
1,3673
1,3569
1,7262
1,7413
1,3721
1,3843
1,4353
1,5267
1,3905
1,6565
1,6425
1,6534
2,1798
1,6656
1,6443
1,6462
1,8525
1,7337
1,5953
1,686
1,6544999999999999
1,8774
1,6112
1,7139
1,6586
1,6995
1,8911
1,6543
1,6537
1,6557
1,7063
1,6441999999999999
2,9586
1,3744
1,4134
1,36
1,7114
1,7788000000000002
1,3776000000000002
1,3626999999999998
1,4782
1,3453
1,6424
1,6413
1,6383
1,6773
1,858
1,6833
1,648
1,9342000000000001
1,9028999999999998
1,6417000000000002
1,5801999999999998
1,6677
1,7290999999999999
1,6337000000000002
1,8503
1,6685999999999999
1,7002
1,6631
1,64
1,6351
1,8017
1,6921
1,6612
1,8427
3,5565
1,6838
1,692
1,6473
1,6482999999999999
1,868
2,0635
2,2332
1,7052
1,7949000000000002
1,6758000000000002
1,6796
1,6594
1,6591
1,674
1,621
1,6717
1,8893
1,682
2,4264
1,6717
1,3864
1,3809
1,3845999999999998
1,9091
2,1346
2,3687
2,3073
3,3373999999999997
1,4008
1,3726
1,3908
1,3780999999999999
1,7618
1,3829
1,3786
1,6811
1,5241
1,4020000000000001
1,399
1,6932
1,6823000000000001
1,703
1,6935
1,6846
1,6852
2,0385
1,6921
1,6159
1,684
1,6827999999999999
1,691
1,6297
1,6861000000000002
1,8758
2,145
2,0075000000000003
1,7215
1,6983
1,784
1,7242
2,1426000000000003
2,7874000000000003
1,4156
1,7903
1,4271
1,6907999999999999
1,8383
2,3327999999999998
2,4208
2,4287
1,7087999999999999
2,0154
1,8457000000000001
1,8381999999999998
1,8346
1,8201999999999998
1,6558
1,7087
1,7076
1,9968
1,9986000000000002
1,7461
1,6946999999999999
1,3882
1,4189
1,3867
2,1664000000000003
2,3822
2,7243
3,8855999999999997
1,4063999999999999
1,4116
1,3837000000000002
1,3759
1,7626
1,3961
1,3737000000000001
1,5602
1,3845999999999998
1,8881
1,7037
1,6981
1,7174
1,6961000000000002
1,6946
1,6978
1,7960999999999998
1,7
2,0681
1,7267000000000001
1,6441999999999999
1,835
1,7003000000000001
1,702
1,6386
1,7978
1,7139
1,7086
1,9297
1,9480000000000002
1,7671
1,6588
1,6647
2,8159
1,9535
1,3681999999999999
1,3671
1,6139999999999999
1,8242
1,3909
1,3644
1,3518000000000001
1,3653
1,6969999999999998
1,8058
1,6991
1,6934
1,9011
1,7168999999999999
1,6866999999999999
1,6874
1,688
1,6857
1,8622
1,7021
1,6924
1,7014
1,8557000000000001
1,6995
1,6846
1,683
1,6818
1,8687
1,9217
1,6819000000000002
1,6822
1,9056
2,8481
1,358
1,5457999999999998
1,6391
1,9507999999999999
1,9757
1,3619999999999999
1,3569
1,3436
1,5775
1,9070999999999998
1,6885
1,6856
1,7527000000000001
1,7097
1,6849
1,6858000000000002
1,6988
1,9075
1,7149
1,6406
1,7042
1,6908999999999998
1,8075999999999999
1,6784000000000001
1,6821
1,6783
1,6877000000000002
1,8859000000000001
1,8137999999999999
1,8848999999999998
1,6769
1,7432
1,331
2,7721999999999998
1,3346
1,6856
1,9077
1,6891
1,8362
2,2681
2,492
1,5742
1,6696
1,6717
1,6758000000000002
1,891
1,6846999999999999
1,6720000000000002
1,8776000000000002
1,6818
1,6811
1,6747999999999998
1,6226
1,9219
1,3385
1,5748
1,3625
2,0500000000000003
2,1116
2,0984
2,0918
2,2823
3,1657
1,6277
1,3744
1,3413
1,5955
1,7264
1,3588
1,3394
1,3373
1,8931
1,6848
1,8716
1,6896
1,6769
1,6697000000000002
1,6647
1,664
1,6658
1,8576000000000001
1,6673
1,6685
1,8205
1,6791
1,6737
1,673
1,6126999999999998
1,6778
1,7873999999999999
1,6769
1,6726
1,9183
1,9935
2,4349
1,4971999999999999
1,5348
2,8895
1,3356
1,3783999999999998
1,6668
1,6628
2,6178999999999997
2,4082
2,1028000000000002
1,6755
1,7948
1,6652
1,6676
1,6612
1,8886
1,7195
1,6038999999999999
1,6647
1,6655000000000002
1,8911
1,6421999999999999
1,7173
1,8227
1,3292
1,6252
1,3982
2,1736
2,1079
2,7112
2,132
3,3348
1,3718000000000001
1,6069
1,3986999999999998
1,3343
1,6905
1,3433
1,9764000000000002
1,3502
1,3397000000000001
1,6260999999999999
1,6677
1,9949999999999999
1,6718
1,6631
1,659
1,6764
1,6634
1,6615
1,6612
1,6599
1,7355
2,1666
1,7785
1,9315
1,6943
1,6658
1,6627
1,6626
1,6681000000000001
2,0666
2,2298999999999998
1,7385
1,3573000000000002
1,6337000000000002
2,7631
1,32
1,3745
1,665
2,2375
2,1728
2,5695
2,1284
1,666
1,6720000000000002
1,6663999999999999
1,6685
1,9253
1,6745
1,9369999999999998
1,625
1,803
1,6768
1,6707
1,8095999999999999
1,7161
1,8708
1,3414
1,3443
1,5974
2,2332
2,2274
2,106
2,1026000000000002
3,2461
1,3477000000000001
1,3567
1,6080999999999999
1,3774
2,3005
1,4302
1,3492
1,3368
1,3572
1,7309999999999999
1,6763
1,6746
1,8818000000000001
1,6756
1,6929
1,6621
1,6601000000000001
1,6657
1,7411
1,6647999999999998
1,6017
1,668
1,8887
1,7007999999999999
1,6075
1,6662000000000001
1,6663
1,6677
1,7953000000000001
1,9289
1,7139
1,6586999999999998
1,6248
1,3616
2,7587
1,3263
1,3824
2,3706
1,666
1,8155999999999999
2,2991
2,4007
1,6905
1,6696
1,6688
1,8550000000000002
1,6678000000000002
1,8376
1,685
1,6200999999999999
1,9133
1,6818
1,6726
1,6256000000000002
1,9176
1,8451
1,345
1,3472
1,3633
3,0669
2,4048
2,2326
2,3188000000000004
3,5068
1,4198
1,4071
1,4009999999999998
1,5353
1,7821
1,3741
1,3465
1,7048
1,7482000000000002
1,6091
1,6161
1,6188
1,6315
1,7319
1,7421
1,6311
1,6292
1,7426
1,6229
1,6219
1,5693000000000001
1,6191
1,7226
1,7866
1,6607
1,6272
1,7886
1,6337000000000002
1,6287
1,8787
1,6720000000000002
1,6255
1,3396000000000001
1,4429
3,0453
1,42
1,3691
1,6175
1,6171
1,7731
2,1856000000000004
2,205
1,8539999999999999
1,6387
2,0149
1,7562
1,6174
1,6247
1,6207
1,5756
1,6178
1,6238
1,9681
1,8863
1,6038000000000001
1,5957000000000001
1,328
1,3439
1,3403
2,043
2,0046
2,0018000000000002
2,2661000000000002
3,4454
1,3399
1,3373
1,3332000000000002
1,3742999999999999
1,7164000000000001
1,3497
1,3395
1,4896
1,5431
1,5913
1,6148
1,6173
1,6133
1,6373
1,6158
1,6191
1,6165
1,7139
2,2915
1,7964
1,7029
1,6097
1,6322
1,6124
1,5652000000000001
1,6179000000000001
1,6182
2,0243
1,6366
1,6209
1,6154
1,6153
1,3719
1,3317999999999999
2,8366
1,3198999999999999
1,3684
2,1269
1,6421999999999999
1,7902
2,1795
2,0339
1,6341999999999999
1,8616
1,6607
1,8165
1,824
1,6277
1,6283999999999998
1,5709
2,1841999999999997
1,6287999999999998
1,6211000000000002
1,5955
1,6027
1,6156
1,5817999999999999
1,3812
1,3457000000000001
2,0221
2,189
2,0094000000000003
2,0193
3,2534
1,5753
1,3983
1,3494
1,3351000000000002
1,8447
1,3652
1,3439
1,345
1,3388
1,6292
1,8512
1,8999
1,6254
1,6167
1,7133
1,6263
1,6238
1,6208
1,6235
1,7072
1,5747
1,8580999999999999
1,6368
1,6315
2,1569
1,6280000000000001
1,6337000000000002
1,6282
1,7335
1,6315
1,6467999999999998
1,9978
1,6169
1,3626
2,7926
1,3401999999999998
1,4172
1,7551
1,6352
1,7806
2,4534000000000002
2,0761
1,638
1,6379000000000001
1,6345999999999998
1,6296
1,8595000000000002
1,6525999999999998
1,6512
1,8018
1,6656
1,6674
1,6579
1,6129
1,6276000000000002
2,065
1,8286
1,3612
1,3461
2,4099999999999997
2,1376
2,0784000000000002
2,0814000000000004
3,3425
1,3542
1,3397999999999999
1,3383
1,33
2,0181
1,3963999999999999
1,3401999999999998
1,3426
1,3401999999999998
1,6203999999999998
1,7885
1,6520000000000001
1,6434
1,6505
1,8879000000000001
1,665
1,6551
1,6522
1,6496
1,7503
1,5925
1,6599
1,6939
1,6512
1,8619
1,6755
1,6652
1,841
1,7595
1,8335000000000001
1,6826
1,6522
1,3419
1,3696
3,1034
1,3364
1,3733
1,7722
1,8534000000000002
1,8840000000000001
2,4553000000000003
2,2499
1,8772000000000002
1,6788
1,6591
1,6753
1,8629
1,6774
1,6677
1,6088
1,7024
1,6785
1,8997
1,6496
1,6856
1,9163999999999999
1,3388
1,3465
1,3395
2,1713999999999998
2,1677
2,3549
2,145
3,2972
1,3669
1,3427
1,335
1,3520999999999999
1,7145000000000001
1,3508
1,3417
1,5968
1,3854
1,6152
2,2544
1,9947
